Date,2020-12-01 07:22:24
Filename,STFMK-20201105-LW19-1941_20201201_072224_004.dat
Data Label,벨트느슨함
Label_No,04
Motor Spec,R-EF-05, 1760,2.2, 4.7,
Period,3SEC
Sample Rate,4000
RMS,0.007180,
Data Length,12000,
0,-0.0040298686,
0.00025,-0.0026226344,
0.0005,-0.0005113055,
0.00075,0.0005146170,
0.001,0.0037911816,
0.00125,-0.0065723755,
0.0015,-0.0000203737,
0.00175,0.0051254202,
0.002,-0.0067931963,
0.00225,-0.0000322628,
0.0025,0.0060377428,
0.00275,-0.0004781428,
0.003,0.0032571901,
0.00325,0.0017658387,
0.0035,0.0128372628,
0.00375,0.0076762969,
0.004,-0.0028961096,
0.00425,0.0126245767,
0.0045,0.0115216915,
0.00475,-0.0010231893,
0.005,0.0084847007,
0.00525,0.0100720897,
0.0055,0.0116810845,
0.00575,0.0022875713,
0.006,0.0033517475,
0.00625,0.0206057876,
0.0065,0.0080104899,
0.00675,0.0004248905,
0.007,0.0108244773,
0.00725,0.0113225356,
0.0075,0.0020888273,
0.00775,-0.0024370051,
0.008,0.0057802182,
0.00825,0.0109762084,
0.0085,-0.0055653695,
0.00875,-0.0010671683,
0.009,0.0104985684,
0.00925,0.0016998213,
0.0095,-0.0073056668,
0.00975,-0.0018280902,
0.01,0.0050276415,
0.01025,-0.0032106619,
0.0105,-0.0116137825,
0.01075,-0.0001648288,
0.011,0.0022533876,
0.01125,-0.0053484747,
0.0115,-0.0055476441,
0.01175,0.0051437882,
0.012,-0.0001040922,
0.01225,-0.0059694243,
0.0125,-0.0015494385,
0.01275,0.0015235494,
0.013,-0.0010560821,
0.01325,-0.0034790181,
0.0135,-0.0012723898,
0.01375,-0.0008643516,
0.014,-0.0044802511,
0.01425,-0.0048490809,
0.0145,-0.0031275863,
0.01475,-0.0040884046,
0.015,-0.0071422271,
0.01525,-0.0019599504,
0.0155,-0.0085500758,
0.01575,-0.0043439236,
0.016,-0.0041256989,
0.01625,-0.0096970554,
0.0165,-0.0003401763,
0.01675,-0.0067560086,
0.017,-0.0050059417,
0.01725,-0.0030793997,
0.0175,-0.0088948254,
0.01775,-0.0026119947,
0.018,-0.0016203332,
0.01825,-0.0081319539,
0.0185,-0.0033411607,
0.01875,-0.0041963421,
0.019,-0.0019123418,
0.01925,-0.0044674058,
0.0195,-0.0098671094,
0.01975,-0.0015592917,
0.02,-0.0009095717,
0.02025,-0.0101458384,
0.0205,0.0024217055,
0.02075,-0.0011593434,
0.021,0.0038384623,
0.02125,-0.0033485638,
0.0215,-0.0025402270,
0.02175,0.0110348919,
0.022,-0.0029595380,
0.02225,-0.0065181814,
0.0225,0.0064820009,
0.02275,0.0018182301,
0.023,-0.0003733945,
0.02325,-0.0024013645,
0.0235,0.0037097456,
0.02375,0.0075135920,
0.024,-0.0080463365,
0.02425,-0.0055240346,
0.0245,0.0033057649,
0.02475,-0.0091177365,
0.025,-0.0114254793,
0.02525,-0.0065777260,
0.0255,-0.0001802889,
0.02575,-0.0039198184,
0.026,-0.0101961680,
0.02625,-0.0000811186,
0.0265,0.0005062564,
0.02675,-0.0093381777,
0.027,-0.0063539445,
0.02725,-0.0069032866,
0.0275,-0.0043340623,
0.02775,-0.0111815259,
0.028,-0.0097403070,
0.02825,0.0007964784,
0.0285,-0.0084335646,
0.02875,-0.0107238460,
0.029,-0.0016243121,
0.02925,-0.0039239782,
0.0295,-0.0053008827,
0.02975,-0.0068696151,
0.03,-0.0092096888,
0.03025,-0.0007614784,
0.0305,-0.0114522744,
0.03075,-0.0072355703,
0.031,0.0052845627,
0.03125,-0.0068006460,
0.0315,-0.0014213491,
0.03175,0.0041781627,
0.032,0.0004359025,
0.03225,-0.0042363037,
0.0325,-0.0059582437,
0.03275,-0.0037326152,
0.033,-0.0081026591,
0.03325,-0.0101062739,
0.0335,-0.0001541275,
0.03375,-0.0016916754,
0.034,-0.0073291119,
0.03425,0.0011880054,
0.0345,0.0058803158,
0.03475,-0.0019230036,
0.035,-0.0074218581,
0.03525,-0.0005136054,
0.0355,0.0016998900,
0.03575,-0.0062785675,
0.036,-0.0016490621,
0.03625,0.0125503074,
0.0365,0.0067649344,
0.03675,0.0017127696,
0.037,0.0091849379,
0.03725,0.0190338604,
0.0375,0.0032600213,
0.03775,-0.0001522276,
0.038,0.0096304882,
0.03825,0.0101961745,
0.0385,-0.0003371139,
0.03875,0.0019088709,
0.039,0.0164960362,
0.03925,0.0104666259,
0.0395,0.0013285845,
0.03975,0.0121591194,
0.04,0.0172425155,
0.04025,0.0063639190,
0.0405,0.0023730102,
0.04075,0.0068776598,
0.041,0.0159324780,
0.04125,0.0021994212,
0.0415,-0.0027607649,
0.04175,0.0164870881,
0.042,0.0094953533,
0.04225,-0.0030571185,
0.0425,0.0080064181,
0.04275,0.0086031873,
0.043,0.0005544321,
0.04325,-0.0065547233,
0.0435,-0.0006427569,
0.04375,0.0090592019,
0.044,-0.0075064204,
0.04425,-0.0068473485,
0.0445,0.0129441274,
0.04475,0.0012123404,
0.045,-0.0013564829,
0.04525,0.0040651150,
0.0455,0.0010114816,
0.04575,0.0013943634,
0.046,-0.0049382267,
0.04625,0.0008971680,
0.0465,0.0083381440,
0.04675,-0.0076995259,
0.047,0.0009779752,
0.04725,0.0019999787,
0.0475,-0.0069802459,
0.04775,-0.0005901709,
0.048,-0.0037292051,
0.04825,-0.0054136598,
0.0485,-0.0009516932,
0.04875,-0.0045438609,
0.049,0.0015511458,
0.04925,-0.0056967363,
0.0495,-0.0079064127,
0.04975,0.0017027764,
0.05,-0.0055543333,
0.05025,-0.0084852697,
0.0505,-0.0017493495,
0.05075,-0.0055630687,
0.051,-0.0041042920,
0.05125,-0.0063475240,
0.0515,-0.0001751239,
0.05175,0.0048374929,
0.052,-0.0080734128,
0.05225,-0.0053574806,
0.0525,0.0045422749,
0.05275,-0.0015459397,
0.053,-0.0032089406,
0.05325,-0.0026500260,
0.0535,0.0037374897,
0.05375,0.0073358295,
0.054,-0.0032966472,
0.05425,0.0065952823,
0.0545,0.0115843127,
0.05475,0.0002924452,
0.055,0.0010689176,
0.05525,0.0038081824,
0.0555,0.0067050364,
0.05575,0.0018501276,
0.056,-0.0038185541,
0.05625,0.0072815944,
0.0565,0.0080766501,
0.05675,-0.0025119018,
0.057,0.0017286963,
0.05725,0.0088743046,
0.0575,-0.0050086100,
0.05775,-0.0068106558,
0.058,-0.0076913484,
0.05825,-0.0042882897,
0.0585,-0.0114434855,
0.05875,-0.0120146284,
0.059,0.0009684267,
0.05925,0.0009300621,
0.0595,-0.0095855771,
0.05975,-0.0061120540,
0.06,-0.0026990441,
0.06025,-0.0021006051,
0.0605,-0.0115192821,
0.06075,-0.0082331924,
0.061,0.0026697610,
0.06125,-0.0040858211,
0.0615,-0.0090451613,
0.06175,0.0048373165,
0.062,0.0061890194,
0.06225,-0.0052879909,
0.0625,-0.0023633186,
0.06275,0.0048480458,
0.063,0.0079108663,
0.06325,-0.0026249096,
0.0635,-0.0044563059,
0.06375,0.0075029247,
0.064,-0.0030083847,
0.06425,-0.0032012793,
0.0645,0.0026175068,
0.06475,0.0011439977,
0.065,-0.0037055861,
0.06525,-0.0026732273,
0.0655,-0.0018193690,
0.06575,0.0032481793,
0.066,-0.0051738811,
0.06625,-0.0020340665,
0.0665,0.0032105194,
0.06675,-0.0050545521,
0.067,0.0028108396,
0.06725,0.0024618243,
0.0675,-0.0004006707,
0.06775,0.0018016103,
0.068,0.0036064677,
0.06825,0.0092434455,
0.0685,0.0013733101,
0.06875,-0.0019312795,
0.069,0.0127098579,
0.06925,0.0066717244,
0.0695,0.0025799836,
0.06975,0.0122793214,
0.07,0.0137970122,
0.07025,0.0103732934,
0.0705,0.0093401419,
0.07075,0.0156409536,
0.071,0.0265880823,
0.07125,0.0067836326,
0.0715,0.0072609279,
0.07175,0.0206715595,
0.072,0.0103621334,
0.07225,0.0082099466,
0.0725,0.0117255459,
0.07275,0.0189181864,
0.073,0.0163835213,
0.07325,0.0055297273,
0.0735,0.0158797354,
0.07375,0.0208326355,
0.074,0.0042725750,
0.07425,0.0007185281,
0.0745,0.0149831753,
0.07475,0.0093859853,
0.075,0.0010988133,
0.07525,0.0052489815,
0.0755,0.0160588864,
0.07575,0.0075281095,
0.076,-0.0025482685,
0.07625,0.0100189485,
0.0765,0.0122183505,
0.07675,-0.0014696834,
0.077,0.0028817602,
0.07725,0.0106152464,
0.0775,0.0101239895,
0.07775,-0.0011140202,
0.078,0.0037918147,
0.07825,0.0149439378,
0.0785,0.0082331970,
0.07875,0.0003993134,
0.079,0.0072733015,
0.07925,0.0124911778,
0.0795,0.0049327696,
0.07975,0.0054900167,
0.08,0.0090572508,
0.08025,0.0073205642,
0.0805,0.0008530172,
0.08075,0.0008359888,
0.081,0.0077756955,
0.08125,0.0078928070,
0.0815,0.0006911373,
0.08175,0.0007187265,
0.082,0.0006508166,
0.08225,-0.0055085039,
0.0825,-0.0006539230,
0.08275,-0.0051196204,
0.083,-0.0055112932,
0.08325,-0.0035063410,
0.0835,-0.0074023437,
0.08375,-0.0031869777,
0.084,-0.0023943016,
0.08425,-0.0060224803,
0.0845,-0.0002418749,
0.08475,-0.0055038785,
0.085,-0.0081706448,
0.08525,0.0025335671,
0.0855,-0.0039097946,
0.08575,-0.0038765306,
0.086,-0.0031516906,
0.08625,0.0002407376,
0.0865,0.0048591364,
0.08675,-0.0089943828,
0.087,-0.0005276782,
0.08725,0.0091828378,
0.0875,-0.0053311982,
0.08775,-0.0026262943,
0.088,0.0012855117,
0.08825,0.0033657437,
0.0885,-0.0012688973,
0.08875,-0.0114357611,
0.089,0.0039810496,
0.08925,0.0053581106,
0.0895,-0.0147815682,
0.08975,-0.0031909123,
0.09,0.0076491223,
0.09025,-0.0047149207,
0.0905,-0.0091324449,
0.09075,-0.0077176648,
0.091,0.0021051294,
0.09125,-0.0094033061,
0.0915,-0.0171093121,
0.09175,0.0027012567,
0.092,-0.0026467545,
0.09225,-0.0155306244,
0.0925,-0.0107475910,
0.09275,-0.0027665542,
0.093,-0.0093661379,
0.09325,-0.0180567000,
0.0935,-0.0157762747,
0.09375,-0.0036491968,
0.094,-0.0165750459,
0.09425,-0.0201597400,
0.0945,-0.0097088860,
0.09475,-0.0090099303,
0.095,-0.0160552990,
0.09525,-0.0185436066,
0.0955,-0.0056587365,
0.09575,-0.0052093570,
0.096,-0.0209932495,
0.09625,-0.0093606124,
0.0965,-0.0059658499,
0.09675,-0.0115019232,
0.097,-0.0130042043,
0.09725,-0.0085056443,
0.0975,-0.0001402243,
0.09775,-0.0065220245,
0.098,-0.0110660130,
0.09825,0.0013963419,
0.0985,0.0007745944,
0.09875,-0.0060918787,
0.099,-0.0027225255,
0.09925,0.0006375086,
0.0995,-0.0012469403,
0.09975,-0.0067780470,
0.1,-0.0042033191,
0.10025,0.0031820415,
0.1005,-0.0029515307,
0.10075,-0.0024988221,
0.101,0.0014566921,
0.10125,-0.0040382762,
0.1015,-0.0042460803,
0.10175,-0.0043896479,
0.102,0.0008874124,
0.10225,-0.0070705907,
0.1025,-0.0027820282,
0.10275,0.0043962481,
0.103,-0.0021989793,
0.10325,-0.0024796207,
0.1035,0.0054299622,
0.10375,0.0072976686,
0.104,0.0008734163,
0.10425,0.0031336772,
0.1045,0.0141651873,
0.10475,0.0100474525,
0.105,-0.0020341943,
0.10525,0.0046926690,
0.1055,0.0178621355,
0.10575,0.0037197252,
0.106,0.0042680632,
0.10625,0.0164797697,
0.1065,0.0194890164,
0.10675,0.0073833289,
0.107,0.0067229872,
0.10725,0.0198927354,
0.1075,0.0110479929,
0.10775,0.0038819173,
0.108,0.0036588511,
0.10825,0.0135781243,
0.1085,0.0098133814,
0.10875,0.0012742139,
0.109,0.0127433520,
0.10925,0.0194353685,
0.1095,0.0016841155,
0.10975,0.0060903514,
0.11,0.0099882875,
0.11025,0.0065537700,
0.1105,-0.0002548103,
0.11075,-0.0017618802,
0.111,0.0099079832,
0.11125,0.0047934288,
0.1115,-0.0051287869,
0.11175,0.0074884696,
0.112,0.0096498439,
0.11225,-0.0027421601,
0.1125,0.0026758527,
0.11275,0.0031108956,
0.113,0.0069024209,
0.11325,-0.0011982089,
0.1135,-0.0016098071,
0.11375,0.0129981143,
0.114,0.0043177810,
0.11425,-0.0038995738,
0.1145,0.0099128745,
0.11475,0.0078262938,
0.115,0.0047717942,
0.11525,0.0025853557,
0.1155,0.0031082048,
0.11575,0.0092946393,
0.116,-0.0057463697,
0.11625,-0.0022827075,
0.1165,0.0103669669,
0.11675,-0.0024744924,
0.117,0.0014848645,
0.11725,0.0046005980,
0.1175,0.0009307251,
0.11775,0.0045937491,
0.118,-0.0039614001,
0.11825,0.0019377153,
0.1185,-0.0001587474,
0.11875,-0.0068958318,
0.119,0.0050158584,
0.11925,0.0013170883,
0.1195,-0.0069910050,
0.11975,0.0013257060,
0.12,0.0011519215,
0.12025,0.0001967414,
0.1205,-0.0026939113,
0.12075,-0.0011144107,
0.121,0.0058963383,
0.12125,-0.0046569286,
0.1215,-0.0051333732,
0.12175,0.0050207684,
0.122,-0.0011935809,
0.12225,-0.0043484326,
0.1225,-0.0061515821,
0.12275,0.0032997704,
0.123,0.0032399180,
0.12325,-0.0082445154,
0.1235,0.0012469426,
0.12375,0.0060046972,
0.124,-0.0029358929,
0.12425,-0.0112444898,
0.1245,0.0009864967,
0.12475,0.0011829677,
0.125,-0.0067925924,
0.12525,-0.0101755559,
0.1255,0.0029530607,
0.12575,0.0000944852,
0.126,-0.0110247750,
0.12625,-0.0080808224,
0.1265,0.0016123797,
0.12675,-0.0044318018,
0.127,-0.0149319172,
0.12725,-0.0086162901,
0.1275,0.0013659908,
0.12775,-0.0085074911,
0.128,-0.0109449783,
0.12825,-0.0039046346,
0.1285,0.0024508056,
0.12875,-0.0118645374,
0.129,-0.0139611689,
0.12925,-0.0006834523,
0.1295,-0.0026997672,
0.12975,-0.0186381154,
0.13,-0.0101540424,
0.13025,-0.0071068406,
0.1305,-0.0114871571,
0.13075,-0.0140109481,
0.131,-0.0152704539,
0.13125,-0.0036528290,
0.1315,-0.0127678504,
0.13175,-0.0177590158,
0.132,-0.0047448156,
0.13225,-0.0090898592,
0.1325,-0.0129230693,
0.13275,-0.0135194743,
0.133,-0.0102708871,
0.13325,-0.0033651977,
0.1335,-0.0131488871,
0.13375,-0.0084669227,
0.134,0.0043563801,
0.13425,-0.0074223541,
0.1345,-0.0021975741,
0.13475,0.0017680315,
0.135,-0.0039419774,
0.13525,0.0026707256,
0.1355,-0.0031809933,
0.13575,0.0039365240,
0.136,0.0070273182,
0.13625,-0.0023372585,
0.1365,0.0079910662,
0.13675,0.0065339194,
0.137,0.0022031597,
0.13725,0.0126050245,
0.1375,0.0048963595,
0.13775,0.0069973227,
0.138,0.0017634301,
0.13825,0.0033048592,
0.1385,0.0084977895,
0.13875,-0.0029836758,
0.139,-0.0009630827,
0.13925,0.0104799066,
0.1395,-0.0010281858,
0.13975,0.0002217229,
0.14,0.0085169869,
0.14025,0.0048789419,
0.1405,0.0019896168,
0.14075,-0.0068322578,
0.141,0.0025755591,
0.14125,0.0073942053,
0.1415,-0.0104400907,
0.14175,-0.0033773985,
0.142,0.0091382423,
0.14225,0.0007283671,
0.1425,-0.0022821689,
0.14275,0.0026069360,
0.143,0.0074863662,
0.14325,0.0060360641,
0.1435,-0.0081756208,
0.14375,0.0100024501,
0.144,0.0119338455,
0.14425,-0.0021933941,
0.1445,0.0046914951,
0.14475,0.0123768495,
0.145,0.0100229913,
0.14525,0.0007574813,
0.1455,0.0020983531,
0.14575,0.0129239112,
0.146,0.0061824163,
0.14625,-0.0004535711,
0.1465,0.0086614368,
0.14675,0.0076768128,
0.147,-0.0007232561,
0.14725,-0.0037823929,
0.1475,0.0046215770,
0.14775,0.0037586237,
0.148,-0.0074744453,
0.14825,-0.0032521971,
0.1485,0.0069004414,
0.14875,-0.0034327814,
0.149,-0.0051903296,
0.14925,0.0007321022,
0.1495,-0.0021707716,
0.14975,-0.0074368990,
0.15,-0.0058671762,
0.15025,0.0001636187,
0.1505,0.0006800003,
0.15075,-0.0054755630,
0.151,-0.0002816458,
0.15125,0.0082891192,
0.1515,-0.0012097781,
0.15175,-0.0019285164,
0.152,0.0058593582,
0.15225,0.0003724197,
0.1525,-0.0008887749,
0.15275,0.0039141690,
0.153,0.0066412357,
0.15325,0.0083461255,
0.1535,0.0019110296,
0.15375,0.0099075716,
0.154,0.0167280659,
0.15425,0.0025544178,
0.1545,0.0054994407,
0.15475,0.0106147211,
0.155,0.0023620666,
0.15525,0.0008890082,
0.1555,0.0042405012,
0.15575,0.0058550537,
0.156,0.0064781518,
0.15625,-0.0047696312,
0.1565,0.0074705859,
0.15675,0.0080650719,
0.157,-0.0049708509,
0.15725,-0.0001195655,
0.1575,0.0022863948,
0.15775,-0.0023766626,
0.158,-0.0078057768,
0.15825,-0.0072993431,
0.1585,0.0035580290,
0.15875,-0.0019410417,
0.159,-0.0128582297,
0.15925,0.0023484514,
0.1595,0.0002030958,
0.15975,-0.0128849214,
0.16,-0.0079797041,
0.16025,-0.0030576470,
0.1605,-0.0023651167,
0.16075,-0.0106874574,
0.161,-0.0110658165,
0.16125,0.0059710266,
0.1615,-0.0023642385,
0.16175,-0.0094623268,
0.162,0.0037401384,
0.16225,0.0032612903,
0.1625,-0.0030876754,
0.16275,-0.0044484478,
0.163,0.0031351543,
0.16325,0.0070739915,
0.1635,-0.0081370268,
0.16375,-0.0038811818,
0.164,0.0109375175,
0.16425,0.0004755503,
0.1645,-0.0061774976,
0.16475,0.0009435666,
0.165,0.0038014094,
0.16525,-0.0015192842,
0.1655,-0.0089738173,
0.16575,0.0013998915,
0.166,0.0040581035,
0.16625,-0.0091410587,
0.1665,-0.0045760004,
0.16675,0.0038736514,
0.167,0.0006037126,
0.16725,-0.0045534144,
0.1675,-0.0000043456,
0.16775,0.0069542928,
0.168,-0.0007801342,
0.16825,0.0002609504,
0.1685,0.0024564553,
0.16875,0.0061671427,
0.169,-0.0016150657,
0.16925,0.0000782890,
0.1695,0.0067021111,
0.16975,0.0050070365,
0.17,0.0001336955,
0.17025,0.0076723527,
0.1705,0.0095977355,
0.17075,0.0062105018,
0.171,0.0060592359,
0.17125,0.0090310797,
0.1715,0.0098842522,
0.17175,-0.0000191139,
0.172,0.0069535933,
0.17225,0.0163873509,
0.1725,0.0069413166,
0.17275,0.0079062125,
0.173,0.0163099933,
0.17325,0.0139462156,
0.1735,0.0072155055,
0.17375,0.0087730670,
0.174,0.0141327437,
0.17425,0.0074553541,
0.1745,0.0007957017,
0.17475,0.0087266304,
0.175,0.0112477923,
0.17525,-0.0005725187,
0.1755,0.0018456834,
0.17575,0.0067261658,
0.176,0.0036707774,
0.17625,-0.0084544355,
0.1765,-0.0048224847,
0.17675,0.0078875469,
0.177,-0.0025217326,
0.17725,-0.0102150682,
0.1775,0.0052168649,
0.17775,0.0027620650,
0.178,-0.0059567150,
0.17825,-0.0063950485,
0.1785,0.0047712727,
0.17875,0.0033267403,
0.179,-0.0123111261,
0.17925,-0.0027703405,
0.1795,0.0126835834,
0.17975,-0.0009420515,
0.18,-0.0044742678,
0.18025,0.0043644095,
0.1805,0.0070395418,
0.18075,0.0011643162,
0.181,-0.0070856349,
0.18125,0.0108593097,
0.1815,0.0120860636,
0.18175,-0.0088700224,
0.182,0.0009214756,
0.18225,0.0094439173,
0.1825,-0.0000253805,
0.18275,-0.0080275554,
0.183,-0.0021370016,
0.18325,0.0056585502,
0.1835,-0.0078302575,
0.18375,-0.0119106974,
0.184,0.0045541604,
0.18425,-0.0019056841,
0.1845,-0.0133489612,
0.18475,-0.0052851941,
0.185,-0.0038724267,
0.18525,-0.0052981772,
0.1855,-0.0138839800,
0.18575,-0.0108492607,
0.186,-0.0010484626,
0.18625,-0.0130951228,
0.1865,-0.0128799062,
0.18675,-0.0001887674,
0.187,-0.0044159447,
0.18725,-0.0079289600,
0.1875,-0.0041682632,
0.18775,-0.0012950334,
0.188,-0.0029907925,
0.18825,-0.0088867955,
0.1885,-0.0054297224,
0.18875,-0.0006424065,
0.189,-0.0054894616,
0.18925,-0.0055262959,
0.1895,-0.0014290541,
0.18975,-0.0006761093,
0.19,-0.0012434331,
0.19025,-0.0049123438,
0.1905,0.0006827464,
0.19075,-0.0032796552,
0.191,-0.0111779328,
0.19125,-0.0043981993,
0.1915,-0.0051631304,
0.19175,-0.0082879784,
0.192,-0.0092761917,
0.19225,-0.0047410671,
0.1925,-0.0038071829,
0.19275,-0.0159964673,
0.193,-0.0114378612,
0.19325,-0.0067437440,
0.1935,-0.0208227821,
0.19375,-0.0223699771,
0.194,-0.0134637384,
0.19425,-0.0117242672,
0.1945,-0.0215437040,
0.19475,-0.0193737000,
0.195,-0.0089424290,
0.19525,-0.0135409655,
0.1955,-0.0227437466,
0.19575,-0.0131043093,
0.196,-0.0078376429,
0.19625,-0.0168497823,
0.1965,-0.0240473542,
0.19675,-0.0103681106,
0.197,-0.0046968064,
0.19725,-0.0186147206,
0.1975,-0.0117796324,
0.19775,-0.0020865386,
0.198,-0.0071296836,
0.19825,-0.0109479679,
0.1985,-0.0077756196,
0.19875,0.0009334792,
0.199,-0.0042299037,
0.19925,-0.0132592674,
0.1995,-0.0003473632,
0.19975,0.0033613562,
0.2,-0.0070797675,
0.20025,-0.0003706093,
0.2005,0.0031761162,
0.20075,0.0038651810,
0.201,-0.0018281740,
0.20125,-0.0063161203,
0.2015,0.0094939945,
0.20175,-0.0010239159,
0.202,-0.0081514958,
0.20225,0.0077980831,
0.2025,0.0037234204,
0.20275,-0.0011470183,
0.203,0.0020213411,
0.20325,0.0032754720,
0.2035,0.0083127357,
0.20375,-0.0036273920,
0.204,0.0026534554,
0.20425,0.0148062091,
0.2045,0.0013888099,
0.20475,0.0016075538,
0.205,0.0112125510,
0.20525,0.0052742595,
0.2055,0.0051107625,
0.20575,0.0046232305,
0.206,0.0144002736,
0.20625,0.0130223064,
0.2065,-0.0006530269,
0.20675,0.0174006149,
0.207,0.0150082018,
0.20725,0.0022604354,
0.2075,0.0097325146,
0.20775,0.0110495472,
0.208,0.0055271499,
0.20825,0.0031981941,
0.2085,0.0030272161,
0.20875,0.0184492879,
0.209,0.0028105080,
0.20925,0.0023658443,
0.2095,0.0152578149,
0.20975,0.0066123800,
0.21,0.0008648301,
0.21025,0.0068348059,
0.2105,0.0059826979,
0.21075,0.0044910335,
0.211,-0.0020847800,
0.21125,0.0042500449,
0.2115,0.0101857772,
0.21175,-0.0028126976,
0.212,0.0005670777,
0.21225,0.0071359575,
0.2125,0.0027938378,
0.21275,-0.0039827572,
0.213,-0.0023329533,
0.21325,0.0024256664,
0.2135,-0.0009262320,
0.21375,-0.0108810375,
0.214,0.0010736194,
0.21425,0.0022708832,
0.2145,-0.0058908067,
0.21475,-0.0038716504,
0.215,0.0044945464,
0.21525,0.0070570111,
0.2155,-0.0081813596,
0.21575,-0.0058043520,
0.216,0.0083790198,
0.21625,-0.0016860210,
0.2165,-0.0082395189,
0.21675,0.0034089989,
0.217,0.0092103630,
0.21725,-0.0034830605,
0.2175,-0.0022330785,
0.21775,0.0066575892,
0.218,0.0094846804,
0.21825,-0.0032536497,
0.2185,-0.0039003943,
0.21875,0.0100336466,
0.219,0.0040697521,
0.21925,-0.0068359720,
0.2195,0.0029534067,
0.21975,0.0066567240,
0.22,-0.0006385046,
0.22025,-0.0034581623,
0.2205,0.0034134381,
0.22075,0.0053896233,
0.221,-0.0016673910,
0.22125,-0.0074281548,
0.2215,0.0008633798,
0.22175,-0.0043337895,
0.222,-0.0103390440,
0.22225,-0.0043890337,
0.2225,-0.0071677761,
0.22275,-0.0045552626,
0.223,-0.0060568219,
0.22325,-0.0099410946,
0.2235,0.0003501450,
0.22375,-0.0048404364,
0.224,-0.0071018334,
0.22425,-0.0041443850,
0.2245,-0.0067098672,
0.22475,-0.0069855880,
0.225,-0.0042391303,
0.22525,-0.0051388554,
0.2255,0.0024456379,
0.22575,-0.0051128031,
0.226,-0.0029940822,
0.22625,0.0011459985,
0.2265,-0.0091693597,
0.22675,0.0016175951,
0.227,-0.0009450779,
0.22725,-0.0130684767,
0.2275,-0.0041554007,
0.22775,-0.0049255146,
0.228,-0.0054361364,
0.22825,-0.0065504336,
0.2285,-0.0111798150,
0.22875,-0.0003766041,
0.229,-0.0068231598,
0.22925,-0.0141855199,
0.2295,0.0016008688,
0.22975,-0.0040635057,
0.23,-0.0177787784,
0.23025,-0.0087021375,
0.2305,-0.0098742526,
0.23075,-0.0029168143,
0.231,-0.0158591382,
0.23125,-0.0129573597,
0.2315,0.0026947362,
0.23175,-0.0099109942,
0.232,-0.0148840919,
0.23225,-0.0026885872,
0.2325,-0.0030592955,
0.23275,-0.0114500280,
0.233,-0.0126182958,
0.23325,0.0002144092,
0.2335,0.0038730190,
0.23375,-0.0065112342,
0.234,-0.0016972402,
0.23425,0.0080722338,
0.2345,0.0058841757,
0.23475,-0.0008974370,
0.235,0.0018945013,
0.23525,0.0108188782,
0.2355,0.0080003832,
0.23575,-0.0001507425,
0.236,0.0117337750,
0.23625,0.0129777808,
0.2365,0.0046276757,
0.23675,0.0064282008,
0.237,0.0129280016,
0.23725,0.0155657809,
0.2375,0.0052044811,
0.23775,0.0071914457,
0.238,0.0125005143,
0.23825,0.0097636553,
0.2385,0.0027993459,
0.23875,0.0049884240,
0.239,0.0088103358,
0.23925,0.0047753043,
0.2395,0.0020670716,
0.23975,0.0151244625,
0.24,0.0108314482,
0.24025,0.0011362655,
0.2405,0.0080668777,
0.24075,0.0044768150,
0.241,0.0030439473,
0.24125,0.0041383188,
0.2415,0.0028345410,
0.24175,0.0105718421,
0.242,0.0028332192,
0.24225,0.0048184814,
0.2425,0.0164496172,
0.24275,0.0024365329,
0.243,0.0032562928,
0.24325,0.0091503058,
0.2435,0.0033444806,
0.24375,0.0034411331,
0.244,0.0026943660,
0.24425,0.0067317896,
0.2445,0.0106593929,
0.24475,0.0011419277,
0.245,0.0128509309,
0.24525,0.0106834797,
0.2455,-0.0037873313,
0.24575,0.0052929213,
0.246,0.0057061575,
0.24625,0.0064026425,
0.2465,0.0009166934,
0.24675,0.0019064290,
0.247,0.0136234481,
0.24725,0.0000752093,
0.2475,-0.0042511178,
0.24775,0.0100579169,
0.248,-0.0001060680,
0.24825,-0.0056085000,
0.2485,-0.0048561818,
0.24875,0.0016738136,
0.249,0.0065550040,
0.24925,-0.0130644403,
0.2495,-0.0056609600,
0.24975,0.0103307944,
0.25,-0.0062203263,
0.25025,-0.0069787842,
0.2505,0.0005355745,
0.25075,0.0005647043,
0.251,-0.0014567281,
0.25125,-0.0112980101,
0.2515,0.0063613299,
0.25175,0.0102320639,
0.252,-0.0089573096,
0.25225,0.0008545466,
0.2525,0.0115325898,
0.25275,0.0025666617,
0.253,-0.0003438708,
0.25325,-0.0009667574,
0.2535,0.0116985980,
0.25375,0.0068094861,
0.254,-0.0035999203,
0.25425,0.0124834906,
0.2545,0.0140525308,
0.25475,0.0013936760,
0.255,0.0089146206,
0.25525,0.0058875037,
0.2555,0.0091178836,
0.25575,0.0003501029,
0.256,-0.0003855864,
0.25625,0.0078209341,
0.2565,0.0034436053,
0.25675,0.0004520165,
0.257,0.0023210598,
0.25725,-0.0018055598,
0.2575,0.0004749384,
0.25775,-0.0055020889,
0.258,-0.0082446951,
0.25825,-0.0027801455,
0.2585,-0.0104320254,
0.25875,-0.0038625777,
0.259,-0.0039510569,
0.25925,-0.0056921686,
0.2595,-0.0013602410,
0.25975,-0.0069180019,
0.26,-0.0073584616,
0.26025,-0.0059502665,
0.2605,-0.0093843490,
0.26075,-0.0067622196,
0.261,-0.0144313406,
0.26125,-0.0110789398,
0.2615,-0.0003921623,
0.26175,-0.0067589362,
0.262,-0.0100639602,
0.26225,0.0008931634,
0.2625,-0.0044643967,
0.26275,-0.0099397693,
0.263,-0.0081967618,
0.26325,-0.0004841410,
0.2635,-0.0002557939,
0.26375,-0.0162052568,
0.264,-0.0058784364,
0.26425,0.0079790400,
0.2645,-0.0087363105,
0.26475,-0.0106374463,
0.265,0.0014878814,
0.26525,0.0038660970,
0.2655,-0.0092977947,
0.26575,-0.0108443107,
0.266,0.0008093330,
0.26625,0.0007011560,
0.2665,-0.0178083554,
0.26675,-0.0068722949,
0.267,0.0056188712,
0.26725,-0.0072292979,
0.2675,-0.0114283348,
0.26775,-0.0043118680,
0.268,0.0060658753,
0.26825,-0.0036410722,
0.2685,-0.0120771267,
0.26875,0.0034960844,
0.269,0.0058947382,
0.26925,-0.0080337245,
0.2695,0.0023235795,
0.26975,0.0082095936,
0.27,0.0048643271,
0.27025,0.0033931998,
0.2705,0.0062925946,
0.27075,0.0146524757,
0.271,0.0125175333,
0.27125,-0.0017792978,
0.2715,0.0114109637,
0.27175,0.0111384140,
0.272,0.0061877947,
0.27225,0.0088807922,
0.2725,0.0088227643,
0.27275,0.0155818611,
0.273,0.0082789715,
0.27325,0.0052389265,
0.2735,0.0151798120,
0.27375,0.0097035551,
0.274,-0.0024058064,
0.27425,0.0081037041,
0.2745,0.0022846791,
0.27475,0.0001723820,
0.275,0.0019487788,
0.27525,-0.0001195987,
0.2755,0.0019709771,
0.27575,-0.0003820785,
0.276,0.0014640796,
0.27625,0.0045787422,
0.2765,-0.0053779418,
0.27675,0.0026649600,
0.277,0.0013731896,
0.27725,-0.0045311949,
0.2775,-0.0006991191,
0.27775,0.0016993689,
0.278,0.0028731241,
0.27825,0.0017180939,
0.2785,0.0037342212,
0.27875,0.0136078801,
0.279,0.0042642746,
0.27925,-0.0028247528,
0.2795,0.0108788908,
0.27975,0.0058345273,
0.28,0.0016122613,
0.28025,-0.0000612516,
0.2805,0.0053364662,
0.28075,0.0109599363,
0.281,-0.0012447881,
0.28125,0.0002039782,
0.2815,0.0087081427,
0.28175,0.0000089158,
0.282,-0.0089205652,
0.28225,-0.0053872955,
0.2825,0.0001442703,
0.28275,-0.0082528694,
0.283,-0.0132509051,
0.28325,-0.0050212252,
0.2835,0.0023765631,
0.28375,-0.0060941582,
0.284,-0.0083060972,
0.28425,0.0034186197,
0.2845,0.0023160568,
0.28475,-0.0099230055,
0.285,-0.0034268482,
0.28525,0.0064045070,
0.2855,-0.0015018715,
0.28575,-0.0074347528,
0.286,0.0017473844,
0.28625,0.0069912253,
0.2865,0.0012950434,
0.28675,-0.0064865332,
0.287,0.0058820210,
0.28725,0.0084670214,
0.2875,-0.0033945083,
0.28775,0.0010514167,
0.288,0.0079541933,
0.28825,0.0066708568,
0.2885,-0.0027080872,
0.28875,0.0034003789,
0.289,0.0088438671,
0.28925,0.0049068956,
0.2895,-0.0000606318,
0.28975,0.0059118844,
0.29,0.0071757729,
0.29025,0.0060248664,
0.2905,0.0029742126,
0.29075,-0.0030243504,
0.291,0.0045325356,
0.29125,-0.0017817176,
0.2915,-0.0069546262,
0.29175,-0.0034015724,
0.292,-0.0057525700,
0.29225,-0.0020031983,
0.2925,-0.0081862118,
0.29275,-0.0077544502,
0.293,0.0020633966,
0.29325,-0.0069488194,
0.2935,-0.0080378428,
0.29375,-0.0068788305,
0.294,-0.0057735918,
0.29425,0.0003479286,
0.2945,-0.0091259982,
0.29475,-0.0101246638,
0.295,0.0030607469,
0.29525,-0.0072313733,
0.2955,-0.0092320051,
0.29575,-0.0081401290,
0.296,-0.0007780093,
0.29625,-0.0017045047,
0.2965,-0.0157475863,
0.29675,-0.0080746841,
0.297,0.0013396924,
0.29725,-0.0154937422,
0.2975,-0.0125441104,
0.29775,-0.0035943391,
0.298,0.0006359433,
0.29825,-0.0049416842,
0.2985,-0.0121652195,
0.29875,0.0035344968,
0.299,0.0033893341,
0.29925,-0.0177998506,
0.2995,-0.0057452586,
0.29975,0.0013208687,
0.3,-0.0062375022,
0.30025,-0.0122877667,
0.3005,-0.0063112234,
0.30075,0.0067849895,
0.301,-0.0040404601,
0.30125,-0.0166698992,
0.3015,0.0041052126,
0.30175,0.0040387153,
0.302,-0.0104044145,
0.30225,-0.0054838858,
0.3025,0.0004322639,
0.30275,0.0038640974,
0.303,-0.0070680655,
0.30325,-0.0076791970,
0.3035,0.0104791960,
0.30375,0.0053807278,
0.304,-0.0078846514,
0.30425,0.0086709913,
0.3045,0.0105275549,
0.30475,0.0049028457,
0.305,-0.0008251896,
0.30525,-0.0018492708,
0.3055,0.0127936052,
0.30575,0.0021302295,
0.306,-0.0009442501,
0.30625,0.0096937325,
0.3065,0.0125900898,
0.30675,0.0039848685,
0.307,0.0047855736,
0.30725,0.0071707531,
0.3075,0.0057263155,
0.30775,-0.0005251191,
0.308,-0.0018762181,
0.30825,0.0041589779,
0.3085,0.0057762405,
0.30875,0.0011441498,
0.309,0.0030471841,
0.30925,0.0036412643,
0.3095,0.0012820646,
0.30975,0.0017927049,
0.31,-0.0045407745,
0.31025,-0.0042068246,
0.3105,-0.0034390921,
0.31075,-0.0075331512,
0.311,-0.0045967028,
0.31125,-0.0069150277,
0.3115,-0.0015273952,
0.31175,0.0003710543,
0.312,-0.0086182561,
0.31225,0.0001868087,
0.3125,0.0041591227,
0.31275,-0.0029014286,
0.313,-0.0026237955,
0.31325,-0.0006763161,
0.3135,-0.0000119632,
0.31375,-0.0013860324,
0.314,-0.0087524401,
0.31425,0.0069066100,
0.3145,0.0059318757,
0.31475,-0.0047004931,
0.315,0.0047170678,
0.31525,0.0067969463,
0.3155,-0.0019227425,
0.31575,-0.0017636783,
0.316,-0.0053668977,
0.31625,0.0083992584,
0.3165,-0.0033014023,
0.31675,-0.0091265943,
0.317,0.0096623031,
0.31725,0.0059432723,
0.3175,-0.0009385118,
0.31775,0.0023202351,
0.318,0.0013670754,
0.31825,0.0033110618,
0.3185,-0.0069929203,
0.31875,-0.0050595594,
0.319,0.0104174847,
0.31925,-0.0021156375,
0.3195,-0.0061923433,
0.31975,0.0068980358,
0.32,0.0049914601,
0.32025,0.0029164483,
0.3205,-0.0017748453,
0.32075,0.0013098898,
0.321,0.0100183748,
0.32125,-0.0065657878,
0.3215,0.0008405384,
0.32175,0.0071188994,
0.322,0.0021536837,
0.32225,0.0007486127,
0.3225,0.0000096588,
0.32275,0.0071077705,
0.323,0.0044041728,
0.32325,0.0008178663,
0.3235,0.0040324088,
0.32375,0.0069846218,
0.324,0.0039331350,
0.32425,0.0015404751,
0.3245,-0.0002243958,
0.32475,0.0051715914,
0.325,0.0013683114,
0.32525,-0.0024424349,
0.3255,0.0040306007,
0.32575,0.0032518452,
0.326,-0.0010382202,
0.32625,-0.0003978637,
0.3265,0.0002315262,
0.32675,0.0028637785,
0.327,-0.0029900772,
0.32725,-0.0053963815,
0.3275,-0.0004091965,
0.32775,-0.0014580861,
0.328,-0.0021716189,
0.32825,-0.0042064339,
0.3285,-0.0034221101,
0.32875,-0.0008821566,
0.329,-0.0019863716,
0.32925,-0.0056390860,
0.3295,-0.0005491810,
0.32975,-0.0011245852,
0.33,-0.0026763536,
0.33025,-0.0062646531,
0.3305,-0.0008771768,
0.33075,0.0035888676,
0.331,-0.0039959247,
0.33125,-0.0082766814,
0.3315,0.0011736555,
0.33175,0.0061668479,
0.332,-0.0070540565,
0.33225,-0.0077772522,
0.3325,0.0051642112,
0.33275,-0.0012914159,
0.333,-0.0115098981,
0.33325,-0.0039146943,
0.3335,0.0084125083,
0.33375,0.0034766998,
0.334,-0.0097035421,
0.33425,0.0055571920,
0.3345,0.0176640395,
0.33475,-0.0005724715,
0.335,-0.0037658450,
0.33525,0.0082791820,
0.3355,0.0149193546,
0.33575,0.0024521458,
0.336,-0.0050833123,
0.33625,0.0161432624,
0.3365,0.0209893752,
0.33675,-0.0026205466,
0.337,0.0068072584,
0.33725,0.0218759514,
0.3375,0.0104507413,
0.33775,0.0014601075,
0.338,0.0055274293,
0.33825,0.0196227357,
0.3385,0.0085564079,
0.33875,-0.0057013202,
0.339,0.0131443460,
0.33925,0.0148959737,
0.3395,0.0038847676,
0.33975,0.0054232986,
0.34,0.0085041644,
0.34025,0.0147997392,
0.3405,0.0037107954,
0.34075,-0.0004211305,
0.341,0.0179620087,
0.34125,0.0050778938,
0.3415,-0.0005736037,
0.34175,0.0087800063,
0.342,0.0087502478,
0.34225,0.0102024842,
0.3425,0.0084125008,
0.34275,0.0041098651,
0.343,0.0108902026,
0.34325,0.0062866812,
0.3435,0.0058190101,
0.34375,0.0099599287,
0.344,0.0003211638,
0.34425,0.0112842200,
0.3445,0.0051470730,
0.34475,0.0017222487,
0.345,0.0107885441,
0.34525,0.0081145363,
0.3455,0.0032545584,
0.34575,0.0009721454,
0.346,0.0036042181,
0.34625,0.0098376172,
0.3465,-0.0054053166,
0.34675,-0.0067008073,
0.347,0.0064358609,
0.34725,0.0010286445,
0.3475,-0.0071204822,
0.34775,-0.0044344100,
0.348,0.0014788081,
0.34825,0.0024137108,
0.3485,-0.0110156285,
0.34875,-0.0044952151,
0.349,0.0102066007,
0.34925,-0.0091930125,
0.3495,-0.0103675090,
0.34975,-0.0005449098,
0.35,0.0042854324,
0.35025,-0.0044158804,
0.3505,-0.0068349275,
0.35075,0.0057113315,
0.351,0.0090352809,
0.35125,-0.0033529704,
0.3515,-0.0003478640,
0.35175,0.0105033452,
0.352,0.0058129984,
0.35225,-0.0050247852,
0.3525,0.0054393923,
0.35275,0.0134234093,
0.353,0.0025077891,
0.35325,-0.0024450931,
0.3535,0.0060712365,
0.35375,0.0116507821,
0.354,0.0011456191,
0.35425,-0.0012193177,
0.3545,0.0089985393,
0.35475,0.0079691308,
0.355,-0.0058668684,
0.35525,0.0010279899,
0.3555,0.0056869532,
0.35575,0.0016553549,
0.356,-0.0058413553,
0.35625,-0.0023682194,
0.3565,0.0054997946,
0.35675,-0.0013261407,
0.357,-0.0087289270,
0.35725,-0.0043886313,
0.3575,-0.0067491326,
0.35775,-0.0039640339,
0.358,-0.0130164390,
0.35825,-0.0106672700,
0.3585,-0.0007732792,
0.35875,-0.0080569470,
0.359,-0.0090169124,
0.35925,-0.0036727143,
0.3595,-0.0057205041,
0.35975,-0.0032583978,
0.36,-0.0118178539,
0.36025,-0.0127912303,
0.3605,-0.0011072699,
0.36075,-0.0108169960,
0.361,-0.0121079534,
0.36125,-0.0049879118,
0.3615,-0.0048757885,
0.36175,0.0000213083,
0.362,-0.0115155149,
0.36225,-0.0103172390,
0.3625,0.0018832519,
0.36275,-0.0104011595,
0.363,-0.0122040063,
0.36325,-0.0085887825,
0.3635,-0.0058577433,
0.36375,-0.0068591479,
0.364,-0.0184197091,
0.36425,-0.0103795910,
0.3645,-0.0000870884,
0.36475,-0.0151721705,
0.365,-0.0168212559,
0.36525,-0.0085387202,
0.3655,-0.0069889221,
0.36575,-0.0131501257,
0.366,-0.0249151532,
0.36625,-0.0055025560,
0.3665,-0.0011643961,
0.36675,-0.0233741701,
0.367,-0.0090075256,
0.36725,0.0000672108,
0.3675,-0.0065384740,
0.36775,-0.0147565929,
0.368,-0.0105149709,
0.36825,0.0070232553,
0.3685,-0.0039946786,
0.36875,-0.0163712520,
0.369,0.0038105252,
0.36925,0.0110875927,
0.3695,-0.0037512425,
0.36975,-0.0062037483,
0.37,0.0073679313,
0.37025,0.0139055569,
0.3705,-0.0066210916,
0.37075,-0.0063397321,
0.371,0.0150784031,
0.37125,0.0008069123,
0.3715,-0.0085783079,
0.37175,-0.0001981106,
0.372,0.0089608263,
0.37225,0.0074733701,
0.3725,-0.0071601844,
0.37275,0.0021547866,
0.373,0.0147428745,
0.37325,0.0037036315,
0.3735,-0.0015309728,
0.37375,0.0051163440,
0.374,0.0087620327,
0.37425,0.0006423368,
0.3745,-0.0063410085,
0.37475,0.0039901109,
0.375,0.0070908852,
0.37525,-0.0016056182,
0.3755,-0.0014239947,
0.37575,0.0040905904,
0.376,0.0041217618,
0.37625,0.0026549352,
0.3765,-0.0033909492,
0.37675,0.0007247072,
0.377,0.0027386718,
0.37725,0.0003856112,
0.3775,0.0008110733,
0.37775,-0.0002306293,
0.378,0.0099430699,
0.37825,0.0049618362,
0.3785,0.0007562116,
0.37875,0.0058854367,
0.379,0.0135046225,
0.37925,0.0068779737,
0.3795,-0.0012710216,
0.37975,0.0054399930,
0.38,0.0115687968,
0.38025,0.0025967476,
0.3805,-0.0026456316,
0.38075,0.0123312008,
0.381,0.0094318241,
0.38125,0.0017655666,
0.3815,-0.0048220665,
0.38175,0.0109199332,
0.382,0.0092242612,
0.38225,-0.0124600101,
0.3825,0.0009275801,
0.38275,0.0106612546,
0.383,-0.0043927683,
0.38325,-0.0027340902,
0.3835,0.0036186399,
0.38375,0.0110783838,
0.384,0.0032848259,
0.38425,-0.0099115539,
0.3845,0.0098058432,
0.38475,0.0098131225,
0.385,-0.0090857781,
0.38525,0.0003873424,
0.3855,0.0061070602,
0.38575,0.0031936110,
0.386,-0.0033929255,
0.38625,-0.0068048490,
0.3865,0.0146735031,
0.38675,0.0038726502,
0.387,-0.0100962166,
0.38725,0.0080886446,
0.3875,0.0102910008,
0.38775,0.0069575203,
0.388,0.0008923889,
0.38825,0.0017087610,
0.3885,0.0138928778,
0.38875,0.0002906186,
0.389,-0.0078642704,
0.38925,0.0081487363,
0.3895,0.0031920141,
0.38975,-0.0007636776,
0.39,-0.0035918739,
0.39025,-0.0006270288,
0.3905,0.0092150914,
0.39075,-0.0073823119,
0.391,-0.0084459512,
0.39125,0.0002635285,
0.3915,-0.0074008163,
0.39175,-0.0065750340,
0.392,-0.0097675631,
0.39225,-0.0053290389,
0.3925,0.0030048788,
0.39275,-0.0112930834,
0.393,-0.0073181461,
0.39325,-0.0024201607,
0.3935,-0.0058712354,
0.39375,-0.0116473008,
0.394,-0.0126185045,
0.39425,-0.0054350309,
0.3945,-0.0047762757,
0.39475,-0.0141471485,
0.395,-0.0085168099,
0.39525,-0.0033314920,
0.3955,-0.0067456262,
0.39575,-0.0098312013,
0.396,-0.0103645772,
0.39625,-0.0053624199,
0.3965,-0.0086299796,
0.39675,-0.0178530272,
0.397,-0.0103984829,
0.39725,-0.0061778147,
0.3975,-0.0069492538,
0.39775,-0.0150599815,
0.398,-0.0061990931,
0.39825,-0.0007640734,
0.3985,-0.0057801022,
0.39875,-0.0160113461,
0.399,-0.0070316293,
0.39925,-0.0075246440,
0.3995,-0.0110360533,
0.39975,-0.0189475324,
0.4,-0.0074625500,
0.40025,0.0006201467,
0.4005,-0.0144631546,
0.40075,-0.0158289615,
0.401,-0.0002312227,
0.40125,-0.0000017835,
0.4015,-0.0119294142,
0.40175,-0.0164303016,
0.402,0.0049736486,
0.40225,0.0030089659,
0.4025,-0.0173603259,
0.40275,-0.0038721338,
0.403,0.0076138433,
0.40325,0.0036367637,
0.4035,-0.0097924201,
0.40375,-0.0038785508,
0.404,0.0151041765,
0.40425,0.0033942878,
0.4045,-0.0178557951,
0.40475,0.0107259694,
0.405,0.0078737559,
0.40525,-0.0056080148,
0.4055,-0.0047568842,
0.40575,0.0037208418,
0.406,0.0135918353,
0.40625,0.0010005169,
0.4065,-0.0058243722,
0.40675,0.0132443523,
0.407,0.0067993784,
0.40725,-0.0056155268,
0.4075,-0.0028733900,
0.40775,0.0027552529,
0.408,0.0068196487,
0.40825,-0.0079536093,
0.4085,-0.0017283240,
0.40875,0.0113118943,
0.409,0.0043697585,
0.40925,-0.0026449305,
0.4095,-0.0015634078,
0.40975,0.0026579362,
0.41,0.0068271714,
0.41025,-0.0104949493,
0.4105,-0.0047941906,
0.41075,0.0078827459,
0.411,-0.0038326473,
0.41125,-0.0024226694,
0.4115,-0.0007733863,
0.41175,0.0038908233,
0.412,0.0016130699,
0.41225,-0.0102743935,
0.4125,-0.0012030706,
0.41275,0.0086725354,
0.413,-0.0033785452,
0.41325,-0.0050167646,
0.4135,0.0005772279,
0.41375,0.0004163440,
0.414,0.0039302194,
0.41425,-0.0120539879,
0.4145,0.0011617495,
0.41475,0.0091362195,
0.415,-0.0068222317,
0.41525,-0.0036594723,
0.4155,0.0029354622,
0.41575,0.0090872673,
0.416,-0.0028521549,
0.41625,-0.0079640858,
0.4165,0.0098730978,
0.41675,0.0111244936,
0.417,-0.0077303033,
0.41725,0.0040958161,
0.4175,0.0122220023,
0.41775,0.0046788305,
0.418,-0.0020597377,
0.41825,-0.0015011935,
0.4185,0.0128763216,
0.41875,0.0048346468,
0.419,-0.0080799283,
0.41925,0.0103623699,
0.4195,0.0107396906,
0.41975,-0.0000776765,
0.42,0.0000309636,
0.42025,0.0082763135,
0.4205,0.0116221625,
0.42075,-0.0010648409,
0.421,0.0011962967,
0.42125,0.0090421513,
0.4215,0.0100016203,
0.42175,-0.0024083052,
0.422,0.0006482942,
0.42225,0.0092821345,
0.4225,0.0064017503,
0.42275,-0.0009720785,
0.423,0.0024055582,
0.42325,0.0128908232,
0.4235,0.0032704794,
0.42375,-0.0063610068,
0.424,0.0034052052,
0.42425,0.0083377846,
0.4245,-0.0007937493,
0.42475,-0.0038471816,
0.425,0.0009330197,
0.42525,0.0075516752,
0.4255,-0.0008863621,
0.42575,-0.0068157120,
0.426,0.0051225349,
0.42625,0.0015948412,
0.4265,-0.0066114129,
0.42675,-0.0012282084,
0.427,-0.0004446095,
0.42725,0.0029838085,
0.4275,-0.0026584466,
0.42775,-0.0075560766,
0.428,0.0038476642,
0.42825,-0.0004347059,
0.4285,-0.0121869473,
0.42875,-0.0068940725,
0.429,-0.0039580516,
0.42925,-0.0052652829,
0.4295,-0.0079659512,
0.42975,-0.0125104105,
0.43,-0.0010965513,
0.43025,-0.0052330107,
0.4305,-0.0161010791,
0.43075,-0.0053402539,
0.431,-0.0063262791,
0.43125,-0.0055920277,
0.4315,-0.0087211905,
0.43175,-0.0083468994,
0.432,0.0020698945,
0.43225,-0.0050573563,
0.4325,-0.0119408537,
0.43275,-0.0041860836,
0.433,-0.0014623319,
0.43325,-0.0006762845,
0.4335,-0.0051061674,
0.43375,-0.0038891912,
0.434,0.0108141638,
0.43425,-0.0009688569,
0.4345,-0.0057780300,
0.43475,0.0112334453,
0.435,0.0066636275,
0.43525,-0.0035301493,
0.4355,-0.0031069478,
0.43575,0.0046380959,
0.436,0.0104433000,
0.43625,-0.0044655977,
0.4365,0.0008933863,
0.43675,0.0129693272,
0.437,0.0081273178,
0.43725,-0.0008602418,
0.4375,0.0061995932,
0.43775,0.0139893480,
0.438,0.0064199367,
0.43825,-0.0059243110,
0.4385,0.0062878965,
0.43875,0.0131437052,
0.439,0.0008084482,
0.43925,-0.0009972001,
0.4395,0.0080384323,
0.43975,0.0119848270,
0.44,0.0014015837,
0.44025,-0.0003060853,
0.4405,0.0093661873,
0.44075,0.0091044530,
0.441,0.0006423588,
0.44125,-0.0013259782,
0.4415,0.0071568275,
0.44175,0.0100156181,
0.442,0.0045782402,
0.44225,0.0050762231,
0.4425,0.0139498571,
0.44275,0.0094440691,
0.443,0.0025597052,
0.44325,0.0021852716,
0.4435,0.0087442417,
0.44375,0.0081038466,
0.444,-0.0008627498,
0.44425,0.0015250769,
0.4445,0.0086642466,
0.44475,0.0042617563,
0.445,0.0029553222,
0.44525,0.0025451067,
0.4455,0.0067004682,
0.44575,0.0056937318,
0.446,-0.0031145625,
0.44625,0.0006273412,
0.4465,0.0043161800,
0.44675,0.0009692285,
0.447,-0.0034106115,
0.44725,0.0002781884,
0.4475,0.0048957956,
0.44775,0.0002311525,
0.448,-0.0050223377,
0.44825,0.0010324749,
0.4485,0.0061575444,
0.44875,-0.0002939501,
0.449,-0.0046152896,
0.44925,0.0001113211,
0.4495,0.0044466294,
0.44975,-0.0066669891,
0.45,-0.0045035882,
0.45025,0.0075039077,
0.4505,-0.0002001383,
0.45075,-0.0034482591,
0.451,0.0017357735,
0.45125,0.0055149132,
0.4515,0.0055397153,
0.45175,-0.0087902769,
0.452,-0.0008838088,
0.45225,0.0107625555,
0.4525,-0.0023328615,
0.45275,0.0024568141,
0.453,0.0054711159,
0.45325,0.0073560430,
0.4535,0.0056100632,
0.45375,-0.0045235027,
0.454,0.0075656464,
0.45425,0.0105932280,
0.4545,-0.0053855097,
0.45475,-0.0003478305,
0.455,0.0022692985,
0.45525,0.0037610168,
0.4555,-0.0002726714,
0.45575,-0.0106887687,
0.456,0.0058032470,
0.45625,0.0022311169,
0.4565,-0.0129812760,
0.45675,-0.0028902339,
0.457,-0.0021155602,
0.45725,-0.0068789353,
0.4575,-0.0080353869,
0.45775,-0.0118371993,
0.458,-0.0004925760,
0.45825,-0.0056680343,
0.4585,-0.0132832732,
0.45875,0.0009292898,
0.459,-0.0038259500,
0.45925,-0.0061754836,
0.4595,-0.0063441643,
0.45975,-0.0096036615,
0.46,-0.0007487736,
0.46025,-0.0083540948,
0.4605,-0.0147897517,
0.46075,-0.0061921035,
0.461,-0.0102786496,
0.46125,-0.0124307107,
0.4615,-0.0120061878,
0.46175,-0.0078182491,
0.462,-0.0024160272,
0.46225,-0.0113458000,
0.4625,-0.0094550410,
0.46275,0.0002783407,
0.463,-0.0092668440,
0.46325,-0.0145194549,
0.4635,-0.0091346735,
0.46375,-0.0083311871,
0.464,-0.0088691879,
0.46425,-0.0163760558,
0.4645,-0.0055804779,
0.46475,-0.0027486382,
0.465,-0.0123811215,
0.46525,-0.0125558730,
0.4655,-0.0037649379,
0.46575,-0.0093669742,
0.466,-0.0176467616,
0.46625,-0.0136526972,
0.4665,-0.0100828260,
0.46675,-0.0060522165,
0.467,-0.0077212094,
0.46725,-0.0079994388,
0.4675,-0.0004743678,
0.46775,0.0007792586,
0.468,-0.0042672046,
0.46825,-0.0035465313,
0.4685,-0.0011826954,
0.46875,0.0000833982,
0.469,-0.0034474004,
0.46925,-0.0052019679,
0.4695,0.0101011358,
0.46975,0.0084460890,
0.47,0.0000045950,
0.47025,0.0094364975,
0.4705,0.0086261164,
0.47075,0.0112846754,
0.471,0.0058755209,
0.47125,0.0004470146,
0.4715,0.0174196959,
0.47175,0.0049408083,
0.472,-0.0002549087,
0.47225,0.0141064767,
0.4725,0.0090661701,
0.47275,0.0083499290,
0.473,0.0109952791,
0.47325,0.0087483954,
0.4735,0.0152140586,
0.47375,0.0065776748,
0.474,-0.0032978319,
0.47425,0.0085306345,
0.4745,0.0011909959,
0.47475,-0.0031777655,
0.475,0.0026879911,
0.47525,0.0021811933,
0.4755,0.0073367083,
0.47575,-0.0029114259,
0.476,-0.0000545707,
0.47625,0.0088568423,
0.4765,-0.0037226838,
0.47675,-0.0010295658,
0.477,0.0030485180,
0.47725,0.0052465010,
0.4775,0.0050583859,
0.47775,-0.0029330419,
0.478,0.0035542157,
0.47825,0.0117857084,
0.4785,-0.0013779863,
0.47875,0.0033860053,
0.479,0.0065140137,
0.47925,0.0032424908,
0.4795,0.0056093377,
0.47975,-0.0044913720,
0.48,0.0081389779,
0.48025,0.0073106498,
0.4805,-0.0041968510,
0.48075,0.0048616221,
0.481,0.0053036408,
0.48125,0.0041858419,
0.4815,0.0031644753,
0.48175,-0.0025261089,
0.482,0.0046652136,
0.48225,0.0067608203,
0.4825,-0.0063705347,
0.48275,-0.0040842369,
0.483,0.0010662113,
0.48325,-0.0001569653,
0.4835,-0.0005010637,
0.48375,-0.0013320778,
0.484,0.0087295864,
0.48425,0.0049648145,
0.4845,-0.0055954675,
0.48475,0.0042197872,
0.485,0.0030861564,
0.48525,0.0023080048,
0.4855,-0.0035684290,
0.48575,0.0003415861,
0.486,0.0086764591,
0.48625,0.0048746467,
0.4865,0.0000815194,
0.48675,0.0081739165,
0.487,0.0075669168,
0.48725,0.0026828644,
0.4875,0.0045485930,
0.48775,0.0058193314,
0.488,0.0081772339,
0.48825,-0.0004225938,
0.4885,-0.0046296236,
0.48875,0.0056072054,
0.489,0.0000470184,
0.48925,-0.0045500528,
0.4895,-0.0029580081,
0.48975,0.0000429091,
0.49,-0.0000216479,
0.49025,-0.0103003979,
0.4905,-0.0046890411,
0.49075,-0.0008020595,
0.491,-0.0061928164,
0.49125,-0.0123583227,
0.4915,-0.0004915993,
0.49175,-0.0006970894,
0.492,-0.0054420270,
0.49225,-0.0066773668,
0.4925,-0.0002761220,
0.49275,-0.0018872105,
0.493,-0.0070060100,
0.49325,-0.0075879516,
0.4935,-0.0002273429,
0.49375,-0.0021707998,
0.494,-0.0049487920,
0.49425,-0.0033379369,
0.4945,-0.0049078022,
0.49475,-0.0009888049,
0.495,-0.0063571059,
0.49525,-0.0059777237,
0.4955,-0.0015693194,
0.49575,-0.0058863680,
0.496,-0.0115794400,
0.49625,-0.0061298483,
0.4965,-0.0080829170,
0.49675,-0.0064041065,
0.497,-0.0129287727,
0.49725,-0.0117344763,
0.4975,-0.0065397201,
0.49775,-0.0159874763,
0.498,-0.0123443967,
0.49825,-0.0069794576,
0.4985,-0.0109749194,
0.49875,-0.0107843904,
0.499,-0.0098230802,
0.49925,-0.0092204884,
0.4995,-0.0071420455,
0.49975,-0.0146932667,
0.5,-0.0067455065,
0.50025,-0.0022663330,
0.5005,-0.0097449599,
0.50075,-0.0002337543,
0.501,0.0022834619,
0.50125,-0.0005792159,
0.5015,0.0052997731,
0.50175,0.0009870882,
0.502,0.0030161426,
0.50225,0.0061639873,
0.5025,-0.0010420190,
0.50275,0.0054372987,
0.503,0.0064064730,
0.50325,0.0076822401,
0.5035,0.0088910526,
0.50375,0.0012768834,
0.504,0.0087558487,
0.50425,0.0127152652,
0.5045,0.0022521093,
0.50475,0.0015810519,
0.505,0.0064791283,
0.50525,0.0088424319,
0.5055,0.0047765165,
0.50575,0.0015149619,
0.506,0.0134037379,
0.50625,0.0109618939,
0.5065,0.0010961482,
0.50675,0.0062358873,
0.507,0.0120373396,
0.50725,0.0071870843,
0.5075,0.0010849546,
0.50775,0.0008631785,
0.508,0.0089833550,
0.50825,0.0084457556,
0.5085,0.0001859600,
0.50875,0.0098963398,
0.509,0.0112273898,
0.50925,0.0064868648,
0.5095,0.0062843133,
0.50975,0.0140181268,
0.51,0.0117591396,
0.51025,0.0077782338,
0.5105,0.0055272561,
0.51075,0.0092947148,
0.511,0.0121627459,
0.51125,0.0053604627,
0.5115,0.0113547537,
0.51175,0.0121302642,
0.512,0.0070501533,
0.51225,0.0083745997,
0.5125,0.0063215983,
0.51275,0.0066001434,
0.513,0.0033980866,
0.51325,0.0022264346,
0.5135,0.0033627958,
0.51375,0.0051066414,
0.514,-0.0023063454,
0.51425,0.0031063408,
0.5145,0.0044169375,
0.51475,-0.0035345764,
0.515,0.0036113861,
0.51525,0.0000863123,
0.5155,-0.0007494910,
0.51575,0.0005294589,
0.516,-0.0005589558,
0.51625,0.0020978076,
0.5165,-0.0027234319,
0.51675,0.0040658256,
0.517,0.0057435432,
0.51725,0.0001715907,
0.5175,0.0061697927,
0.51775,0.0093470933,
0.518,0.0026591567,
0.51825,0.0008864494,
0.5185,0.0055963262,
0.51875,0.0111707803,
0.519,0.0064346837,
0.51925,-0.0015042315,
0.5195,0.0120875426,
0.51975,0.0112265451,
0.52,0.0008413318,
0.52025,0.0101373261,
0.5205,0.0090031549,
0.52075,0.0089815520,
0.521,0.0018639205,
0.52125,0.0003962588,
0.5215,0.0128533505,
0.52175,-0.0009595485,
0.522,-0.0016933715,
0.52225,0.0060892608,
0.5225,0.0034359240,
0.52275,0.0035597282,
0.523,0.0012777920,
0.52325,-0.0023139720,
0.5235,0.0064804209,
0.52375,-0.0026835406,
0.524,-0.0067757810,
0.52425,0.0036510231,
0.5245,-0.0078896582,
0.52475,-0.0052923178,
0.525,-0.0086969100,
0.52525,-0.0053733559,
0.5255,-0.0027300189,
0.52575,-0.0111828512,
0.526,-0.0072329640,
0.52625,-0.0012186244,
0.5265,-0.0094181383,
0.52675,-0.0053549893,
0.527,-0.0071324180,
0.52725,-0.0050044172,
0.5275,-0.0013879396,
0.52775,-0.0070896554,
0.528,0.0005319635,
0.52825,-0.0005064039,
0.5285,-0.0071632192,
0.52875,-0.0016812987,
0.529,-0.0030101382,
0.52925,0.0001988893,
0.5295,-0.0028761846,
0.52975,-0.0126094259,
0.53,-0.0009769666,
0.53025,-0.0055214847,
0.5305,-0.0114802942,
0.53075,-0.0028070798,
0.531,-0.0074396697,
0.53125,-0.0043703257,
0.5315,-0.0083991960,
0.53175,-0.0102127977,
0.532,-0.0026068334,
0.53225,-0.0097179404,
0.5325,-0.0158804543,
0.53275,-0.0060670786,
0.533,-0.0057016220,
0.53325,-0.0089221550,
0.5335,-0.0062745633,
0.53375,-0.0044973507,
0.534,-0.0025200204,
0.53425,-0.0040580388,
0.5345,-0.0044624992,
0.53475,0.0001191868,
0.535,-0.0032637357,
0.53525,-0.0014218439,
0.5355,-0.0024871365,
0.53575,-0.0002770743,
0.536,0.0020623598,
0.53625,-0.0004016566,
0.5365,-0.0011247565,
0.53675,0.0063481224,
0.537,0.0080373967,
0.53725,0.0023359943,
0.5375,0.0067802281,
0.53775,0.0100898482,
0.538,0.0075970870,
0.53825,0.0050009750,
0.5385,-0.0000010829,
0.53875,0.0103723425,
0.539,0.0065275580,
0.53925,0.0004715119,
0.5395,0.0104328357,
0.53975,0.0148319080,
0.54,0.0054366207,
0.54025,0.0047139507,
0.5405,0.0036563505,
0.54075,0.0076899352,
0.541,0.0023364767,
0.54125,-0.0049857884,
0.5415,0.0064752945,
0.54175,0.0088556623,
0.542,-0.0024420584,
0.54225,0.0062697856,
0.5425,0.0080761928,
0.54275,0.0019000355,
0.543,0.0009939078,
0.54325,-0.0042234557,
0.5435,0.0081966342,
0.54375,0.0002661533,
0.544,-0.0047625802,
0.54425,0.0054624402,
0.5445,0.0065747425,
0.54475,0.0047481237,
0.545,0.0065793488,
0.54525,0.0052967304,
0.5455,0.0143926889,
0.54575,0.0048236642,
0.546,0.0042477674,
0.54625,0.0098976577,
0.5465,0.0002330098,
0.54675,0.0038177811,
0.547,0.0031804282,
0.54725,-0.0006449408,
0.5475,0.0076256576,
0.54775,-0.0003838841,
0.548,0.0005265716,
0.54825,0.0052806730,
0.5485,-0.0015604922,
0.54875,0.0024165122,
0.549,0.0016012386,
0.54925,-0.0075462838,
0.5495,0.0042013349,
0.54975,0.0010023464,
0.55,-0.0004126807,
0.55025,0.0046061603,
0.5505,0.0011495285,
0.55075,0.0016186978,
0.551,0.0014270179,
0.55125,-0.0020394868,
0.5515,0.0020035859,
0.55175,-0.0022816132,
0.552,-0.0035229088,
0.55225,0.0014638568,
0.5525,0.0026434893,
0.55275,-0.0006219252,
0.553,0.0020822217,
0.55325,0.0022863350,
0.5535,0.0028085939,
0.55375,0.0034731561,
0.554,0.0043761507,
0.55425,0.0073099816,
0.5545,0.0015385029,
0.55475,0.0028330358,
0.555,0.0076235388,
0.55525,0.0071448479,
0.5555,0.0047395085,
0.55575,0.0078572882,
0.556,0.0055846162,
0.55625,0.0066551184,
0.5565,0.0038414677,
0.55675,0.0030075652,
0.557,0.0042648353,
0.55725,-0.0013947567,
0.5575,-0.0023079230,
0.55775,-0.0028579065,
0.558,-0.0032625629,
0.55825,-0.0024410952,
0.5585,-0.0024625086,
0.55875,-0.0017078139,
0.559,0.0013309288,
0.55925,-0.0007612864,
0.5595,-0.0068265479,
0.55975,-0.0025346430,
0.56,-0.0053216200,
0.56025,-0.0045842417,
0.5605,-0.0101474281,
0.56075,-0.0115484949,
0.561,-0.0066350922,
0.56125,-0.0088553391,
0.5615,-0.0141025446,
0.56175,-0.0085699605,
0.562,-0.0116511071,
0.56225,-0.0100102685,
0.5625,-0.0128861321,
0.56275,-0.0086215064,
0.563,-0.0056257937,
0.56325,-0.0156957768,
0.5635,-0.0139935389,
0.56375,-0.0060653524,
0.564,-0.0102140550,
0.56425,-0.0080474121,
0.5645,-0.0093459766,
0.56475,-0.0041426700,
0.565,-0.0036517922,
0.56525,-0.0130815078,
0.5655,-0.0038133543,
0.56575,-0.0019058125,
0.566,-0.0150141129,
0.56625,-0.0087685650,
0.5665,-0.0085586729,
0.56675,-0.0032232678,
0.567,-0.0078464765,
0.56725,-0.0129742743,
0.5675,0.0009325380,
0.56775,-0.0053214100,
0.568,-0.0111277848,
0.56825,-0.0011378991,
0.5685,-0.0074796360,
0.56875,-0.0063822614,
0.569,-0.0064680390,
0.56925,-0.0094347922,
0.5695,0.0008804121,
0.56975,-0.0025901326,
0.57,-0.0062417933,
0.57025,0.0016222617,
0.5705,-0.0001511347,
0.57075,0.0001470378,
0.571,-0.0015330515,
0.57125,-0.0056345807,
0.5715,0.0016263773,
0.57175,-0.0037979898,
0.572,-0.0009811716,
0.57225,-0.0010419083,
0.5725,0.0017767980,
0.57275,0.0079293652,
0.573,0.0034283556,
0.57325,0.0012966748,
0.5735,0.0129859392,
0.57375,0.0038687580,
0.574,-0.0020612166,
0.57425,0.0030082602,
0.5745,0.0033730057,
0.57475,0.0052809524,
0.575,-0.0033625213,
0.57525,0.0019714269,
0.5755,0.0121552972,
0.57575,-0.0033566793,
0.576,-0.0037193503,
0.57625,0.0033351078,
0.5765,-0.0014212760,
0.57675,-0.0041323141,
0.577,-0.0061270138,
0.57725,0.0033306149,
0.5775,0.0008031931,
0.57775,-0.0089032818,
0.578,-0.0034550440,
0.57825,0.0024059934,
0.5785,-0.0047365543,
0.57875,-0.0101945512,
0.579,-0.0019771522,
0.57925,0.0018214948,
0.5795,-0.0065881810,
0.57975,-0.0059528300,
0.58,0.0020678181,
0.58025,-0.0011147566,
0.5805,-0.0019557241,
0.58075,-0.0024533714,
0.581,-0.0001140140,
0.58125,0.0045831273,
0.5815,-0.0075520482,
0.58175,0.0016089099,
0.582,0.0070752553,
0.58225,0.0019555811,
0.5825,0.0029623508,
0.58275,-0.0010401420,
0.583,0.0050258702,
0.58325,0.0039574732,
0.5835,-0.0015526742,
0.58375,0.0063018044,
0.584,0.0055331895,
0.58425,0.0012681363,
0.5845,0.0045686206,
0.58475,0.0015027461,
0.585,0.0071859644,
0.58525,0.0031611351,
0.5855,-0.0041769780,
0.58575,0.0035003261,
0.586,-0.0002840611,
0.58625,-0.0007375056,
0.5865,0.0032598400,
0.58675,-0.0017736038,
0.587,0.0056301872,
0.58725,0.0021194322,
0.5875,-0.0007054523,
0.58775,0.0070916144,
0.588,0.0011107624,
0.58825,-0.0007778495,
0.5885,0.0018137870,
0.58875,-0.0034019025,
0.589,0.0039224988,
0.58925,0.0026028182,
0.5895,-0.0019980918,
0.58975,0.0095001617,
0.59,0.0003534781,
0.59025,0.0026632331,
0.5905,0.0061655701,
0.59075,-0.0021286015,
0.591,0.0043868232,
0.59125,0.0006892231,
0.5915,-0.0051409369,
0.59175,0.0061606206,
0.592,-0.0022510621,
0.59225,0.0017139695,
0.5925,0.0030472432,
0.59275,-0.0026271865,
0.593,0.0024899656,
0.59325,-0.0049570478,
0.5935,-0.0037000761,
0.59375,-0.0000484502,
0.594,-0.0066781202,
0.59425,-0.0035273256,
0.5945,-0.0021911012,
0.59475,-0.0059379982,
0.595,0.0005736700,
0.59525,-0.0072584213,
0.5955,-0.0016617703,
0.59575,-0.0013004850,
0.596,-0.0075777117,
0.59625,-0.0061353939,
0.5965,-0.0072422028,
0.59675,-0.0043757684,
0.597,-0.0063419803,
0.59725,-0.0118289515,
0.5975,-0.0034622874,
0.59775,-0.0034190794,
0.598,-0.0085225645,
0.59825,-0.0042966236,
0.5985,-0.0023005086,
0.59875,-0.0035184985,
0.599,-0.0077114506,
0.59925,-0.0130322101,
0.5995,0.0003284772,
0.59975,-0.0056180619,
0.6,-0.0096462909,
0.60025,-0.0016545656,
0.6005,0.0007460963,
0.60075,-0.0011381831,
0.601,-0.0035153513,
0.60125,0.0026298012,
0.6015,0.0018843177,
0.60175,-0.0044583818,
0.602,-0.0023278408,
0.60225,0.0026698052,
0.6025,0.0013340728,
0.60275,0.0022168087,
0.603,0.0033602875,
0.60325,0.0049003102,
0.6035,0.0066949092,
0.60375,0.0015092252,
0.604,0.0069951508,
0.60425,0.0049923006,
0.6045,-0.0012603820,
0.60475,0.0033671632,
0.605,0.0013858117,
0.60525,0.0038560843,
0.6055,0.0039414731,
0.60575,0.0049070846,
0.606,0.0056496724,
0.60625,0.0022071423,
0.6065,0.0037690348,
0.60675,0.0019687978,
0.607,-0.0006596796,
0.60725,0.0011460549,
0.6075,0.0010477287,
0.60775,0.0006795537,
0.608,0.0018310619,
0.60825,0.0040705628,
0.6085,0.0117365979,
0.60875,0.0041830754,
0.609,0.0049139503,
0.60925,0.0118658599,
0.6095,0.0018141303,
0.60975,0.0041619120,
0.61,0.0033568472,
0.61025,0.0018845957,
0.6105,0.0069982507,
0.61075,-0.0037483866,
0.611,0.0052953362,
0.61125,0.0127555570,
0.6115,-0.0002739143,
0.61175,0.0008896796,
0.612,0.0064222603,
0.61225,0.0034052259,
0.6125,0.0027158004,
0.61275,-0.0022754555,
0.613,0.0066623501,
0.61325,0.0063116709,
0.6135,-0.0040819431,
0.61375,0.0062216874,
0.614,0.0069980128,
0.61425,0.0007314202,
0.6145,0.0020190470,
0.61475,-0.0051303250,
0.615,0.0078780400,
0.61525,-0.0000817477,
0.6155,-0.0097260159,
0.61575,0.0084465500,
0.616,0.0004053325,
0.61625,-0.0022319723,
0.6165,0.0042483611,
0.61675,0.0008312133,
0.617,0.0045492430,
0.61725,-0.0015945563,
0.6175,-0.0033376727,
0.61775,0.0109355720,
0.618,-0.0011865939,
0.61825,-0.0038242855,
0.6185,0.0084967799,
0.61875,0.0029701688,
0.619,0.0050175418,
0.61925,0.0038672280,
0.6195,0.0020906657,
0.61975,0.0112572508,
0.62,0.0019294238,
0.62025,0.0018726676,
0.6205,0.0114395833,
0.62075,0.0029022035,
0.621,0.0045122225,
0.62125,0.0040338896,
0.6215,0.0060263472,
0.62175,0.0068242420,
0.622,0.0013673236,
0.62225,-0.0016630329,
0.6225,0.0053634867,
0.62275,-0.0022205398,
0.623,-0.0029482809,
0.62325,-0.0027565057,
0.6235,-0.0000282931,
0.62375,-0.0013017114,
0.624,-0.0055676284,
0.62425,-0.0045781578,
0.6245,-0.0045556091,
0.62475,-0.0081455121,
0.625,-0.0094114570,
0.62525,-0.0076899356,
0.6255,-0.0099860951,
0.62575,-0.0059611611,
0.626,-0.0077226935,
0.62625,-0.0075385110,
0.6265,-0.0064968904,
0.62675,-0.0026870538,
0.627,-0.0085425042,
0.62725,-0.0090795048,
0.6275,-0.0075982334,
0.62775,-0.0050325086,
0.628,-0.0068904436,
0.62825,-0.0071503138,
0.6285,-0.0042713042,
0.62875,-0.0008201930,
0.629,-0.0062599429,
0.62925,-0.0041182120,
0.6295,-0.0049177408,
0.62975,-0.0068638073,
0.63,-0.0098819844,
0.63025,-0.0143986810,
0.6305,-0.0053281430,
0.63075,-0.0073837372,
0.631,-0.0162567310,
0.63125,-0.0055697258,
0.6315,-0.0082249949,
0.63175,-0.0104153892,
0.632,-0.0103497868,
0.63225,-0.0138521744,
0.6325,-0.0103835678,
0.63275,-0.0163847376,
0.633,-0.0190936178,
0.63325,-0.0053025139,
0.6335,-0.0099886227,
0.63375,-0.0141041875,
0.634,-0.0030951553,
0.63425,-0.0008570144,
0.6345,0.0003325325,
0.63475,-0.0031626816,
0.635,0.0002967364,
0.63525,0.0072248103,
0.6355,-0.0057768198,
0.63575,-0.0025522604,
0.636,0.0083690966,
0.63625,0.0002638009,
0.6365,-0.0024973201,
0.63675,0.0021357276,
0.637,0.0068066106,
0.63725,0.0056524570,
0.6375,-0.0025179724,
0.63775,0.0039112875,
0.638,0.0057401559,
0.63825,-0.0060602468,
0.6385,-0.0015347957,
0.63875,0.0047763442,
0.639,0.0043029115,
0.63925,0.0051239254,
0.6395,0.0087860515,
0.63975,0.0125095714,
0.64,0.0061006001,
0.64025,0.0025919464,
0.6405,0.0085280612,
0.64075,0.0001679287,
0.641,-0.0044347909,
0.64125,0.0018434578,
0.6415,0.0008493627,
0.64175,-0.0016052001,
0.642,0.0007463290,
0.64225,0.0064202612,
0.6425,0.0048191166,
0.64275,-0.0067834142,
0.643,-0.0002818173,
0.64325,0.0060815322,
0.6435,-0.0025476119,
0.64375,-0.0034067917,
0.644,0.0078893704,
0.64425,0.0083430316,
0.6445,0.0056820307,
0.64475,0.0061664754,
0.645,0.0208794810,
0.64525,0.0090617109,
0.6455,0.0009807233,
0.64575,0.0067471084,
0.646,0.0118971234,
0.64625,0.0003221267,
0.6465,-0.0030099503,
0.64675,0.0084059127,
0.647,0.0049733063,
0.64725,-0.0045691179,
0.6475,-0.0003004355,
0.64775,0.0085425433,
0.648,0.0018328788,
0.64825,-0.0068193278,
0.6485,0.0040903436,
0.64875,0.0106078023,
0.649,0.0007289086,
0.64925,-0.0053039687,
0.6495,0.0107766595,
0.64975,0.0127629787,
0.65,0.0021474503,
0.65025,0.0015898698,
0.6505,0.0134681370,
0.65075,0.0110562351,
0.651,-0.0041607753,
0.65125,0.0056630401,
0.6515,0.0145836044,
0.65175,0.0034557292,
0.652,0.0012732875,
0.65225,0.0063753519,
0.6525,0.0141620440,
0.65275,0.0112943063,
0.653,0.0011054121,
0.65325,0.0152199063,
0.6535,0.0143553140,
0.65375,0.0052627530,
0.654,0.0128761828,
0.65425,0.0101172403,
0.6545,0.0073542953,
0.65475,0.0100150052,
0.655,0.0015516760,
0.65525,0.0086925151,
0.6555,0.0054214243,
0.65575,0.0010445833,
0.656,0.0045405892,
0.65625,-0.0016566667,
0.6565,0.0023741538,
0.65675,0.0042667133,
0.657,-0.0067912713,
0.65725,0.0006166102,
0.6575,-0.0024354893,
0.65775,-0.0055540707,
0.658,-0.0013173530,
0.65825,-0.0072686379,
0.6585,-0.0010139494,
0.65875,0.0027322781,
0.659,-0.0088111777,
0.65925,0.0023122495,
0.6595,-0.0032917340,
0.65975,-0.0068525430,
0.66,-0.0025792604,
0.66025,-0.0078810826,
0.6605,-0.0001390837,
0.66075,-0.0069752638,
0.661,-0.0161169022,
0.66125,-0.0027073538,
0.6615,-0.0048211082,
0.66175,-0.0107529657,
0.662,-0.0058590164,
0.66225,-0.0046399939,
0.6625,-0.0013146815,
0.66275,-0.0056794835,
0.663,-0.0101238815,
0.66325,0.0023971896,
0.6635,-0.0046624993,
0.66375,-0.0154588353,
0.664,-0.0021934966,
0.66425,-0.0015915951,
0.6645,-0.0073144101,
0.66475,-0.0158937983,
0.665,-0.0058545526,
0.66525,-0.0020478647,
0.6655,-0.0157990325,
0.66575,-0.0161309130,
0.666,-0.0047772531,
0.66625,-0.0097480780,
0.6665,-0.0195420347,
0.66675,-0.0131151155,
0.667,-0.0030097307,
0.66725,-0.0108345598,
0.6675,-0.0160608925,
0.66775,-0.0065333098,
0.668,-0.0021717972,
0.66825,-0.0104890820,
0.6685,-0.0136596905,
0.66875,-0.0039745211,
0.669,-0.0062568295,
0.66925,-0.0124976737,
0.6695,-0.0046086214,
0.66975,0.0018305460,
0.67,-0.0029273008,
0.67025,-0.0020671571,
0.6705,0.0031072714,
0.67075,0.0070126257,
0.671,0.0003551721,
0.67125,-0.0045964224,
0.6715,0.0034419564,
0.67175,0.0015512640,
0.672,-0.0012516229,
0.67225,0.0013770104,
0.6725,0.0078532435,
0.67275,0.0033840491,
0.673,0.0006788601,
0.67325,0.0061458792,
0.6735,0.0092819557,
0.67375,-0.0015299676,
0.674,-0.0015561485,
0.67425,0.0066315141,
0.6745,-0.0019618541,
0.67475,-0.0010257502,
0.675,0.0047030752,
0.67525,0.0047417972,
0.6755,0.0005893940,
0.67575,-0.0035267887,
0.676,0.0049697552,
0.67625,-0.0006144104,
0.6765,-0.0132456794,
0.67675,0.0009898331,
0.677,0.0002973184,
0.67725,-0.0047696563,
0.6775,-0.0026102965,
0.67775,0.0032955017,
0.678,0.0055338442,
0.67825,-0.0063433447,
0.6785,-0.0045444346,
0.67875,0.0100029735,
0.679,-0.0041179466,
0.67925,-0.0117839398,
0.6795,0.0060969284,
0.67975,0.0073916614,
0.68,-0.0022147943,
0.68025,-0.0035766955,
0.6805,0.0088776192,
0.68075,0.0093763974,
0.681,-0.0076704910,
0.68125,0.0027697170,
0.6815,0.0083765881,
0.68175,0.0011016055,
0.682,-0.0045868880,
0.68225,0.0010952819,
0.6825,0.0098439883,
0.68275,0.0017480751,
0.683,-0.0069576181,
0.68325,0.0071988422,
0.6835,0.0043817693,
0.68375,-0.0056981198,
0.684,0.0033151708,
0.68425,0.0079919687,
0.6845,0.0051660584,
0.68475,0.0006121738,
0.685,0.0020364926,
0.68525,0.0148774013,
0.6855,0.0018650607,
0.68575,-0.0020612765,
0.686,0.0141802998,
0.68625,0.0036020286,
0.6865,0.0028323873,
0.68675,0.0094837798,
0.687,0.0077682398,
0.68725,0.0115202134,
0.6875,0.0051193340,
0.68775,0.0062541487,
0.688,0.0140980780,
0.68825,0.0006516781,
0.6885,0.0059544090,
0.68875,0.0089426916,
0.689,0.0044696024,
0.68925,0.0091103381,
0.6895,0.0072686542,
0.68975,0.0054488447,
0.69,0.0091982149,
0.69025,0.0055972063,
0.6905,0.0052397251,
0.69075,0.0023844102,
0.691,-0.0010772670,
0.69125,0.0038634355,
0.6915,-0.0016300479,
0.69175,-0.0001468182,
0.692,0.0042879167,
0.69225,0.0022591497,
0.6925,-0.0013320562,
0.69275,-0.0025906912,
0.693,-0.0030699607,
0.69325,0.0007721322,
0.6935,-0.0071191955,
0.69375,-0.0095864907,
0.694,-0.0005456266,
0.69425,-0.0042793159,
0.6945,-0.0072776098,
0.69475,-0.0064363610,
0.695,-0.0025971883,
0.69525,-0.0009741005,
0.6955,-0.0098376311,
0.69575,-0.0102134971,
0.696,0.0035614031,
0.69625,-0.0102591757,
0.6965,-0.0125193913,
0.69675,-0.0050968770,
0.697,-0.0083650192,
0.69725,-0.0078267092,
0.6975,-0.0133449044,
0.69775,-0.0059243641,
0.698,0.0029582332,
0.69825,-0.0135699855,
0.6985,-0.0087733911,
0.69875,0.0041792304,
0.699,-0.0049355975,
0.69925,-0.0080700582,
0.6995,-0.0013366102,
0.69975,0.0009861873,
0.7,0.0002191409,
0.70025,-0.0104673067,
0.7005,0.0034151229,
0.70075,0.0108515192,
0.701,-0.0064419331,
0.70125,-0.0040708971,
0.7015,0.0055175480,
0.70175,0.0024157048,
0.702,-0.0034529758,
0.70225,-0.0050447159,
0.7025,0.0073770257,
0.70275,0.0036611822,
0.703,-0.0096372906,
0.70325,0.0031422216,
0.7035,0.0089645693,
0.70375,-0.0038431128,
0.704,-0.0021319631,
0.70425,-0.0005950737,
0.7045,0.0042965235,
0.70475,-0.0011567499,
0.705,-0.0125460410,
0.70525,0.0086779417,
0.7055,-0.0005032053,
0.70575,-0.0080217551,
0.706,0.0047713974,
0.70625,0.0041148327,
0.7065,0.0020248794,
0.70675,0.0058351085,
0.707,0.0064046304,
0.70725,0.0086986357,
0.7075,-0.0007162215,
0.70775,0.0046193996,
0.708,0.0098747481,
0.70825,0.0011129125,
0.7085,0.0057329638,
0.70875,0.0145951174,
0.709,0.0079211947,
0.70925,0.0056211939,
0.7095,0.0102626737,
0.70975,0.0158556700,
0.71,0.0051658158,
0.71025,-0.0025818774,
0.7105,0.0086105214,
0.71075,0.0059913760,
0.711,-0.0012690185,
0.71125,0.0035118014,
0.7115,0.0090107676,
0.71175,0.0061056986,
0.712,-0.0035112968,
0.71225,0.0034284892,
0.7125,0.0101425024,
0.71275,-0.0064048828,
0.713,-0.0127915852,
0.71325,0.0039504091,
0.7135,-0.0006689377,
0.71375,-0.0093268435,
0.714,0.0002343238,
0.71425,0.0067826509,
0.7145,0.0048795752,
0.71475,-0.0036006069,
0.715,0.0071371975,
0.71525,0.0086847190,
0.7155,-0.0021925967,
0.71575,-0.0061664060,
0.716,0.0074017076,
0.71625,0.0119518945,
0.7165,-0.0017350423,
0.71675,0.0058821174,
0.717,0.0198043957,
0.71725,0.0123645924,
0.7175,0.0044097193,
0.71775,0.0117016500,
0.718,0.0155183030,
0.71825,0.0041473336,
0.7185,0.0004167248,
0.71875,0.0113151455,
0.719,0.0145161748,
0.71925,0.0026420460,
0.7195,0.0059919925,
0.71975,0.0147695197,
0.72,0.0082768323,
0.72025,0.0063817105,
0.7205,0.0032936828,
0.72075,0.0115718497,
0.721,0.0042069801,
0.72125,-0.0010849012,
0.7215,0.0109200832,
0.72175,0.0036214562,
0.722,0.0033118674,
0.72225,0.0010065836,
0.7225,0.0033910614,
0.72275,0.0067981542,
0.723,-0.0008224195,
0.72325,0.0016164564,
0.7235,0.0064193122,
0.72375,-0.0045179990,
0.724,0.0014094424,
0.72425,0.0016339375,
0.7245,-0.0042581228,
0.72475,0.0030697058,
0.725,-0.0001247133,
0.72525,0.0033411572,
0.7255,0.0057500219,
0.72575,-0.0022870032,
0.726,0.0042231944,
0.72625,0.0008768822,
0.7265,-0.0022704103,
0.72675,0.0039605154,
0.727,-0.0044705039,
0.72725,-0.0053840606,
0.7275,-0.0081850970,
0.72775,-0.0110328300,
0.728,-0.0039146869,
0.72825,-0.0170582272,
0.7285,-0.0149574000,
0.72875,-0.0056514931,
0.729,-0.0155358352,
0.72925,-0.0155097749,
0.7295,-0.0120070670,
0.72975,-0.0139433416,
0.73,-0.0110249445,
0.73025,-0.0211395491,
0.7305,-0.0112465294,
0.73075,-0.0044764713,
0.731,-0.0212322921,
0.73125,-0.0166083891,
0.7315,-0.0057506002,
0.73175,-0.0105128512,
0.732,-0.0175748784,
0.73225,-0.0176189858,
0.7325,-0.0085135940,
0.73275,-0.0112822140,
0.733,-0.0249790661,
0.73325,-0.0072830725,
0.7335,-0.0046186983,
0.73375,-0.0163665488,
0.734,-0.0130643733,
0.73425,-0.0026206824,
0.7345,0.0015998660,
0.73475,-0.0089215804,
0.735,-0.0101344921,
0.73525,0.0077809989,
0.7355,-0.0011869709,
0.73575,-0.0097621037,
0.736,-0.0009868690,
0.73625,0.0048818570,
0.7365,-0.0026258416,
0.73675,-0.0081015415,
0.737,0.0038225628,
0.73725,0.0090100728,
0.7375,-0.0062160701,
0.73775,-0.0080664102,
0.738,0.0026527052,
0.73825,-0.0027859046,
0.7385,-0.0135302506,
0.73875,-0.0070083393,
0.739,0.0035111827,
0.73925,-0.0038827555,
0.7395,-0.0078061316,
0.73975,0.0001958472,
0.74,0.0036074340,
0.74025,-0.0036357448,
0.7405,-0.0070960592,
0.74075,0.0031240350,
0.741,-0.0000285705,
0.74125,-0.0089738555,
0.7415,-0.0041073551,
0.74175,0.0029667073,
0.742,-0.0018269233,
0.74225,-0.0015035655,
0.7425,0.0018704322,
0.74275,0.0021150201,
0.743,-0.0040352684,
0.74325,0.0028782394,
0.7435,0.0048887054,
0.74375,-0.0050854818,
0.744,-0.0061499448,
0.74425,0.0083909407,
0.7445,0.0008420804,
0.74475,0.0009387487,
0.745,0.0044865375,
0.74525,0.0085392240,
0.7455,0.0024470044,
0.74575,-0.0047907266,
0.746,0.0094964439,
0.74625,0.0073132822,
0.7465,-0.0113028754,
0.74675,-0.0054900134,
0.747,0.0060734283,
0.74725,-0.0027641912,
0.7475,-0.0078263963,
0.74775,-0.0007929651,
0.748,0.0053042634,
0.74825,-0.0040316260,
0.7485,-0.0091352155,
0.74875,0.0045690271,
0.749,0.0030768630,
0.74925,-0.0109064989,
0.7495,-0.0026120071,
0.74975,0.0068559237,
0.75,0.0066080033,
0.75025,-0.0041725989,
0.7505,0.0055595692,
0.75075,0.0156585295,
0.751,0.0021342842,
0.75125,0.0027759490,
0.7515,0.0139514841,
0.75175,0.0089304540,
0.752,0.0058172997,
0.75225,0.0057259067,
0.7525,0.0151221771,
0.75275,0.0157996286,
0.753,0.0019648217,
0.75325,0.0119159324,
0.7535,0.0218347739,
0.75375,0.0061535467,
0.754,0.0055784034,
0.75425,0.0116805723,
0.7545,0.0109276585,
0.75475,0.0069107390,
0.755,-0.0004662943,
0.75525,0.0102681341,
0.7555,0.0055211913,
0.75575,-0.0050894767,
0.756,0.0043349881,
0.75625,0.0065791281,
0.7565,-0.0003542754,
0.75675,-0.0022674720,
0.757,-0.0012979545,
0.75725,-0.0013829359,
0.7575,-0.0021293948,
0.75775,-0.0039787586,
0.758,0.0013698916,
0.75825,-0.0021998889,
0.7585,0.0007224116,
0.75875,0.0039326209,
0.759,0.0015500123,
0.75925,0.0014549999,
0.7595,0.0002866061,
0.75975,0.0018305278,
0.76,0.0021920237,
0.76025,-0.0005771128,
0.7605,0.0001699263,
0.76075,0.0041423207,
0.761,-0.0026170092,
0.76125,-0.0001811442,
0.7615,0.0047161770,
0.76175,0.0004448657,
0.762,-0.0034685351,
0.76225,-0.0027663447,
0.7625,0.0011175594,
0.76275,-0.0025504527,
0.763,-0.0104527175,
0.76325,-0.0052270759,
0.7635,-0.0034646532,
0.76375,-0.0086950362,
0.764,-0.0093309628,
0.76425,-0.0054772380,
0.7645,-0.0034578196,
0.76475,-0.0105477199,
0.765,-0.0126093710,
0.76525,-0.0045467671,
0.7655,-0.0076722349,
0.76575,-0.0195913874,
0.766,-0.0123045985,
0.76625,-0.0038576098,
0.7665,-0.0117488960,
0.76675,-0.0114238001,
0.767,-0.0052572312,
0.76725,-0.0011802702,
0.7675,-0.0114557818,
0.76775,-0.0117586423,
0.768,0.0044785077,
0.76825,-0.0022729838,
0.7685,-0.0114443470,
0.76875,-0.0009252640,
0.769,0.0067442879,
0.76925,0.0042057973,
0.7695,-0.0033504828,
0.76975,0.0002890126,
0.77,0.0139415460,
0.77025,0.0012872752,
0.7705,-0.0048421798,
0.77075,0.0142579945,
0.771,0.0080304202,
0.77125,-0.0017323655,
0.7715,0.0022885597,
0.77175,0.0030284715,
0.772,0.0111779151,
0.77225,-0.0042942734,
0.7725,-0.0021793384,
0.77275,0.0151782930,
0.773,0.0023105999,
0.77325,-0.0032026372,
0.7735,0.0067144162,
0.77375,0.0011638454,
0.774,0.0003005744,
0.77425,-0.0039193598,
0.7745,-0.0014276598,
0.77475,0.0068319654,
0.775,-0.0082704574,
0.77525,-0.0014620740,
0.7755,0.0086850226,
0.77575,-0.0005686344,
0.776,-0.0010551411,
0.77625,0.0050856406,
0.7765,-0.0009111125,
0.77675,0.0012345193,
0.777,-0.0029097286,
0.77725,0.0076973112,
0.7775,0.0035380111,
0.77775,-0.0026401300,
0.778,0.0078473883,
0.77825,0.0066939886,
0.7785,0.0003535232,
0.77875,0.0040162634,
0.779,0.0049970904,
0.77925,0.0044264626,
0.7795,-0.0012018594,
0.77975,-0.0011692125,
0.78,0.0103783198,
0.78025,-0.0048437743,
0.7805,-0.0029143293,
0.78075,0.0091795195,
0.781,0.0025823079,
0.78125,-0.0041713850,
0.7815,0.0035157283,
0.78175,0.0063404161,
0.782,-0.0009460060,
0.78225,-0.0044206223,
0.7825,0.0027193243,
0.78275,0.0077098645,
0.783,-0.0035351072,
0.78325,-0.0036910363,
0.7835,0.0127618965,
0.78375,0.0056232447,
0.784,-0.0067156870,
0.78425,0.0033813934,
0.7845,0.0094496012,
0.78475,0.0011819585,
0.785,-0.0030326671,
0.78525,0.0052527022,
0.7855,0.0085039707,
0.78575,0.0026912577,
0.786,0.0005009137,
0.78625,0.0129535096,
0.7865,0.0107523603,
0.78675,-0.0010506646,
0.787,0.0090078255,
0.78725,0.0137870647,
0.7875,0.0081663812,
0.78775,0.0047150506,
0.788,0.0095272213,
0.78825,0.0123348441,
0.7885,0.0040172520,
0.78875,0.0031809979,
0.789,0.0127793523,
0.78925,0.0056575332,
0.7895,0.0014265336,
0.78975,0.0062723835,
0.79,0.0086560184,
0.79025,0.0068638446,
0.7905,-0.0042905458,
0.79075,0.0045545707,
0.791,0.0049563553,
0.79125,-0.0070688007,
0.7915,-0.0009445114,
0.79175,0.0057036798,
0.792,0.0010248908,
0.79225,0.0018183199,
0.7925,-0.0031386181,
0.79275,0.0049057677,
0.793,0.0008889509,
0.79325,-0.0124801639,
0.7935,-0.0024535868,
0.79375,-0.0036516120,
0.794,-0.0101977913,
0.79425,-0.0078342818,
0.7945,-0.0074994373,
0.79475,-0.0032704188,
0.795,-0.0089612175,
0.79525,-0.0106828231,
0.7955,-0.0000067115,
0.79575,-0.0087847514,
0.796,-0.0092730969,
0.79625,-0.0035331326,
0.7965,-0.0077483933,
0.79675,-0.0054461425,
0.797,-0.0076146652,
0.79725,-0.0029353760,
0.7975,0.0012661947,
0.79775,-0.0075936625,
0.798,-0.0025581517,
0.79825,0.0038899181,
0.7985,-0.0086583905,
0.79875,-0.0051514870,
0.799,-0.0033653514,
0.79925,-0.0035158291,
0.7995,-0.0067993775,
0.79975,-0.0086839385,
0.8,0.0034323775,
0.80025,-0.0025046645,
0.8005,-0.0105546555,
0.80075,0.0016258718,
0.801,0.0019935544,
0.80125,-0.0076611880,
0.8015,-0.0075834435,
0.80175,-0.0016750564,
0.802,0.0019570137,
0.80225,-0.0080955625,
0.8025,-0.0075275009,
0.80275,0.0068016760,
0.803,-0.0017549131,
0.80325,-0.0106074335,
0.8035,0.0003277220,
0.80375,0.0037145640,
0.804,-0.0017809157,
0.80425,-0.0110894497,
0.8045,0.0022324699,
0.80475,0.0049083680,
0.805,-0.0103209037,
0.80525,-0.0042638304,
0.8055,0.0084809158,
0.80575,0.0052413070,
0.806,-0.0044757305,
0.80625,0.0049181785,
0.8065,0.0145152444,
0.80675,0.0039104871,
0.807,0.0002163501,
0.80725,0.0059603676,
0.8075,0.0104077337,
0.80775,-0.0023413436,
0.808,-0.0034625032,
0.80825,0.0096170725,
0.8085,0.0075824382,
0.80875,-0.0041422620,
0.809,0.0052376771,
0.80925,0.0063437619,
0.8095,0.0020734677,
0.80975,-0.0015487806,
0.81,-0.0003137304,
0.81025,0.0033043618,
0.8105,-0.0043317433,
0.81075,-0.0043830518,
0.811,0.0067654736,
0.81125,-0.0031471895,
0.8115,-0.0036104652,
0.81175,0.0024946048,
0.812,-0.0025447877,
0.81225,-0.0003041064,
0.8125,-0.0049637649,
0.81275,0.0015099939,
0.813,0.0012484004,
0.81325,-0.0092747724,
0.8135,-0.0021863221,
0.81375,0.0088657290,
0.814,-0.0056911265,
0.81425,-0.0011267087,
0.8145,0.0073780706,
0.81475,0.0053835991,
0.815,0.0006593253,
0.81525,-0.0027335926,
0.8155,0.0099176066,
0.81575,0.0054893391,
0.816,-0.0074797440,
0.81625,0.0102963494,
0.8165,0.0086643528,
0.81675,0.0015785084,
0.817,-0.0001755672,
0.81725,0.0058965022,
0.8175,0.0101390472,
0.81775,-0.0013277786,
0.818,-0.0022820702,
0.81825,0.0151311839,
0.8185,0.0020742163,
0.81875,-0.0054480983,
0.819,0.0129771279,
0.81925,0.0079100709,
0.8195,0.0034588147,
0.81975,0.0025695278,
0.82,0.0100724222,
0.82025,0.0146825695,
0.8205,-0.0025507729,
0.82075,0.0044346703,
0.821,0.0166037884,
0.82125,0.0010800576,
0.8215,-0.0013299696,
0.82175,0.0025280779,
0.822,0.0096660079,
0.82225,-0.0005191893,
0.8225,-0.0045632725,
0.82275,0.0094543500,
0.823,0.0126872603,
0.82325,-0.0046877670,
0.8235,0.0008940246,
0.82375,0.0103872791,
0.824,0.0053717531,
0.82425,-0.0044602682,
0.8245,0.0012845625,
0.82475,0.0113253370,
0.825,0.0015381179,
0.82525,-0.0036889247,
0.8255,0.0115122562,
0.82575,0.0081625227,
0.826,-0.0037828137,
0.82625,-0.0017153479,
0.8265,0.0052076485,
0.82675,0.0015716866,
0.827,-0.0087668505,
0.82725,-0.0033194630,
0.8275,0.0015693579,
0.82775,-0.0071116542,
0.828,-0.0089530945,
0.82825,-0.0032968563,
0.8285,-0.0008818770,
0.82875,-0.0077387718,
0.829,-0.0099006109,
0.82925,-0.0004134410,
0.8295,-0.0057857507,
0.82975,-0.0134929353,
0.83,-0.0034800882,
0.83025,-0.0082992585,
0.8305,-0.0044053812,
0.83075,-0.0116557674,
0.831,-0.0104672387,
0.83125,-0.0034603591,
0.8315,-0.0096932221,
0.83175,-0.0102511998,
0.832,-0.0073231263,
0.83225,-0.0107978387,
0.8325,-0.0125799533,
0.83275,-0.0109861363,
0.833,-0.0095684603,
0.83325,-0.0061146701,
0.8335,-0.0120109990,
0.83375,-0.0033235969,
0.834,-0.0022365144,
0.83425,-0.0091000423,
0.8345,-0.0014881503,
0.83475,-0.0030943663,
0.835,-0.0085179992,
0.83525,-0.0074692266,
0.8355,-0.0074702753,
0.83575,0.0034913488,
0.836,-0.0091841435,
0.83625,-0.0084021259,
0.8365,0.0059815585,
0.83675,-0.0041865767,
0.837,-0.0078291092,
0.83725,-0.0013416475,
0.8375,-0.0005656222,
0.83775,-0.0028797174,
0.838,-0.0153326290,
0.83825,-0.0035145541,
0.8385,0.0081639662,
0.83875,-0.0124487197,
0.839,-0.0055868756,
0.83925,0.0049138120,
0.8395,-0.0014080561,
0.83975,-0.0029569210,
0.84,-0.0070584523,
0.84025,0.0067701167,
0.8405,-0.0014898693,
0.84075,-0.0133906528,
0.841,0.0030626380,
0.84125,0.0013810425,
0.8415,-0.0080518965,
0.84175,-0.0003153839,
0.842,0.0015263284,
0.84225,0.0041914866,
0.8425,-0.0045204782,
0.84275,-0.0090423794,
0.843,0.0081228875,
0.84325,-0.0024979548,
0.8435,-0.0102324272,
0.84375,0.0047368039,
0.844,-0.0009484176,
0.84425,-0.0061853840,
0.8445,-0.0017545293,
0.84475,0.0011657015,
0.845,0.0053634099,
0.84525,-0.0119592957,
0.8455,-0.0047767302,
0.84575,0.0053623854,
0.846,-0.0070371013,
0.84625,-0.0062296269,
0.8465,-0.0017482198,
0.84675,-0.0018762914,
0.847,-0.0050898148,
0.84725,-0.0079658795,
0.8475,0.0029452615,
0.84775,0.0047014132,
0.848,-0.0109170396,
0.84825,0.0043114047,
0.8485,0.0042072344,
0.84875,-0.0049227076,
0.849,0.0026301180,
0.84925,0.0016363850,
0.8495,0.0024318472,
0.84975,0.0003251804,
0.85,-0.0001700271,
0.85025,0.0092587881,
0.8505,0.0020335340,
0.85075,-0.0007421309,
0.851,0.0100616086,
0.85125,0.0072914073,
0.8515,-0.0015041907,
0.85175,0.0042556408,
0.852,0.0111653646,
0.85225,0.0053447131,
0.8525,0.0030727340,
0.85275,0.0094421264,
0.853,0.0127532436,
0.85325,0.0039563011,
0.8535,0.0036726999,
0.85375,0.0142257400,
0.854,0.0115570622,
0.85425,0.0000505538,
0.8545,0.0048105856,
0.85475,0.0118268840,
0.855,0.0075562815,
0.85525,0.0024717157,
0.8555,0.0065752487,
0.85575,0.0138262389,
0.856,0.0035268022,
0.85625,-0.0010004489,
0.8565,0.0106362430,
0.85675,0.0105907777,
0.857,-0.0025657343,
0.85725,-0.0009091956,
0.8575,0.0084779579,
0.85775,0.0035920748,
0.858,-0.0031794924,
0.85825,0.0009600690,
0.8585,0.0157430544,
0.85875,0.0000994727,
0.859,-0.0034091084,
0.85925,0.0092396475,
0.8595,0.0049498174,
0.85975,-0.0025008754,
0.86,-0.0041792048,
0.86025,-0.0004151823,
0.8605,0.0055333646,
0.86075,-0.0108587369,
0.861,-0.0079246629,
0.86125,0.0026168530,
0.8615,-0.0056905556,
0.86175,-0.0103833610,
0.862,-0.0065208208,
0.86225,-0.0040577766,
0.8625,-0.0019793254,
0.86275,-0.0127981845,
0.863,-0.0071374769,
0.86325,0.0021116557,
0.8635,-0.0138568915,
0.86375,-0.0044663446,
0.864,-0.0043420903,
0.86425,-0.0034987528,
0.8645,-0.0026685391,
0.86475,-0.0124323322,
0.865,-0.0003301668,
0.86525,0.0002403879,
0.8655,-0.0099699982,
0.86575,-0.0017671841,
0.866,-0.0032419781,
0.86625,-0.0050963080,
0.8665,-0.0043016453,
0.86675,-0.0059512574,
0.867,-0.0000170205,
0.86725,-0.0045522340,
0.8675,-0.0058065234,
0.86775,0.0014266393,
0.868,-0.0069749421,
0.86825,-0.0036066226,
0.8685,0.0004088162,
0.86875,-0.0081969993,
0.869,-0.0019075668,
0.86925,-0.0006007550,
0.8695,-0.0005058465,
0.86975,-0.0035435287,
0.87,-0.0033128329,
0.87025,0.0063762059,
0.8705,0.0024308609,
0.87075,-0.0050301626,
0.871,0.0035075613,
0.87125,0.0069179735,
0.8715,-0.0067961281,
0.87175,-0.0045461110,
0.872,0.0038922383,
0.87225,0.0030985619,
0.8725,-0.0053339014,
0.87275,-0.0027952036,
0.873,0.0137169901,
0.87325,0.0025223359,
0.8735,-0.0057847351,
0.87375,0.0034892864,
0.874,0.0088383052,
0.87425,-0.0030813951,
0.8745,-0.0073965592,
0.87475,0.0061836005,
0.875,0.0072039226,
0.87525,-0.0035101108,
0.8755,-0.0004628226,
0.87575,0.0093127470,
0.876,0.0093501620,
0.87625,-0.0031658560,
0.8765,-0.0021479016,
0.87675,0.0111722378,
0.877,0.0025907909,
0.87725,-0.0053086965,
0.8775,0.0040439204,
0.87775,0.0087518543,
0.878,0.0001526101,
0.87825,-0.0038558673,
0.8785,0.0053323708,
0.87875,0.0073033157,
0.879,-0.0049018464,
0.87925,-0.0007975637,
0.8795,0.0039061774,
0.87975,-0.0014772806,
0.88,-0.0013463061,
0.88025,-0.0048953504,
0.8805,0.0067072473,
0.88075,0.0014110727,
0.881,-0.0019448636,
0.88125,0.0115664136,
0.8815,0.0056310352,
0.88175,-0.0001609637,
0.882,0.0055434220,
0.88225,0.0014366074,
0.8825,0.0018209594,
0.88275,0.0007340250,
0.883,0.0036781738,
0.88325,0.0121132275,
0.8835,-0.0000628238,
0.88375,0.0051041460,
0.884,0.0130437855,
0.88425,-0.0008916308,
0.8845,0.0025783398,
0.88475,0.0063303486,
0.885,0.0037429607,
0.88525,0.0041466970,
0.8855,0.0005394790,
0.88575,0.0121231414,
0.886,0.0110114515,
0.88625,0.0000125306,
0.8865,0.0147718284,
0.88675,0.0131955277,
0.887,0.0017211213,
0.88725,0.0145672271,
0.8875,0.0122085791,
0.88775,0.0131176701,
0.888,0.0056937472,
0.88825,0.0048198518,
0.8885,0.0185841992,
0.88875,0.0079755392,
0.889,0.0004792845,
0.88925,0.0150162801,
0.8895,0.0085559012,
0.88975,0.0039281189,
0.89,0.0031191478,
0.89025,0.0075976057,
0.8905,0.0090070739,
0.89075,-0.0044783978,
0.891,-0.0035807807,
0.89125,0.0111231571,
0.8915,-0.0026960508,
0.89175,-0.0033206712,
0.892,0.0011996590,
0.89225,0.0031663200,
0.8925,0.0016739987,
0.89275,-0.0085828807,
0.893,0.0017816133,
0.89325,0.0089104204,
0.8935,-0.0123196607,
0.89375,-0.0090135550,
0.894,0.0022861129,
0.89425,-0.0068012746,
0.8945,-0.0096524078,
0.89475,-0.0097343801,
0.895,-0.0015557436,
0.89525,-0.0021863070,
0.8955,-0.0156891979,
0.89575,-0.0044229017,
0.896,0.0003783574,
0.89625,-0.0171271134,
0.8965,-0.0146588739,
0.89675,-0.0107355751,
0.897,-0.0120518431,
0.89725,-0.0136780683,
0.8975,-0.0145099415,
0.89775,-0.0094211809,
0.898,-0.0063354680,
0.89825,-0.0138787096,
0.8985,-0.0122009786,
0.89875,-0.0117127076,
0.899,-0.0114950761,
0.89925,-0.0142989308,
0.8995,-0.0144511089,
0.89975,-0.0100213699,
0.9,-0.0068641412,
0.90025,-0.0122027826,
0.9005,-0.0031290930,
0.90075,-0.0061291126,
0.901,-0.0039009494,
0.90125,-0.0049252603,
0.9015,-0.0096971728,
0.90175,-0.0019283916,
0.902,-0.0004221541,
0.90225,-0.0070346822,
0.9025,-0.0019639577,
0.90275,-0.0044241031,
0.903,-0.0003780565,
0.90325,0.0014129111,
0.9035,-0.0080921864,
0.90375,-0.0012337213,
0.904,0.0028808331,
0.90425,-0.0126971323,
0.9045,-0.0086578000,
0.90475,-0.0038994243,
0.905,-0.0084881214,
0.90525,-0.0111363912,
0.9055,-0.0149199106,
0.90575,0.0036590579,
0.906,-0.0056662406,
0.90625,-0.0153994076,
0.9065,-0.0021078358,
0.90675,0.0041218875,
0.907,-0.0106549310,
0.90725,-0.0108937863,
0.9075,-0.0001606544,
0.90775,0.0027116998,
0.908,-0.0136670358,
0.90825,-0.0100490125,
0.9085,0.0094294511,
0.90875,-0.0030695263,
0.909,-0.0113039073,
0.90925,-0.0039987648,
0.9095,0.0061620218,
0.90975,0.0003392689,
0.91,-0.0114276735,
0.91025,-0.0011516664,
0.9105,0.0124018844,
0.91075,-0.0081679523,
0.911,-0.0035847621,
0.91125,0.0071296287,
0.9115,0.0057986421,
0.91175,-0.0029269117,
0.912,-0.0048275660,
0.91225,0.0082263891,
0.9125,0.0072617689,
0.91275,-0.0075563458,
0.913,-0.0039047282,
0.91325,0.0035192515,
0.9135,-0.0020646714,
0.91375,-0.0031025882,
0.914,-0.0046744053,
0.91425,0.0067875544,
0.9145,0.0008491199,
0.91475,-0.0057686870,
0.915,0.0069720349,
0.91525,0.0028169269,
0.9155,-0.0035011959,
0.91575,-0.0001269269,
0.916,-0.0011349584,
0.91625,0.0023914981,
0.9165,0.0021904360,
0.91675,0.0062354929,
0.917,0.0068196896,
0.91725,0.0058489968,
0.9175,0.0109157423,
0.91775,0.0128149036,
0.918,0.0005943829,
0.91825,0.0084227771,
0.9185,0.0101752020,
0.91875,0.0062817005,
0.919,0.0028025042,
0.91925,0.0073581366,
0.9195,0.0127357859,
0.91975,0.0059661274,
0.92,0.0061923508,
0.92025,0.0195495300,
0.9205,0.0136620281,
0.92075,0.0029090154,
0.921,0.0087474603,
0.92125,0.0142794196,
0.9215,0.0056864549,
0.92175,-0.0003673779,
0.922,0.0129269529,
0.92225,0.0148495156,
0.9225,0.0054881759,
0.92275,0.0078807874,
0.923,0.0164240524,
0.92325,0.0097390804,
0.9235,-0.0007756618,
0.92375,0.0068066693,
0.924,0.0137136932,
0.92425,0.0027729995,
0.9245,-0.0005013208,
0.92475,0.0097178640,
0.925,0.0108996881,
0.92525,0.0084870616,
0.9255,-0.0004384639,
0.92575,0.0056699128,
0.926,0.0098062111,
0.92625,-0.0060688797,
0.9265,-0.0027345552,
0.92675,0.0073633413,
0.927,0.0010853236,
0.92725,-0.0059467014,
0.9275,-0.0043654721,
0.92775,0.0034969109,
0.928,0.0012818838,
0.92825,-0.0132160001,
0.9285,-0.0059691775,
0.92875,0.0020023340,
0.929,-0.0100210300,
0.92925,-0.0052048787,
0.9295,-0.0032705721,
0.92975,-0.0001217502,
0.93,-0.0042283772,
0.93025,-0.0106062507,
0.9305,0.0021307431,
0.93075,-0.0042897314,
0.931,-0.0077044051,
0.93125,-0.0019526670,
0.9315,-0.0029471915,
0.93175,-0.0008351943,
0.932,-0.0026415626,
0.93225,-0.0102186687,
0.9325,-0.0022003136,
0.93275,-0.0035933554,
0.933,-0.0133318044,
0.93325,-0.0054514771,
0.9335,-0.0116652707,
0.93375,-0.0049757045,
0.934,-0.0097242994,
0.93425,-0.0113776317,
0.9345,-0.0011802085,
0.93475,-0.0085277362,
0.935,-0.0130355097,
0.93525,-0.0070201261,
0.9355,-0.0044853552,
0.93575,-0.0025111332,
0.936,-0.0078863082,
0.93625,-0.0095572257,
0.9365,0.0028597265,
0.93675,-0.0008511410,
0.937,-0.0061431248,
0.93725,-0.0001897783,
0.9375,-0.0011830931,
0.93775,-0.0000151873,
0.938,-0.0045774006,
0.93825,-0.0027571879,
0.9385,0.0102281338,
0.93875,0.0011616885,
0.939,-0.0046088453,
0.93925,0.0038034800,
0.9395,0.0124072274,
0.93975,0.0042641200,
0.94,-0.0024919226,
0.94025,0.0038996895,
0.9405,0.0101100542,
0.94075,-0.0027706781,
0.941,-0.0092082759,
0.94125,0.0035645706,
0.9415,0.0066184020,
0.94175,-0.0092123440,
0.942,-0.0068131620,
0.94225,0.0089529762,
0.9425,0.0009139777,
0.94275,-0.0171087906,
0.943,-0.0085918317,
0.94325,0.0024044309,
0.9435,-0.0094124703,
0.94375,-0.0165951662,
0.944,-0.0044607427,
0.94425,0.0051182839,
0.9445,-0.0112977382,
0.94475,-0.0102875857,
0.945,0.0007796544,
0.94525,0.0013245458,
0.9455,-0.0136373043,
0.94575,-0.0064050816,
0.946,0.0052424287,
0.94625,-0.0033884482,
0.9465,-0.0073483395,
0.94675,-0.0006010221,
0.947,0.0053954432,
0.94725,0.0050226357,
0.9475,-0.0040395213,
0.94775,0.0038199481,
0.948,0.0099113882,
0.94825,-0.0001676038,
0.9485,-0.0023417957,
0.94875,0.0106224502,
0.949,0.0001646258,
0.94925,0.0003949895,
0.9495,0.0005642456,
0.94975,0.0024948700,
0.95,0.0082073212,
0.95025,0.0013338535,
0.9505,0.0017993170,
0.95075,0.0066293920,
0.951,0.0018487594,
0.95125,0.0044324910,
0.9515,-0.0019038164,
0.95175,0.0002225049,
0.952,0.0045197890,
0.95225,-0.0003563398,
0.9525,0.0037471510,
0.95275,0.0018960430,
0.953,0.0067687593,
0.95325,0.0075436868,
0.9535,0.0019394081,
0.95375,0.0082950629,
0.954,0.0163644031,
0.95425,0.0028704759,
0.9545,0.0048729321,
0.95475,0.0083728191,
0.955,0.0105859693,
0.95525,0.0079455124,
0.9555,-0.0033315995,
0.95575,0.0119085945,
0.956,0.0146665899,
0.95625,0.0001189845,
0.9565,0.0096501987,
0.95675,0.0139887361,
0.957,0.0056536687,
0.95725,0.0044774939,
0.9575,0.0037717768,
0.95775,0.0135977427,
0.958,0.0081985388,
0.95825,-0.0054311538,
0.9585,0.0132239154,
0.95875,0.0108501492,
0.959,0.0023366113,
0.95925,0.0017342321,
0.9595,0.0046451977,
0.95975,0.0045537036,
0.96,-0.0058263503,
0.96025,-0.0071665435,
0.9605,0.0070090923,
0.96075,-0.0049811746,
0.961,-0.0120153660,
0.96125,0.0009952226,
0.9615,-0.0003439634,
0.96175,-0.0042710397,
0.962,-0.0083016846,
0.96225,-0.0061953808,
0.9625,0.0005788557,
0.96275,-0.0114060706,
0.963,-0.0149929514,
0.96325,-0.0010236943,
0.9635,-0.0057297987,
0.96375,-0.0094532203,
0.964,-0.0068670837,
0.96425,0.0003323186,
0.9645,0.0015053349,
0.96475,-0.0063279262,
0.965,-0.0021179491,
0.96525,0.0035780030,
0.9655,0.0014305445,
0.96575,-0.0047985110,
0.966,-0.0014478812,
0.96625,0.0050366679,
0.9665,0.0043220529,
0.96675,-0.0028261959,
0.967,0.0030126248,
0.96725,0.0076860841,
0.9675,-0.0009074335,
0.96775,-0.0002376207,
0.968,0.0025994065,
0.96825,0.0007320859,
0.9685,0.0015256910,
0.96875,-0.0040050931,
0.969,0.0003746141,
0.96925,0.0048396266,
0.9695,-0.0011633136,
0.96975,-0.0017349473,
0.97,0.0005224628,
0.97025,0.0004690605,
0.9705,0.0030584738,
0.97075,-0.0026146204,
0.971,-0.0076634279,
0.97125,0.0042635505,
0.9715,-0.0034604664,
0.97175,-0.0056244228,
0.972,0.0023977878,
0.97225,0.0060500447,
0.9725,0.0027698507,
0.97275,0.0003836183,
0.973,0.0041679926,
0.97325,0.0156861395,
0.9735,0.0023989337,
0.97375,-0.0028712610,
0.974,0.0102849947,
0.97425,0.0097231977,
0.9745,-0.0018301657,
0.97475,0.0021496930,
0.975,0.0160443615,
0.97525,0.0153497290,
0.9755,-0.0047230478,
0.97575,0.0070435391,
0.976,0.0233343430,
0.97625,0.0061919615,
0.9765,-0.0019712709,
0.97675,0.0061113639,
0.977,0.0144874677,
0.97725,0.0021241915,
0.9775,-0.0126749072,
0.97775,0.0071542393,
0.978,0.0168869123,
0.97825,-0.0106330728,
0.9785,-0.0067384127,
0.97875,0.0088526048,
0.979,0.0040855636,
0.97925,-0.0089914128,
0.9795,-0.0076446468,
0.97975,0.0062754108,
0.98,0.0015413469,
0.98025,-0.0133980345,
0.9805,0.0010313126,
0.98075,0.0063567590,
0.981,0.0003552252,
0.98125,-0.0065332176,
0.9815,0.0013264838,
0.98175,0.0054473411,
0.982,-0.0029623103,
0.98225,-0.0024151313,
0.9825,0.0063105393,
0.98275,0.0016926626,
0.983,0.0036870218,
0.98325,0.0044892719,
0.9835,0.0094484277,
0.98375,0.0079326313,
0.984,0.0075084954,
0.98425,0.0061096246,
0.9845,0.0067718765,
0.98475,0.0059731263,
0.985,0.0066176471,
0.98525,0.0062274933,
0.9855,0.0018702971,
0.98575,0.0084740547,
0.986,0.0082956422,
0.98625,0.0050608749,
0.9865,0.0071372110,
0.98675,0.0113530401,
0.987,0.0090015410,
0.98725,0.0033996815,
0.9875,0.0076993639,
0.98775,0.0121431500,
0.988,0.0006896350,
0.98825,-0.0025243431,
0.9885,0.0068590720,
0.98875,0.0085067926,
0.989,-0.0004256516,
0.98925,-0.0002424755,
0.9895,0.0125106703,
0.98975,0.0061132251,
0.99,-0.0050960812,
0.99025,0.0042154305,
0.9905,0.0093052806,
0.99075,0.0033989022,
0.991,-0.0066330554,
0.99125,0.0062109861,
0.9915,0.0141191194,
0.99175,-0.0018485477,
0.992,-0.0052677318,
0.99225,0.0043735388,
0.9925,0.0037145473,
0.99275,-0.0059262966,
0.993,-0.0106357448,
0.99325,0.0005198956,
0.9935,0.0018173414,
0.99375,-0.0180681832,
0.994,-0.0075529404,
0.99425,0.0012412118,
0.9945,-0.0064476654,
0.99475,-0.0110281119,
0.995,-0.0094563561,
0.99525,-0.0000163213,
0.9955,-0.0051752711,
0.99575,-0.0159223303,
0.996,-0.0030947037,
0.99625,-0.0032648258,
0.9965,-0.0115173236,
0.99675,-0.0133107370,
0.997,-0.0094904015,
0.99725,-0.0028265791,
0.9975,-0.0152786728,
0.99775,-0.0122807566,
0.998,-0.0041818861,
0.99825,-0.0099585932,
0.9985,-0.0160047300,
0.99875,-0.0104705803,
0.999,-0.0167882573,
0.99925,-0.0096419072,
0.9995,-0.0170970485,
0.99975,-0.0163410306,
1,-0.0034065263,
1.00025,-0.0100043230,
1.0005,-0.0090172235,
1.00075,-0.0030821550,
1.001,-0.0049174898,
1.00125,-0.0006281399,
1.0015,-0.0054085637,
1.00175,-0.0044932431,
1.002,0.0027567928,
1.00225,-0.0043211831,
1.0025,-0.0060133720,
1.00275,0.0005904856,
1.003,-0.0046515330,
1.00325,0.0007934052,
1.0035,-0.0036780611,
1.00375,-0.0056958622,
1.004,0.0064554247,
1.00425,-0.0046568955,
1.0045,-0.0010102495,
1.00475,-0.0006582215,
1.005,0.0014529440,
1.00525,0.0057715736,
1.0055,-0.0045670308,
1.00575,-0.0014076360,
1.006,0.0106788073,
1.00625,-0.0003021202,
1.0065,-0.0101474160,
1.00675,-0.0002425561,
1.007,0.0034521262,
1.00725,-0.0052950606,
1.0075,-0.0141229704,
1.00775,-0.0013032875,
1.008,0.0067208251,
1.00825,-0.0121448711,
1.0085,-0.0104159676,
1.00875,0.0091944458,
1.009,0.0043919832,
1.00925,-0.0131418891,
1.0095,-0.0033347427,
1.00975,0.0120259915,
1.01,-0.0005919692,
1.01025,-0.0101967435,
1.0105,0.0011170896,
1.01075,0.0118979346,
1.011,0.0015398187,
1.01125,-0.0111813173,
1.0115,0.0098600183,
1.01175,0.0118081495,
1.012,-0.0040919231,
1.01225,-0.0047592311,
1.0125,0.0092872391,
1.01275,0.0081504835,
1.013,-0.0086721489,
1.01325,-0.0041861786,
1.0135,0.0098046195,
1.01375,0.0038158868,
1.014,-0.0074792011,
1.01425,-0.0009059845,
1.0145,0.0085108066,
1.01475,0.0047578532,
1.015,-0.0040490665,
1.01525,-0.0043600178,
1.0155,0.0128831621,
1.01575,-0.0052747126,
1.016,-0.0084156189,
1.01625,0.0038243942,
1.0165,0.0023256899,
1.01675,0.0004202881,
1.017,-0.0028561943,
1.01725,-0.0009597986,
1.0175,0.0092599178,
1.01775,0.0009952332,
1.018,-0.0048009059,
1.01825,0.0045157741,
1.0185,0.0069070514,
1.01875,0.0069340402,
1.019,0.0046397680,
1.01925,0.0022933378,
1.0195,0.0184379369,
1.01975,0.0102415681,
1.02,0.0027898166,
1.02025,0.0137111070,
1.0205,0.0170384701,
1.02075,0.0120883305,
1.021,-0.0012273347,
1.02125,0.0101269986,
1.0215,0.0170253199,
1.02175,0.0018120785,
1.022,0.0019446736,
1.02225,0.0151751610,
1.0225,0.0139959380,
1.02275,0.0069803097,
1.023,-0.0005376207,
1.02325,0.0151489303,
1.0235,0.0162997134,
1.02375,-0.0073612691,
1.024,0.0048599727,
1.02425,0.0121017126,
1.0245,-0.0027358313,
1.02475,-0.0034830195,
1.025,0.0007117826,
1.02525,0.0089910263,
1.0255,0.0006596982,
1.02575,-0.0111670475,
1.026,0.0022863420,
1.02625,0.0058190990,
1.0265,-0.0064678611,
1.02675,-0.0055763498,
1.027,0.0003406429,
1.02725,0.0044085402,
1.0275,-0.0085989935,
1.02775,-0.0074074999,
1.028,0.0089385100,
1.02825,0.0007567241,
1.0285,-0.0111597683,
1.02875,-0.0015081174,
1.029,0.0039820797,
1.02925,0.0015917212,
1.0295,-0.0095150936,
1.02975,-0.0058643450,
1.03,0.0070930459,
1.03025,-0.0055792532,
1.0305,-0.0114628896,
1.03075,-0.0005034962,
1.031,0.0008617640,
1.03125,-0.0059204153,
1.0315,-0.0105380509,
1.03175,-0.0055274223,
1.032,0.0007520738,
1.03225,-0.0114628011,
1.0325,-0.0167905688,
1.03275,-0.0044878176,
1.033,-0.0043885810,
1.03325,-0.0120515833,
1.0335,-0.0132821398,
1.03375,-0.0072870026,
1.034,-0.0016925252,
1.03425,-0.0105241453,
1.0345,-0.0101082409,
1.03475,-0.0063598440,
1.035,-0.0045517166,
1.03525,-0.0129688885,
1.0355,-0.0098986719,
1.03575,-0.0015777061,
1.036,-0.0045475457,
1.03625,-0.0092283441,
1.0365,-0.0061704367,
1.03675,-0.0016975878,
1.037,0.0013428344,
1.03725,-0.0055024233,
1.0375,-0.0072386931,
1.03775,0.0014020887,
1.038,-0.0008453702,
1.03825,-0.0037979428,
1.0385,-0.0005614689,
1.03875,0.0001900717,
1.039,0.0055930139,
1.03925,-0.0055701686,
1.0395,-0.0002011097,
1.03975,0.0069024973,
1.04,0.0008475545,
1.04025,-0.0055831820,
1.0405,-0.0065708300,
1.04075,0.0023870883,
1.041,-0.0017790999,
1.04125,-0.0127640907,
1.0415,-0.0010190548,
1.04175,0.0057954178,
1.042,-0.0079412898,
1.04225,-0.0079351272,
1.0425,-0.0019255569,
1.04275,0.0034075445,
1.043,-0.0065748459,
1.04325,-0.0166312270,
1.0435,0.0056834570,
1.04375,0.0014276184,
1.044,-0.0164281819,
1.04425,-0.0028743884,
1.0445,0.0049968585,
1.04475,0.0050444193,
1.045,-0.0076820944,
1.04525,-0.0077982983,
1.0455,0.0135468552,
1.04575,0.0037373141,
1.046,-0.0160425212,
1.04625,0.0046547088,
1.0465,0.0072104018,
1.04675,-0.0041233567,
1.047,-0.0041058329,
1.04725,0.0030188847,
1.0475,0.0106852017,
1.04775,0.0018767313,
1.048,-0.0080930265,
1.04825,0.0127827711,
1.0485,0.0059910780,
1.04875,-0.0009346724,
1.049,-0.0031015489,
1.04925,0.0036603836,
1.0495,0.0105320243,
1.04975,-0.0011672125,
1.05,0.0023358776,
1.05025,0.0124535905,
1.0505,0.0076691089,
1.05075,0.0026539760,
1.051,0.0041036457,
1.05125,0.0033770916,
1.0515,0.0117366966,
1.05175,-0.0039670924,
1.052,-0.0010180775,
1.05225,0.0119834589,
1.0525,0.0057698339,
1.05275,-0.0001357673,
1.053,0.0025211913,
1.05325,0.0065989895,
1.0535,0.0111421710,
1.05375,-0.0023137636,
1.054,0.0039758878,
1.05425,0.0122745195,
1.0545,0.0049628569,
1.05475,-0.0014680272,
1.055,0.0089716464,
1.05525,0.0123625025,
1.0555,0.0096054357,
1.05575,0.0015836111,
1.056,0.0106304800,
1.05625,0.0192067884,
1.0565,0.0088651609,
1.05675,0.0037297688,
1.057,0.0130751254,
1.05725,0.0155687388,
1.0575,-0.0004641851,
1.05775,0.0005391958,
1.058,0.0103875473,
1.05825,0.0087547721,
1.0585,-0.0011639672,
1.05875,0.0002611403,
1.059,0.0110491505,
1.05925,0.0036700750,
1.0595,-0.0098215928,
1.05975,-0.0017875817,
1.06,0.0032239086,
1.06025,-0.0006988686,
1.0605,-0.0091022216,
1.06075,-0.0051335795,
1.061,0.0082523115,
1.06125,-0.0023630327,
1.0615,-0.0105031971,
1.06175,-0.0001147811,
1.062,0.0000457687,
1.06225,-0.0069960812,
1.0625,-0.0076774140,
1.06275,-0.0039127325,
1.063,0.0024740016,
1.06325,-0.0066332030,
1.0635,-0.0144597013,
1.06375,0.0022571781,
1.064,-0.0026253716,
1.06425,-0.0087555042,
1.0645,-0.0091954209,
1.06475,0.0002705374,
1.065,0.0004367161,
1.06525,-0.0129854158,
1.0655,-0.0017897186,
1.06575,0.0033925148,
1.066,-0.0051956479,
1.06625,-0.0054917480,
1.0665,-0.0035515742,
1.06675,0.0032083995,
1.067,0.0002387295,
1.06725,-0.0083928136,
1.0675,0.0035507763,
1.06775,0.0052619111,
1.068,-0.0068044853,
1.06825,-0.0007658453,
1.0685,-0.0026405219,
1.06875,-0.0004101307,
1.069,-0.0033457358,
1.06925,-0.0088860309,
1.0695,0.0043394491,
1.06975,0.0008647189,
1.07,-0.0101947123,
1.07025,-0.0006284105,
1.0705,-0.0004143871,
1.07075,-0.0017398631,
1.071,-0.0050381660,
1.07125,-0.0115000280,
1.0715,-0.0007895304,
1.07175,-0.0051100133,
1.072,-0.0135019710,
1.07225,-0.0037639197,
1.0725,-0.0052822959,
1.07275,-0.0019245938,
1.073,-0.0033989209,
1.07325,-0.0066230251,
1.0735,0.0075904937,
1.07375,-0.0042652935,
1.074,-0.0094176084,
1.07425,-0.0039219675,
1.0745,-0.0039774943,
1.07475,-0.0001460730,
1.075,-0.0046229814,
1.07525,-0.0040959744,
1.0755,0.0088653080,
1.07575,0.0003744418,
1.076,-0.0064537791,
1.07625,0.0015600389,
1.0765,0.0046938369,
1.07675,-0.0068770265,
1.077,-0.0108154397,
1.07725,-0.0029137942,
1.0775,0.0018145231,
1.07775,-0.0119812489,
1.078,-0.0101582129,
1.07825,-0.0016766365,
1.0785,-0.0025548851,
1.07875,-0.0148735987,
1.079,-0.0134888766,
1.07925,0.0001547229,
1.0795,-0.0092114974,
1.07975,-0.0190039445,
1.08,-0.0081010731,
1.08025,-0.0023538289,
1.0805,-0.0078138728,
1.08075,-0.0128330486,
1.081,-0.0001542492,
1.08125,0.0053139012,
1.0815,-0.0043191700,
1.08175,-0.0037068848,
1.082,0.0070323488,
1.08225,0.0025010780,
1.0825,0.0009829530,
1.08275,-0.0044342219,
1.083,0.0052571348,
1.08325,0.0057731410,
1.0835,-0.0029057562,
1.08375,0.0036266283,
1.084,0.0057967664,
1.08425,0.0011921132,
1.0845,-0.0011758417,
1.08475,-0.0074134497,
1.085,0.0003063816,
1.08525,0.0053268294,
1.0855,-0.0084452182,
1.08575,0.0003218290,
1.086,0.0078341840,
1.08625,0.0048851729,
1.0865,0.0058279647,
1.08675,0.0030231993,
1.087,0.0123287980,
1.08725,0.0129137728,
1.0875,-0.0037904182,
1.08775,0.0065871477,
1.088,0.0084599061,
1.08825,0.0025467849,
1.0885,0.0018567172,
1.08875,-0.0012634292,
1.089,0.0128507139,
1.08925,0.0054932311,
1.0895,-0.0049295090,
1.08975,0.0095607573,
1.09,0.0082541592,
1.09025,0.0041934270,
1.0905,0.0023126691,
1.09075,0.0032326095,
1.091,0.0140419416,
1.09125,0.0054335948,
1.0915,0.0015539046,
1.09175,0.0204547141,
1.092,0.0118542919,
1.09225,0.0044870148,
1.0925,0.0080171293,
1.09275,0.0085939337,
1.093,0.0125419954,
1.09325,-0.0048926556,
1.0935,-0.0042922026,
1.09375,0.0131212184,
1.094,-0.0024518406,
1.09425,-0.0034817054,
1.0945,0.0040204013,
1.09475,0.0034980383,
1.095,-0.0015612295,
1.09525,-0.0088745784,
1.0955,-0.0002123210,
1.09575,0.0046796300,
1.096,-0.0076858797,
1.09625,-0.0018591068,
1.0965,0.0023697140,
1.09675,-0.0006179740,
1.097,0.0006634398,
1.09725,-0.0076787183,
1.0975,-0.0030955188,
1.09775,0.0039718663,
1.098,-0.0120654665,
1.09825,-0.0072015398,
1.0985,-0.0019890021,
1.09875,-0.0037834789,
1.099,-0.0087203067,
1.09925,-0.0101426532,
1.0995,-0.0006789410,
1.09975,-0.0015402236,
1.1,-0.0132784145,
1.10025,-0.0039136112,
1.1005,0.0021108063,
1.10075,-0.0002456713,
1.101,-0.0041020298,
1.10125,-0.0030813899,
1.1015,0.0056735668,
1.10175,0.0006151274,
1.102,-0.0075056148,
1.10225,0.0006410718,
1.1025,0.0016219730,
1.10275,-0.0059846067,
1.103,-0.0107371751,
1.10325,-0.0042598979,
1.1035,0.0014639660,
1.10375,-0.0095708882,
1.104,-0.0060054353,
1.10425,-0.0023962678,
1.1045,0.0001638424,
1.10475,-0.0092758872,
1.105,-0.0044579147,
1.10525,-0.0011182389,
1.1055,-0.0028107474,
1.10575,-0.0065405732,
1.106,0.0007657286,
1.10625,0.0025744515,
1.1065,-0.0050152834,
1.10675,-0.0060335100,
1.107,-0.0046863467,
1.10725,-0.0063687894,
1.1075,-0.0088643553,
1.10775,-0.0073385150,
1.108,-0.0034237942,
1.10825,-0.0023501026,
1.1085,-0.0027906992,
1.10875,-0.0041685733,
1.109,-0.0023825301,
1.10925,-0.0034247164,
1.1095,-0.0051980563,
1.10975,-0.0032461453,
1.11,-0.0060776994,
1.11025,-0.0018113687,
1.1105,-0.0041703912,
1.11075,-0.0089597916,
1.111,0.0022104811,
1.11125,-0.0033071251,
1.1115,-0.0091996491,
1.11175,-0.0048779193,
1.112,-0.0055086901,
1.11225,-0.0031280541,
1.1125,-0.0071842037,
1.11275,-0.0139443167,
1.113,0.0018664273,
1.11325,-0.0025451381,
1.1135,-0.0175203364,
1.11375,-0.0016364709,
1.114,-0.0049438085,
1.11425,-0.0095586637,
1.1145,-0.0103258099,
1.11475,-0.0065488387,
1.115,0.0039652372,
1.11525,-0.0078744786,
1.1155,-0.0111766439,
1.11575,0.0038957358,
1.116,-0.0002079566,
1.11625,-0.0032190592,
1.1165,0.0000394471,
1.11675,0.0023090257,
1.117,0.0086413901,
1.11725,-0.0003681435,
1.1175,0.0036278402,
1.11775,0.0153280059,
1.118,0.0015935749,
1.11825,0.0035876785,
1.1185,0.0087723220,
1.11875,0.0063707437,
1.119,0.0127719045,
1.11925,0.0047632153,
1.1195,0.0090748640,
1.11975,0.0145975398,
1.12,0.0062751751,
1.12025,0.0106641380,
1.1205,0.0125341853,
1.12075,0.0075444123,
1.121,0.0110508800,
1.12125,0.0036175435,
1.1215,0.0021527319,
1.12175,0.0093951486,
1.122,0.0000578842,
1.12225,0.0045591248,
1.1225,0.0074930154,
1.12275,0.0086947009,
1.123,0.0059576123,
1.12325,0.0034420763,
1.1235,0.0054424466,
1.12375,0.0080794115,
1.124,-0.0006084089,
1.12425,-0.0006502041,
1.1245,0.0051823370,
1.12475,0.0018611718,
1.125,0.0025430114,
1.12525,0.0037291138,
1.1255,0.0067128045,
1.12575,0.0059016636,
1.126,-0.0033342626,
1.12625,0.0034952913,
1.1265,0.0089874752,
1.12675,0.0002884000,
1.127,-0.0006749118,
1.12725,0.0038674134,
1.1275,0.0031627014,
1.12775,0.0050297370,
1.128,0.0001983610,
1.12825,0.0011348326,
1.1285,0.0035931156,
1.12875,-0.0039107148,
1.129,-0.0031538752,
1.12925,0.0026171161,
1.1295,-0.0044727698,
1.12975,-0.0011481034,
1.13,-0.0038016089,
1.13025,-0.0020400342,
1.1305,0.0027055831,
1.13075,-0.0066924985,
1.131,-0.0038625444,
1.13125,0.0006559730,
1.1315,-0.0020926425,
1.13175,-0.0067496668,
1.132,-0.0053920280,
1.13225,-0.0044954796,
1.1325,-0.0012718248,
1.13275,-0.0114333630,
1.133,0.0002668093,
1.13325,0.0020129574,
1.1335,-0.0045080977,
1.13375,-0.0013332071,
1.134,-0.0000111694,
1.13425,0.0021206771,
1.1345,0.0001897607,
1.13475,-0.0125470813,
1.135,0.0049761892,
1.13525,0.0008076779,
1.1355,-0.0035788890,
1.13575,0.0035840524,
1.136,0.0014736654,
1.13625,0.0018761260,
1.1365,-0.0018050806,
1.13675,-0.0034642846,
1.137,0.0104416916,
1.13725,0.0046361247,
1.1375,-0.0021460161,
1.13775,0.0071742288,
1.138,0.0046704193,
1.13825,0.0029341332,
1.1385,0.0001359875,
1.13875,0.0016012350,
1.139,0.0073182592,
1.13925,-0.0005096908,
1.1395,0.0012728369,
1.13975,0.0093215536,
1.14,0.0019324231,
1.14025,0.0023370401,
1.1405,-0.0000372006,
1.14075,0.0017837037,
1.141,-0.0001711235,
1.14125,-0.0067028888,
1.1415,-0.0013969520,
1.14175,0.0017026282,
1.142,-0.0050525321,
1.14225,0.0027484689,
1.1425,-0.0025604335,
1.14275,-0.0034364713,
1.143,0.0012103710,
1.14325,-0.0045467187,
1.1435,-0.0079248995,
1.14375,-0.0033744853,
1.144,-0.0069694594,
1.14425,-0.0027661885,
1.1445,-0.0034744977,
1.14475,0.0025702543,
1.145,0.0029661977,
1.14525,-0.0014043543,
1.1455,0.0018401484,
1.14575,0.0089035826,
1.146,0.0045595639,
1.14625,-0.0036654656,
1.1465,0.0031272005,
1.14675,0.0078145824,
1.147,0.0014676749,
1.14725,-0.0005207221,
1.1475,0.0121684391,
1.14775,0.0100243045,
1.148,0.0001187312,
1.14825,0.0047146524,
1.1485,0.0093947966,
1.14875,0.0066531915,
1.149,-0.0062163058,
1.14925,0.0005645882,
1.1495,0.0096458765,
1.14975,0.0026992047,
1.15,-0.0004399560,
1.15025,0.0069500324,
1.1505,0.0095111122,
1.15075,0.0014024009,
1.151,-0.0019759822,
1.15125,0.0101121720,
1.1515,0.0040331976,
1.15175,0.0008993572,
1.152,0.0037717707,
1.15225,0.0074479999,
1.1525,0.0100366389,
1.15275,0.0023360471,
1.153,0.0088237738,
1.15325,0.0156763606,
1.1535,0.0103476327,
1.15375,0.0149255861,
1.154,0.0149482684,
1.15425,0.0141794905,
1.1545,0.0168124475,
1.15475,0.0109022930,
1.155,0.0151974037,
1.15525,0.0189302377,
1.1555,0.0125798006,
1.15575,0.0206419118,
1.156,0.0191455875,
1.15625,0.0133578293,
1.1565,0.0199224725,
1.15675,0.0121917911,
1.157,0.0117964279,
1.15725,0.0123730563,
1.1575,0.0098333210,
1.15775,0.0085389763,
1.158,0.0013170061,
1.15825,0.0038496635,
1.1585,0.0119965347,
1.15875,-0.0031474154,
1.159,0.0016111856,
1.15925,0.0039347950,
1.1595,-0.0066122878,
1.15975,-0.0062200869,
1.16,-0.0053617689,
1.16025,-0.0020638823,
1.1605,-0.0042837495,
1.16075,-0.0136781745,
1.161,-0.0008171907,
1.16125,-0.0021594747,
1.1615,-0.0108357389,
1.16175,-0.0024511514,
1.162,-0.0044918489,
1.16225,-0.0055832388,
1.1625,-0.0019414081,
1.16275,-0.0068658506,
1.163,0.0028184555,
1.16325,-0.0065614106,
1.1635,-0.0110232169,
1.16375,0.0014940458,
1.164,-0.0072459942,
1.16425,-0.0041268528,
1.1645,-0.0040068040,
1.16475,-0.0095719956,
1.165,-0.0030784074,
1.16525,-0.0058949254,
1.1655,-0.0107734986,
1.16575,-0.0064000245,
1.166,-0.0060643908,
1.16625,-0.0105913114,
1.1665,-0.0094580539,
1.16675,-0.0084896022,
1.167,-0.0045549530,
1.16725,-0.0115158241,
1.1675,-0.0101930937,
1.16775,-0.0044510425,
1.168,-0.0072820527,
1.16825,-0.0141225941,
1.1685,-0.0111214956,
1.16875,-0.0069544832,
1.169,-0.0077772816,
1.16925,-0.0107864086,
1.1695,-0.0067471997,
1.16975,-0.0066334032,
1.17,-0.0069799558,
1.17025,-0.0079129599,
1.1705,-0.0033562579,
1.17075,-0.0032625715,
1.171,-0.0066274568,
1.17125,-0.0085505042,
1.1715,-0.0088752881,
1.17175,-0.0018135627,
1.172,-0.0086600967,
1.17225,-0.0098977536,
1.1725,-0.0022211359,
1.17275,-0.0023265842,
1.173,-0.0059334217,
1.17325,-0.0042814706,
1.1735,-0.0035814845,
1.17375,-0.0062329359,
1.174,-0.0128922192,
1.17425,-0.0117741860,
1.1745,-0.0009301219,
1.17475,-0.0097629577,
1.175,-0.0106295673,
1.17525,-0.0011698869,
1.1755,-0.0054921433,
1.17575,-0.0061900485,
1.176,-0.0071855360,
1.17625,-0.0043347739,
1.1765,-0.0061994148,
1.17675,-0.0092902370,
1.177,-0.0076154936,
1.17725,-0.0062940153,
1.1775,-0.0081554558,
1.17775,-0.0051177293,
1.178,-0.0072872723,
1.17825,-0.0049127517,
1.1785,-0.0011098951,
1.17875,-0.0089786202,
1.179,-0.0065455078,
1.17925,-0.0008294944,
1.1795,-0.0034137801,
1.17975,0.0023830079,
1.18,-0.0071954168,
1.18025,0.0019985982,
1.1805,0.0088570146,
1.18075,-0.0045630983,
1.181,0.0062782834,
1.18125,0.0116281817,
1.1815,0.0035756086,
1.18175,0.0020049692,
1.182,0.0024587298,
1.18225,0.0104788411,
1.1825,0.0043064808,
1.18275,-0.0034860168,
1.183,0.0097152852,
1.18325,0.0100344475,
1.1835,0.0009820682,
1.18375,0.0071116947,
1.184,0.0081631299,
1.18425,0.0068300073,
1.1845,0.0014791860,
1.18475,0.0009100193,
1.185,0.0142348101,
1.18525,0.0041920627,
1.1855,0.0032473656,
1.18575,0.0123354802,
1.186,0.0075688409,
1.18625,0.0102632968,
1.1865,0.0064488556,
1.18675,0.0093303192,
1.187,0.0177782588,
1.18725,0.0076206997,
1.1875,0.0070501659,
1.18775,0.0151697835,
1.188,0.0106643522,
1.18825,0.0111270500,
1.1885,0.0128674340,
1.18875,0.0117213847,
1.189,0.0180136748,
1.18925,0.0063275164,
1.1895,0.0125205535,
1.18975,0.0178095102,
1.19,0.0144771449,
1.19025,0.0116268639,
1.1905,0.0134501290,
1.19075,0.0090032713,
1.191,0.0116907246,
1.19125,0.0068852305,
1.1915,0.0091990745,
1.19175,0.0107649704,
1.192,0.0062376591,
1.19225,0.0050802417,
1.1925,0.0050550746,
1.19275,0.0043254942,
1.193,0.0048211450,
1.19325,-0.0004615269,
1.1935,-0.0011095409,
1.19375,0.0037920200,
1.194,-0.0004382285,
1.19425,-0.0008182630,
1.1945,0.0005064255,
1.19475,0.0026559306,
1.195,-0.0017618492,
1.19525,-0.0005339559,
1.1955,-0.0012618675,
1.19575,0.0009625488,
1.196,-0.0034644431,
1.19625,-0.0084037445,
1.1965,0.0019163358,
1.19675,-0.0043383804,
1.197,-0.0072430149,
1.19725,-0.0022650186,
1.1975,-0.0023991247,
1.19775,-0.0023979256,
1.198,-0.0014968326,
1.19825,-0.0040726191,
1.1985,-0.0007505459,
1.19875,-0.0031158093,
1.199,-0.0058202567,
1.19925,0.0000267108,
1.1995,-0.0058337720,
1.19975,-0.0029343893,
1.2,-0.0017510443,
1.20025,-0.0092408080,
1.2005,0.0018398403,
1.20075,-0.0017403440,
1.201,-0.0083722901,
1.20125,-0.0032873394,
1.2015,-0.0098582394,
1.20175,-0.0023939896,
1.202,-0.0080777900,
1.20225,-0.0125143258,
1.2025,-0.0013840081,
1.20275,-0.0059559685,
1.203,-0.0106101092,
1.20325,-0.0024761716,
1.2035,-0.0042676777,
1.20375,0.0002848368,
1.204,-0.0064819055,
1.20425,-0.0057654362,
1.2045,0.0054101674,
1.20475,-0.0106025031,
1.205,-0.0078601502,
1.20525,0.0027682132,
1.2055,-0.0033905585,
1.20575,-0.0018648603,
1.206,-0.0045593823,
1.20625,0.0009829903,
1.2065,0.0016344613,
1.20675,-0.0085646920,
1.207,-0.0034905446,
1.20725,-0.0018605003,
1.2075,-0.0119610056,
1.20775,-0.0078998636,
1.208,-0.0069173654,
1.20825,-0.0022737393,
1.2085,-0.0045794197,
1.20875,-0.0109585086,
1.209,-0.0017253489,
1.20925,-0.0049495879,
1.2095,-0.0145627549,
1.20975,-0.0048666815,
1.21,-0.0120768882,
1.21025,-0.0125031695,
1.2105,-0.0099772383,
1.21075,-0.0136488443,
1.211,-0.0073678559,
1.21125,-0.0075546280,
1.2115,-0.0095114531,
1.21175,-0.0078489510,
1.212,-0.0048468979,
1.21225,-0.0074184621,
1.2125,-0.0057669813,
1.21275,-0.0099198474,
1.213,-0.0055319024,
1.21325,-0.0048258202,
1.2135,-0.0029152737,
1.21375,-0.0043239142,
1.214,0.0002255554,
1.21425,0.0062814117,
1.2145,-0.0029573173,
1.21475,-0.0005981419,
1.215,0.0035733739,
1.21525,-0.0029563308,
1.2155,-0.0037111121,
1.21575,-0.0028672074,
1.216,0.0058684270,
1.21625,0.0057455781,
1.2165,-0.0035466305,
1.21675,0.0040240483,
1.217,0.0105483383,
1.21725,0.0006463652,
1.2175,0.0015915651,
1.21775,0.0032463588,
1.218,0.0055977376,
1.21825,-0.0012120809,
1.2185,0.0000968641,
1.21875,0.0113831330,
1.219,0.0081769526,
1.21925,0.0025792511,
1.2195,0.0055404091,
1.21975,0.0102063250,
1.22,0.0106698880,
1.22025,0.0028325468,
1.2205,0.0092752734,
1.22075,0.0150589747,
1.221,0.0035891943,
1.22125,0.0097943330,
1.2215,0.0092289047,
1.22175,0.0122134248,
1.222,0.0112330168,
1.22225,0.0076946234,
1.2225,0.0138510438,
1.22275,0.0174010620,
1.223,0.0046027601,
1.22325,0.0134409517,
1.2235,0.0131114023,
1.22375,0.0097124362,
1.224,0.0115335220,
1.22425,0.0045401063,
1.2245,0.0125256125,
1.22475,0.0138098579,
1.225,0.0060605439,
1.22525,0.0144374035,
1.2255,0.0105970297,
1.22575,0.0042314688,
1.226,0.0081902537,
1.22625,0.0044037066,
1.2265,0.0100811068,
1.22675,0.0047392277,
1.227,-0.0021741739,
1.22725,0.0054243016,
1.2275,0.0013277507,
1.22775,0.0008139327,
1.228,0.0030656834,
1.22825,-0.0025320146,
1.2285,0.0009180743,
1.22875,-0.0022464974,
1.229,-0.0025024649,
1.22925,0.0052332729,
1.2295,-0.0028530266,
1.22975,-0.0021389485,
1.23,0.0003965459,
1.23025,-0.0051093679,
1.2305,0.0060643950,
1.23075,-0.0010224654,
1.231,-0.0026994897,
1.23125,0.0039076237,
1.2315,-0.0039407853,
1.23175,-0.0025121935,
1.232,0.0017363182,
1.23225,-0.0086645670,
1.2325,-0.0005194957,
1.23275,-0.0045460332,
1.233,-0.0061890553,
1.23325,0.0003880628,
1.2335,-0.0045167776,
1.23375,-0.0004489244,
1.234,-0.0003202315,
1.23425,-0.0009492016,
1.2345,0.0024923743,
1.23475,-0.0004015144,
1.235,-0.0000088556,
1.23525,0.0019841730,
1.2355,0.0030225308,
1.23575,0.0010106449,
1.236,-0.0016636499,
1.23625,0.0012963613,
1.2365,0.0030154341,
1.23675,0.0015873159,
1.237,0.0020804259,
1.23725,0.0041334513,
1.2375,0.0001688573,
1.23775,-0.0027971456,
1.238,-0.0033306926,
1.23825,0.0002683217,
1.2385,-0.0006041883,
1.23875,-0.0044007665,
1.239,0.0018524125,
1.23925,0.0050866418,
1.2395,0.0022300044,
1.23975,-0.0013042841,
1.24,0.0069409707,
1.24025,-0.0009622273,
1.2405,-0.0056273951,
1.24075,-0.0037401337,
1.241,-0.0002726571,
1.24125,-0.0033924258,
1.2415,-0.0045122928,
1.24175,-0.0022552772,
1.242,0.0053729564,
1.24225,-0.0038812554,
1.2425,-0.0090328287,
1.24275,0.0022417891,
1.243,-0.0050705001,
1.24325,-0.0096296538,
1.2435,-0.0052491105,
1.24375,-0.0044797980,
1.244,-0.0043767765,
1.24425,-0.0014922944,
1.2445,-0.0047412626,
1.24475,0.0043042540,
1.245,-0.0037133242,
1.24525,-0.0030203841,
1.2455,0.0003361349,
1.24575,-0.0011225239,
1.246,-0.0042751548,
1.24625,-0.0065884576,
1.2465,-0.0025233384,
1.24675,-0.0032696766,
1.247,-0.0049843569,
1.24725,-0.0005069202,
1.2475,-0.0005512885,
1.24775,-0.0065862364,
1.248,0.0017125527,
1.24825,-0.0008669164,
1.2485,-0.0045362301,
1.24875,-0.0006728442,
1.249,-0.0039116256,
1.24925,-0.0003224262,
1.2495,-0.0018943917,
1.24975,0.0015922623,
1.25,0.0087416582,
1.25025,-0.0027851835,
1.2505,0.0009630758,
1.25075,0.0061659878,
1.251,0.0012305933,
1.25125,0.0006619091,
1.2515,0.0016492070,
1.25175,0.0071699400,
1.252,0.0034860554,
1.25225,-0.0023787029,
1.2525,0.0072128987,
1.25275,0.0095254360,
1.253,-0.0006595199,
1.25325,0.0041474192,
1.2535,0.0085718408,
1.25375,0.0094210077,
1.254,0.0002928530,
1.25425,0.0020028867,
1.2545,0.0119857546,
1.25475,0.0041369293,
1.255,0.0005636472,
1.25525,0.0080852872,
1.2555,0.0086427219,
1.25575,0.0072551062,
1.256,0.0031269460,
1.25625,0.0049352185,
1.2565,0.0124973133,
1.25675,0.0024373711,
1.257,-0.0026576528,
1.25725,0.0089418851,
1.2575,0.0066901599,
1.25775,0.0015786372,
1.258,0.0011067899,
1.25825,0.0074125677,
1.2585,0.0069792732,
1.25875,-0.0002199571,
1.259,-0.0002946036,
1.25925,0.0057290988,
1.2595,-0.0012047482,
1.25975,-0.0042798473,
1.26,-0.0012646164,
1.26025,0.0035291447,
1.2605,-0.0002076262,
1.26075,-0.0064479043,
1.261,-0.0019885858,
1.26125,0.0016042541,
1.2615,-0.0040976256,
1.26175,-0.0092685893,
1.262,-0.0005005468,
1.26225,-0.0033572437,
1.2625,-0.0069080340,
1.26275,-0.0100661609,
1.263,-0.0027317451,
1.26325,-0.0094989464,
1.2635,-0.0101975584,
1.26375,-0.0101337871,
1.264,-0.0087060295,
1.26425,-0.0057751457,
1.2645,-0.0144903967,
1.26475,-0.0088645685,
1.265,-0.0052886903,
1.26525,-0.0117319841,
1.2655,-0.0098306481,
1.26575,-0.0113012930,
1.266,-0.0083004264,
1.26625,-0.0072027473,
1.2665,-0.0129117146,
1.26675,-0.0064860140,
1.267,-0.0073445425,
1.26725,-0.0104587488,
1.2675,-0.0038603069,
1.26775,-0.0111519247,
1.268,-0.0076418924,
1.26825,-0.0030233664,
1.2685,-0.0093758088,
1.26875,-0.0065209479,
1.269,-0.0076954323,
1.26925,-0.0030864214,
1.2695,-0.0051917159,
1.26975,-0.0109885735,
1.27,-0.0015417594,
1.27025,0.0038584592,
1.2705,-0.0069697499,
1.27075,-0.0008747883,
1.271,-0.0025784792,
1.27125,-0.0024887905,
1.2715,-0.0064142868,
1.27175,-0.0114844013,
1.272,-0.0010093906,
1.27225,-0.0022776420,
1.2725,-0.0132185910,
1.27275,0.0039017429,
1.273,-0.0010666547,
1.27325,-0.0039344793,
1.2735,-0.0037441102,
1.27375,-0.0087138135,
1.274,-0.0002061250,
1.27425,-0.0101651615,
1.2745,-0.0157622304,
1.27475,0.0039977822,
1.275,-0.0077282968,
1.27525,-0.0119711636,
1.2755,-0.0016530795,
1.27575,-0.0043942751,
1.276,-0.0061879754,
1.27625,-0.0131307524,
1.2765,-0.0097084558,
1.27675,-0.0002537231,
1.277,-0.0153253730,
1.27725,-0.0121921310,
1.2775,0.0034694399,
1.27775,-0.0085375188,
1.278,-0.0089273956,
1.27825,-0.0043030037,
1.2785,-0.0017704973,
1.27875,-0.0048071039,
1.279,-0.0101714162,
1.27925,-0.0050350740,
1.2795,-0.0008228624,
1.27975,-0.0112491474,
1.28,-0.0083150044,
1.28025,-0.0006221831,
1.2805,-0.0027860387,
1.28075,-0.0036049215,
1.281,-0.0001357911,
1.28125,0.0015568953,
1.2815,-0.0015410862,
1.28175,-0.0053546131,
1.282,-0.0017832133,
1.28225,-0.0037406688,
1.2825,-0.0073659956,
1.28275,0.0004053529,
1.283,0.0027689410,
1.28325,-0.0038329975,
1.2835,0.0007870311,
1.28375,0.0065666479,
1.284,0.0016949542,
1.28425,-0.0015287969,
1.2845,-0.0003136050,
1.28475,0.0066121225,
1.285,0.0029691958,
1.28525,-0.0036576069,
1.2855,0.0092780516,
1.28575,0.0146150924,
1.286,0.0011078329,
1.28625,0.0074464227,
1.2865,0.0173026789,
1.28675,0.0089649726,
1.287,0.0033253729,
1.28725,0.0059598642,
1.2875,0.0134552261,
1.28775,0.0090224938,
1.288,-0.0018215644,
1.28825,0.0149962399,
1.2885,0.0155434031,
1.28875,0.0026475736,
1.289,0.0068603554,
1.28925,0.0115238829,
1.2895,0.0107349679,
1.28975,-0.0023237867,
1.29,0.0007243392,
1.29025,0.0114688389,
1.2905,0.0000775400,
1.29075,-0.0079735303,
1.291,0.0077563082,
1.29125,0.0070055407,
1.2915,0.0008662418,
1.29175,0.0009255689,
1.292,0.0071441014,
1.29225,0.0084367674,
1.2925,-0.0077115670,
1.29275,-0.0008330959,
1.293,0.0098906038,
1.29325,-0.0039484589,
1.2935,-0.0028819595,
1.29375,0.0013782785,
1.294,0.0039399350,
1.29425,0.0053012241,
1.2945,-0.0046954299,
1.29475,0.0059099682,
1.295,0.0076141246,
1.29525,-0.0049709664,
1.2955,0.0038329805,
1.29575,0.0048807366,
1.296,-0.0003046443,
1.29625,0.0005147476,
1.2965,0.0002509967,
1.29675,0.0039814655,
1.297,0.0023947079,
1.29725,-0.0037685221,
1.2975,0.0019663945,
1.29775,-0.0019192357,
1.298,-0.0034253364,
1.29825,0.0015051641,
1.2985,-0.0066721542,
1.29875,-0.0014188995,
1.299,-0.0043079606,
1.29925,-0.0068028527,
1.2995,-0.0040319478,
1.29975,-0.0089642955,
1.3,-0.0076391031,
1.30025,-0.0037250135,
1.3005,-0.0124731297,
1.30075,-0.0073355129,
1.301,-0.0052609174,
1.30125,-0.0085546141,
1.3015,-0.0066368198,
1.30175,-0.0070155142,
1.302,-0.0002362407,
1.30225,-0.0022825538,
1.3025,-0.0111539587,
1.30275,0.0019302573,
1.303,0.0045302473,
1.30325,-0.0027957917,
1.3035,0.0007360723,
1.30375,0.0063362746,
1.304,0.0063960133,
1.30425,-0.0004572497,
1.3045,-0.0023156139,
1.30475,0.0059543638,
1.305,0.0041410243,
1.30525,-0.0081154378,
1.3055,0.0027136782,
1.30575,0.0091963476,
1.306,0.0019983642,
1.30625,-0.0053267688,
1.3065,0.0043104943,
1.30675,0.0085796872,
1.307,-0.0055970447,
1.30725,-0.0105919791,
1.3075,0.0030629267,
1.30775,-0.0007825691,
1.308,-0.0154269813,
1.30825,-0.0054239710,
1.3085,0.0030004485,
1.30875,-0.0062857997,
1.309,-0.0123573989,
1.30925,-0.0042973431,
1.3095,0.0031251833,
1.30975,-0.0041955658,
1.31,-0.0151189528,
1.31025,0.0001316462,
1.3105,-0.0025425900,
1.31075,-0.0147392396,
1.311,-0.0055039343,
1.31125,0.0009196429,
1.3115,-0.0019451480,
1.31175,-0.0050741844,
1.312,-0.0030139661,
1.31225,0.0092151966,
1.3125,-0.0006322620,
1.31275,-0.0084332228,
1.313,0.0032785148,
1.31325,-0.0016914215,
1.3135,-0.0034370143,
1.31375,0.0004366690,
1.314,0.0002455846,
1.31425,0.0044213487,
1.3145,-0.0050624991,
1.31475,0.0021991818,
1.315,0.0072784703,
1.31525,-0.0069351094,
1.3155,-0.0035510191,
1.31575,0.0049180370,
1.316,-0.0035159150,
1.31625,0.0029306342,
1.3165,0.0030726199,
1.31675,0.0050751632,
1.317,0.0039301785,
1.31725,-0.0005999343,
1.3175,0.0120477006,
1.31775,0.0055977376,
1.318,-0.0077387933,
1.31825,0.0078384839,
1.3185,0.0055543389,
1.31875,-0.0033745680,
1.319,0.0015339230,
1.31925,0.0044449177,
1.3195,0.0103946980,
1.31975,0.0014335620,
1.32,0.0026348601,
1.32025,0.0205007605,
1.3205,0.0103200423,
1.32075,-0.0015182304,
1.321,0.0135151427,
1.32125,0.0153587367,
1.3215,0.0063024620,
1.32175,0.0029434045,
1.322,0.0143703278,
1.32225,0.0198230240,
1.3225,0.0046592373,
1.32275,0.0131587042,
1.323,0.0223923288,
1.32325,0.0149080995,
1.3235,0.0064752013,
1.32375,0.0086107217,
1.324,0.0160140060,
1.32425,0.0067361537,
1.3245,-0.0036369027,
1.32475,0.0125207119,
1.325,0.0132638384,
1.32525,0.0002038394,
1.3255,0.0052583981,
1.32575,0.0084243044,
1.326,0.0040760771,
1.32625,-0.0015884625,
1.3265,-0.0016831558,
1.32675,0.0065046479,
1.327,-0.0039269975,
1.32725,-0.0107799917,
1.3275,0.0020183874,
1.32775,0.0050897775,
1.328,-0.0039784489,
1.32825,0.0008122576,
1.3285,0.0050377985,
1.32875,0.0011094627,
1.329,-0.0008335232,
1.32925,-0.0002784413,
1.3295,0.0021446247,
1.32975,-0.0032783817,
1.33,-0.0033619700,
1.33025,0.0035625678,
1.3305,0.0046826131,
1.33075,0.0009767056,
1.331,0.0037227988,
1.33125,0.0016613601,
1.3315,0.0030439682,
1.33175,0.0013762913,
1.332,0.0007572949,
1.33225,-0.0004259351,
1.3325,-0.0007485592,
1.33275,0.0006982307,
1.333,0.0014818674,
1.33325,-0.0000580784,
1.3335,0.0010609282,
1.33375,0.0026040566,
1.334,-0.0009746908,
1.33425,-0.0023775846,
1.3345,-0.0007517061,
1.33475,0.0018228964,
1.335,-0.0024041203,
1.33525,-0.0063603455,
1.3355,0.0009225680,
1.33575,0.0008761976,
1.336,-0.0075912401,
1.33625,-0.0048041022,
1.3365,-0.0002833366,
1.33675,-0.0005477079,
1.337,-0.0083065797,
1.33725,-0.0071263527,
1.3375,0.0013327936,
1.33775,-0.0020842701,
1.338,-0.0111524798,
1.33825,-0.0033466809,
1.3385,0.0008426323,
1.33875,-0.0057880464,
1.339,-0.0070781913,
1.33925,0.0005725223,
1.3395,0.0109683201,
1.33975,-0.0078264670,
1.34,-0.0073025450,
1.34025,0.0052884272,
1.3405,0.0003369789,
1.34075,-0.0097434605,
1.341,-0.0034061216,
1.34125,0.0020727408,
1.3415,-0.0003989117,
1.34175,-0.0129988417,
1.342,-0.0011221212,
1.34225,0.0059398469,
1.3425,-0.0137330834,
1.34275,-0.0132295536,
1.343,-0.0009543984,
1.34325,-0.0067420281,
1.3435,-0.0121743679,
1.34375,-0.0166158751,
1.344,-0.0041023158,
1.34425,-0.0062481458,
1.3445,-0.0221598558,
1.34475,-0.0080893347,
1.345,-0.0016167311,
1.34525,-0.0134141669,
1.3455,-0.0110833868,
1.34575,-0.0063078473,
1.346,-0.0028122021,
1.34625,-0.0078432187,
1.3465,-0.0129319206,
1.34675,0.0002860885,
1.347,0.0007665348,
1.34725,-0.0095809028,
1.3475,-0.0001030121,
1.34775,0.0035922558,
1.348,0.0004173238,
1.34825,0.0003369204,
1.3485,-0.0010435351,
1.34875,0.0023050969,
1.349,-0.0059667593,
1.34925,-0.0060025854,
1.3495,0.0001065452,
1.34975,-0.0012020104,
1.35,-0.0080448976,
1.35025,0.0009572360,
1.3505,-0.0017018009,
1.35075,-0.0043523018,
1.351,0.0030122530,
1.35125,0.0030092893,
1.3515,-0.0005205850,
1.35175,-0.0052202865,
1.352,-0.0003475469,
1.35225,0.0081490129,
1.3525,0.0019646396,
1.35275,0.0014949639,
1.353,0.0128423516,
1.35325,0.0089742942,
1.3535,0.0002332576,
1.35375,0.0117475484,
1.354,0.0107325725,
1.35425,0.0053237355,
1.3545,-0.0017910891,
1.35475,0.0098684942,
1.355,0.0169116482,
1.35525,-0.0001220986,
1.3555,0.0074145473,
1.35575,0.0204400923,
1.356,0.0109671252,
1.35625,0.0064783348,
1.3565,0.0150207877,
1.35675,0.0137643069,
1.357,0.0116716214,
1.35725,0.0004469293,
1.3575,0.0111569287,
1.35775,0.0189925693,
1.358,-0.0003222925,
1.35825,0.0074522016,
1.3585,0.0147206374,
1.35875,0.0057455022,
1.359,0.0031575621,
1.35925,-0.0003854404,
1.3595,0.0079062786,
1.35975,0.0050287624,
1.36,-0.0110607864,
1.36025,0.0066220229,
1.3605,0.0078246053,
1.36075,-0.0079993466,
1.361,0.0028824320,
1.36125,0.0053864531,
1.3615,0.0064437743,
1.36175,0.0009367029,
1.362,-0.0017004588,
1.36225,0.0124951135,
1.3625,0.0049388292,
1.36275,-0.0074510043,
1.363,0.0123874284,
1.36325,0.0035165902,
1.3635,-0.0000565004,
1.36375,-0.0007069171,
1.364,-0.0007750060,
1.36425,0.0069513540,
1.3645,-0.0066539943,
1.36475,-0.0032892819,
1.365,0.0056975950,
1.36525,-0.0054478557,
1.3655,-0.0067489892,
1.36575,0.0001642478,
1.366,-0.0029820225,
1.36625,0.0010441097,
1.3665,-0.0021255673,
1.36675,0.0041613476,
1.367,0.0036516660,
1.36725,-0.0030230160,
1.3675,0.0022323790,
1.36775,0.0019785310,
1.368,-0.0076759676,
1.36825,0.0020744861,
1.3685,-0.0005297715,
1.36875,-0.0019089495,
1.369,0.0005672455,
1.36925,0.0003976571,
1.3695,0.0071176053,
1.36975,-0.0029583517,
1.37,-0.0008539138,
1.37025,0.0099727130,
1.3705,0.0040594949,
1.37075,-0.0041441130,
1.371,0.0032986419,
1.37125,0.0022061504,
1.3715,0.0022831778,
1.37175,-0.0062227012,
1.372,0.0011122072,
1.37225,0.0084379120,
1.3725,-0.0068109832,
1.37275,-0.0054154294,
1.373,0.0046084397,
1.37325,0.0005414670,
1.3735,-0.0110071721,
1.37375,-0.0097008171,
1.374,0.0016879914,
1.37425,-0.0049700877,
1.3745,-0.0160156675,
1.37475,-0.0041442909,
1.375,0.0002892591,
1.37525,-0.0101202270,
1.3755,-0.0147771407,
1.37575,-0.0022115423,
1.376,-0.0003525090,
1.37625,-0.0143655753,
1.3765,-0.0149630290,
1.37675,-0.0022429447,
1.377,-0.0037270307,
1.37725,-0.0173104350,
1.3775,-0.0118128266,
1.37775,-0.0002491204,
1.378,-0.0084039960,
1.37825,-0.0221684426,
1.3785,-0.0057388814,
1.37875,-0.0025371332,
1.379,-0.0131021440,
1.37925,-0.0179424752,
1.3795,-0.0080040004,
1.37975,-0.0043874970,
1.38,-0.0212171488,
1.38025,-0.0132294567,
1.3805,0.0007949339,
1.38075,-0.0077119325,
1.381,-0.0122750904,
1.38125,-0.0079417741,
1.3815,-0.0029961078,
1.38175,-0.0097007751,
1.382,-0.0160148833,
1.38225,-0.0064132651,
1.3825,-0.0053910092,
1.38275,-0.0137960529,
1.383,-0.0066180779,
1.38325,0.0000727269,
1.3835,-0.0019714534,
1.38375,-0.0024431259,
1.384,-0.0010938295,
1.38425,0.0013608061,
1.3845,-0.0031145823,
1.38475,-0.0016362234,
1.385,0.0055451086,
1.38525,-0.0023567537,
1.3855,-0.0050969534,
1.38575,0.0077460962,
1.386,0.0017701453,
1.38625,0.0013592516,
1.3865,0.0025989416,
1.38675,0.0056342878,
1.387,0.0077128559,
1.38725,-0.0047446298,
1.3875,0.0093121743,
1.38775,0.0145645645,
1.388,-0.0050764624,
1.38825,0.0034244531,
1.3885,0.0135702137,
1.38875,0.0081277788,
1.389,0.0025700941,
1.38925,0.0055728108,
1.3895,0.0159834344,
1.38975,0.0077921343,
1.39,-0.0030902054,
1.39025,0.0115324911,
1.3905,0.0110843359,
1.39075,-0.0025903652,
1.391,0.0028331303,
1.39125,0.0085426187,
1.3915,0.0130490316,
1.39175,0.0010955922,
1.392,0.0013862068,
1.39225,0.0178652592,
1.3925,0.0053713000,
1.39275,-0.0001527618,
1.393,0.0102586392,
1.39325,0.0051519470,
1.3935,-0.0004645592,
1.39375,0.0013109848,
1.394,0.0053197499,
1.39425,0.0108324327,
1.3945,-0.0001162318,
1.39475,0.0035631345,
1.395,0.0150566688,
1.39525,0.0033917655,
1.3955,-0.0001309742,
1.39575,0.0111575481,
1.396,0.0020286834,
1.39625,0.0033279231,
1.3965,-0.0014282443,
1.39675,0.0032188229,
1.397,0.0093971770,
1.39725,-0.0016192859,
1.3975,0.0031758661,
1.39775,0.0124670388,
1.398,0.0004919812,
1.39825,0.0012477490,
1.3985,0.0058504390,
1.39875,0.0007174145,
1.399,0.0037301867,
1.39925,-0.0029858602,
1.3995,0.0028450510,
1.39975,0.0057954756,
1.4,-0.0027643261,
1.40025,0.0048737782,
1.4005,0.0060608606,
1.40075,-0.0008819514,
1.401,0.0013599121,
1.40125,0.0018748314,
1.4015,0.0020481930,
1.40175,0.0040434878,
1.402,-0.0007324050,
1.40225,0.0086325966,
1.4025,0.0040037651,
1.40275,0.0014843473,
1.403,0.0118863778,
1.40325,0.0096934242,
1.4035,0.0050057536,
1.40375,0.0079354728,
1.404,0.0044604409,
1.40425,0.0100310873,
1.4045,0.0037732283,
1.40475,0.0006264884,
1.405,0.0138564222,
1.40525,0.0048952731,
1.4055,0.0045930143,
1.40575,0.0112450486,
1.406,0.0115861725,
1.40625,0.0067349379,
1.4065,0.0011192242,
1.40675,0.0090513658,
1.407,0.0087614087,
1.40725,-0.0080384118,
1.4075,-0.0004444870,
1.40775,0.0079770526,
1.408,-0.0041514710,
1.40825,-0.0032274774,
1.4085,0.0003438244,
1.40875,0.0063553350,
1.409,-0.0071066520,
1.40925,-0.0112616224,
1.4095,0.0062737567,
1.40975,-0.0046995427,
1.41,-0.0148918927,
1.41025,-0.0029655765,
1.4105,-0.0016362651,
1.41075,-0.0002339214,
1.411,-0.0087441839,
1.41125,-0.0072739404,
1.4115,0.0108540691,
1.41175,-0.0089621721,
1.412,-0.0086636143,
1.41225,0.0069033550,
1.4125,0.0012698880,
1.41275,-0.0076454766,
1.413,-0.0034132202,
1.41325,0.0021030249,
1.4135,0.0070431335,
1.41375,-0.0084420238,
1.414,-0.0025850036,
1.41425,0.0099173877,
1.4145,-0.0036035024,
1.41475,-0.0039796364,
1.415,-0.0004017020,
1.41525,0.0010015171,
1.4155,-0.0021511174,
1.41575,-0.0090437131,
1.416,0.0046170214,
1.41625,0.0046749995,
1.4165,-0.0080090556,
1.41675,0.0003133749,
1.417,0.0034274862,
1.41725,0.0022687393,
1.4175,0.0005395136,
1.41775,0.0014764103,
1.418,0.0041057225,
1.41825,0.0013692199,
1.4185,-0.0001823746,
1.41875,0.0109892730,
1.419,0.0011446367,
1.41925,0.0052159335,
1.4195,0.0102751376,
1.41975,0.0087972376,
1.42,0.0079254983,
1.42025,0.0093733035,
1.4205,0.0118987039,
1.42075,0.0078393398,
1.421,0.0039002902,
1.42125,0.0118989171,
1.4215,0.0125861866,
1.42175,0.0040190164,
1.422,0.0076820720,
1.42225,0.0138669331,
1.4225,0.0122135449,
1.42275,0.0028317436,
1.423,0.0058319708,
1.42325,0.0116912350,
1.4235,0.0026755915,
1.42375,0.0029410915,
1.424,0.0084330458,
1.42425,0.0068347128,
1.4245,0.0052687665,
1.42475,-0.0002233141,
1.425,0.0105299093,
1.42525,0.0083623845,
1.4255,-0.0039232071,
1.42575,0.0025298358,
1.426,0.0062103905,
1.42625,0.0014594431,
1.4265,0.0005759087,
1.42675,-0.0025116261,
1.427,0.0086973766,
1.42725,-0.0007718999,
1.4275,-0.0083986018,
1.42775,0.0092195924,
1.428,0.0039528119,
1.42825,-0.0084820287,
1.4285,0.0023799306,
1.42875,0.0060025700,
1.429,0.0054910462,
1.42925,-0.0021447649,
1.4295,-0.0034133100,
1.42975,0.0123603037,
1.43,-0.0072841765,
1.43025,-0.0065124403,
1.4305,0.0069342088,
1.43075,-0.0003303086,
1.431,-0.0056853285,
1.43125,-0.0007655047,
1.4315,0.0029383309,
1.43175,0.0033642231,
1.432,-0.0124559961,
1.43225,-0.0048409635,
1.4325,0.0032731849,
1.43275,-0.0120873880,
1.433,-0.0071064811,
1.43325,-0.0025785696,
1.4335,-0.0059985747,
1.43375,-0.0036866895,
1.434,-0.0106413122,
1.43425,0.0015540149,
1.4345,-0.0023002855,
1.43475,-0.0157451034,
1.435,-0.0003401128,
1.43525,-0.0025765123,
1.4355,-0.0084366221,
1.43575,-0.0046133734,
1.436,-0.0029478294,
1.43625,0.0020526524,
1.4365,-0.0008482495,
1.43675,-0.0059012743,
1.437,0.0089084255,
1.43725,-0.0041369214,
1.4375,-0.0094401818,
1.43775,-0.0005535893,
1.438,-0.0048466520,
1.43825,-0.0049692076,
1.4385,-0.0089971386,
1.43875,-0.0054895454,
1.439,-0.0008061060,
1.43925,-0.0109000523,
1.4395,-0.0074288524,
1.43975,0.0007418882,
1.44,-0.0080433236,
1.44025,-0.0140725626,
1.4405,-0.0027294119,
1.44075,-0.0032715804,
1.441,-0.0125359362,
1.44125,-0.0129903341,
1.4415,0.0005240820,
1.44175,-0.0039939960,
1.442,-0.0158836339,
1.44225,-0.0067187008,
1.4425,-0.0037742991,
1.44275,-0.0146438889,
1.443,-0.0166180953,
1.44325,-0.0077679409,
1.4435,-0.0077739311,
1.44375,-0.0195445605,
1.444,-0.0166575760,
1.44425,-0.0048182528,
1.4445,-0.0106935557,
1.44475,-0.0189828519,
1.445,-0.0114853382,
1.44525,-0.0020329072,
1.4455,-0.0147146303,
1.44575,-0.0158239380,
1.446,-0.0040561850,
1.44625,-0.0054850155,
1.4465,-0.0162134003,
1.44675,-0.0114845429,
1.447,0.0009414489,
1.44725,-0.0024739760,
1.4475,-0.0138815539,
1.44775,-0.0040313988,
1.448,0.0053727292,
1.44825,-0.0111801960,
1.4485,-0.0080172457,
1.44875,-0.0020537644,
1.449,-0.0021821270,
1.44925,-0.0053035235,
1.4495,-0.0084920768,
1.44975,0.0062999786,
1.45,0.0025584633,
1.45025,-0.0094841709,
1.4505,0.0052335160,
1.45075,0.0093257995,
1.451,-0.0000457487,
1.45125,0.0013826728,
1.4515,0.0041476926,
1.45175,0.0072054677,
1.452,0.0034209695,
1.45225,0.0043379506,
1.4525,0.0168059133,
1.45275,0.0046450500,
1.453,0.0029328796,
1.45325,0.0099309115,
1.4535,0.0069881491,
1.45375,0.0080096638,
1.454,0.0024852937,
1.45425,0.0074394862,
1.4545,0.0112144370,
1.45475,-0.0015220448,
1.455,0.0099717546,
1.45525,0.0140011543,
1.4555,0.0044604237,
1.45575,0.0060322192,
1.456,0.0120948544,
1.45625,0.0122463061,
1.4565,0.0073761749,
1.45675,0.0036190927,
1.457,0.0134329973,
1.45725,0.0091578141,
1.4575,-0.0019659281,
1.45775,0.0125380317,
1.458,0.0107514244,
1.45825,0.0048425067,
1.4585,0.0065464289,
1.45875,0.0097981105,
1.459,0.0104236035,
1.45925,0.0019705254,
1.4595,0.0020571928,
1.45975,0.0138689373,
1.46,0.0016540069,
1.46025,-0.0017430983,
1.4605,0.0047467495,
1.46075,0.0061599612,
1.461,0.0007259084,
1.46125,-0.0003110383,
1.4615,0.0053952448,
1.46175,0.0069265263,
1.462,-0.0059627597,
1.46225,0.0001715883,
1.4625,0.0092853429,
1.46275,-0.0022209133,
1.463,-0.0026054587,
1.46325,-0.0014158951,
1.4635,0.0063775196,
1.46375,-0.0002684197,
1.464,-0.0061334246,
1.46425,0.0052411384,
1.4645,0.0055747037,
1.46475,-0.0053659924,
1.465,-0.0071202489,
1.46525,0.0057523260,
1.4655,-0.0000135330,
1.46575,-0.0122836027,
1.466,-0.0027501958,
1.46625,0.0054331678,
1.4665,-0.0039320062,
1.46675,-0.0070076650,
1.467,0.0012973617,
1.46725,0.0050869156,
1.4675,-0.0095828939,
1.46775,-0.0099904072,
1.468,0.0039726328,
1.46825,-0.0010822506,
1.4685,-0.0126869865,
1.46875,-0.0003449933,
1.469,0.0032057180,
1.46925,-0.0023477599,
1.4695,-0.0080031082,
1.46975,-0.0037588240,
1.47,0.0080923066,
1.47025,-0.0066267275,
1.4705,-0.0078516435,
1.47075,0.0011384268,
1.471,-0.0064913738,
1.47125,-0.0079705603,
1.4715,-0.0056798384,
1.47175,-0.0034186747,
1.472,0.0015643833,
1.47225,-0.0088821827,
1.4725,-0.0042074984,
1.47275,0.0055363467,
1.473,-0.0067260712,
1.47325,-0.0030389680,
1.4735,-0.0030440642,
1.47375,-0.0054209754,
1.474,-0.0054695294,
1.47425,-0.0103978701,
1.4745,-0.0028831188,
1.47475,-0.0051795328,
1.475,-0.0115768565,
1.47525,-0.0028040758,
1.4755,-0.0061528254,
1.47575,-0.0149904061,
1.476,-0.0055783237,
1.47625,-0.0086653456,
1.4765,-0.0122376205,
1.47675,-0.0157806538,
1.477,-0.0102953818,
1.47725,-0.0048712534,
1.4775,-0.0168391336,
1.47775,-0.0155986212,
1.478,-0.0025184036,
1.47825,-0.0139347389,
1.4785,-0.0172369741,
1.47875,-0.0106055681,
1.479,-0.0038514347,
1.47925,-0.0128135365,
1.4795,-0.0229094923,
1.47975,-0.0077756122,
1.48,-0.0043175085,
1.48025,-0.0197865441,
1.4805,-0.0122154169,
1.48075,-0.0012622459,
1.481,-0.0077772494,
1.48125,-0.0160484537,
1.4815,-0.0097538233,
1.48175,-0.0006164936,
1.482,-0.0097613838,
1.48225,-0.0170461871,
1.4825,-0.0024753432,
1.48275,-0.0034395980,
1.483,-0.0123942755,
1.48325,-0.0082290256,
1.4835,0.0030524959,
1.48375,0.0017143243,
1.484,-0.0094706602,
1.48425,-0.0054655434,
1.4845,0.0066110487,
1.48475,-0.0026906303,
1.485,-0.0077537196,
1.48525,0.0021331483,
1.4855,0.0043705381,
1.48575,-0.0031383247,
1.486,-0.0035799399,
1.48625,0.0092389612,
1.4865,0.0097556068,
1.48675,-0.0025252705,
1.487,0.0072015189,
1.48725,0.0084207216,
1.4875,0.0072543365,
1.48775,0.0045561064,
1.488,0.0016593240,
1.48825,0.0111347986,
1.4885,0.0012017878,
1.48875,0.0022148648,
1.489,0.0108653791,
1.48925,0.0086979959,
1.4895,0.0037819599,
1.48975,0.0080556739,
1.49,0.0074455524,
1.49025,0.0042605684,
1.4905,0.0029343527,
1.49075,0.0061388155,
1.491,0.0050697937,
1.49125,0.0033298575,
1.4915,0.0078622177,
1.49175,0.0128686354,
1.492,0.0039890963,
1.49225,0.0044181934,
1.4925,0.0068549905,
1.49275,0.0106397634,
1.493,-0.0008760818,
1.49325,0.0011681918,
1.4935,0.0125259757,
1.49375,0.0037195391,
1.494,0.0031049710,
1.49425,0.0084245587,
1.4945,0.0102830306,
1.49475,0.0068476498,
1.495,0.0000477314,
1.49525,0.0105159692,
1.4955,0.0124536166,
1.49575,-0.0014669659,
1.496,0.0036723148,
1.49625,0.0116925864,
1.4965,0.0029565766,
1.49675,0.0011406793,
1.497,0.0028547600,
1.49725,0.0090754507,
1.4975,0.0038960376,
1.49775,-0.0048946962,
1.498,0.0097356979,
1.49825,0.0094439834,
1.4985,-0.0037233613,
1.49875,0.0007948637,
1.499,0.0050016772,
1.49925,0.0055661676,
1.4995,-0.0049385359,
1.49975,-0.0039838850,
1.5,0.0124328006,
1.50025,-0.0007524433,
1.5005,-0.0053936914,
1.50075,0.0075755576,
1.501,0.0048680510,
1.50125,0.0011199230,
1.5015,-0.0020141562,
1.50175,0.0023895581,
1.502,0.0130429780,
1.50225,-0.0055494625,
1.5025,0.0000931673,
1.50275,0.0120414412,
1.503,0.0047849230,
1.50325,0.0033315958,
1.5035,0.0055175526,
1.50375,0.0107855033,
1.504,0.0076992367,
1.50425,-0.0038730528,
1.5045,0.0061386023,
1.50475,0.0081433076,
1.505,-0.0029236393,
1.50525,0.0006979154,
1.5055,0.0056689009,
1.50575,0.0040145353,
1.506,0.0063099456,
1.50625,-0.0013580094,
1.5065,0.0052862233,
1.50675,0.0033105756,
1.507,-0.0068777557,
1.50725,-0.0020204072,
1.5075,-0.0037547795,
1.50775,-0.0049106861,
1.508,-0.0037593381,
1.50825,-0.0041456297,
1.5085,-0.0019912543,
1.50875,-0.0010854647,
1.509,-0.0069507090,
1.50925,-0.0019624040,
1.5095,-0.0049220743,
1.50975,-0.0046613691,
1.51,-0.0039116349,
1.51025,-0.0080305915,
1.5105,-0.0075016739,
1.51075,0.0022610738,
1.511,-0.0057199360,
1.51125,-0.0088764550,
1.5115,-0.0027332143,
1.51175,-0.0027640813,
1.512,-0.0044865110,
1.51225,-0.0111769140,
1.5125,-0.0031933447,
1.51275,0.0017153540,
1.513,-0.0118219620,
1.51325,-0.0126753040,
1.5135,0.0031180610,
1.51375,-0.0037117298,
1.514,-0.0120726796,
1.51425,-0.0096077416,
1.5145,0.0017488899,
1.51475,-0.0016050877,
1.515,-0.0151835866,
1.51525,-0.0072564022,
1.5155,0.0029256567,
1.51575,-0.0119291106,
1.516,-0.0163187720,
1.51625,-0.0016897316,
1.5165,-0.0012029738,
1.51675,-0.0082321875,
1.517,-0.0118608298,
1.51725,0.0033544821,
1.5175,0.0064554210,
1.51775,-0.0129102692,
1.518,-0.0071996031,
1.51825,0.0089134201,
1.5185,-0.0009612258,
1.51875,-0.0033566623,
1.519,0.0029569494,
1.51925,0.0089543862,
1.5195,0.0039629480,
1.51975,-0.0025369837,
1.52,0.0147672128,
1.52025,0.0141597213,
1.5205,0.0006426824,
1.52075,0.0032120536,
1.521,0.0085990522,
1.52125,0.0079068150,
1.5215,0.0040853713,
1.52175,0.0028889794,
1.522,0.0110171922,
1.52225,0.0066349562,
1.5225,-0.0003875936,
1.52275,0.0135843866,
1.523,0.0078004277,
1.52325,0.0038567847,
1.5235,0.0016825881,
1.52375,0.0024551956,
1.524,0.0030903453,
1.52425,-0.0026205766,
1.5245,0.0009160732,
1.52475,0.0062033907,
1.525,0.0015795128,
1.52525,0.0028017224,
1.5255,0.0061894679,
1.52575,-0.0014749541,
1.526,0.0014294119,
1.52625,0.0020843789,
1.5265,0.0017274476,
1.52675,-0.0015795504,
1.527,0.0015977519,
1.52725,0.0062814811,
1.5275,0.0058070892,
1.52775,0.0001144819,
1.528,0.0073588518,
1.52825,0.0046946132,
1.5285,-0.0041064033,
1.52875,-0.0005224702,
1.529,0.0049440982,
1.52925,0.0010388766,
1.5295,-0.0072508939,
1.52975,-0.0036780671,
1.53,0.0061643166,
1.53025,-0.0015589884,
1.5305,-0.0060961233,
1.53075,0.0029132077,
1.531,0.0029963444,
1.53125,-0.0024134147,
1.5315,-0.0049872305,
1.53175,0.0029199906,
1.532,0.0046925289,
1.53225,-0.0069417674,
1.5325,-0.0073680584,
1.53275,0.0060603446,
1.533,0.0015990167,
1.53325,-0.0078113107,
1.5335,-0.0016356795,
1.53375,0.0043257647,
1.534,-0.0023812638,
1.53425,-0.0076124538,
1.5345,-0.0023405449,
1.53475,0.0045558484,
1.535,-0.0034587283,
1.53525,-0.0093820710,
1.5355,0.0054821661,
1.53575,0.0048320205,
1.536,-0.0043506809,
1.53625,0.0004682977,
1.5365,0.0086646769,
1.53675,0.0094951726,
1.537,0.0003067697,
1.53725,-0.0008223298,
1.5375,0.0130408304,
1.53775,0.0021221854,
1.538,-0.0040366864,
1.53825,0.0103576928,
1.5385,0.0043026796,
1.53875,0.0028539295,
1.539,-0.0019380918,
1.53925,0.0000689532,
1.5395,0.0051069763,
1.53975,-0.0072471355,
1.54,-0.0058488958,
1.54025,-0.0036062356,
1.5405,-0.0057063894,
1.54075,-0.0034703454,
1.541,-0.0056185243,
1.54125,-0.0044249082,
1.5415,0.0037405072,
1.54175,-0.0079227081,
1.542,-0.0032553750,
1.54225,-0.0035528815,
1.5425,-0.0074910349,
1.54275,-0.0033111309,
1.543,-0.0100139612,
1.54325,-0.0073370016,
1.5435,-0.0001721080,
1.54375,-0.0127805909,
1.544,-0.0097990772,
1.54425,-0.0063324384,
1.5445,-0.0087233130,
1.54475,-0.0058794110,
1.545,-0.0140993474,
1.54525,-0.0070067486,
1.5455,0.0039591091,
1.54575,-0.0105824824,
1.546,-0.0068267984,
1.54625,0.0024991701,
1.5465,-0.0033874908,
1.54675,-0.0056486581,
1.547,-0.0099423658,
1.54725,0.0040507698,
1.5475,0.0030501958,
1.54775,-0.0183961801,
1.548,-0.0027883842,
1.54825,0.0082679400,
1.5485,-0.0090607349,
1.54875,-0.0126923518,
1.549,-0.0039822790,
1.54925,0.0021745600,
1.5495,-0.0126385316,
1.54975,-0.0162890479,
1.55,0.0066745980,
1.55025,0.0002108561,
1.5505,-0.0147811919,
1.55075,-0.0070879697,
1.551,0.0076550497,
1.55125,0.0003137957,
1.5515,-0.0098647010,
1.55175,-0.0035433329,
1.552,0.0097713880,
1.55225,-0.0017534638,
1.5525,-0.0074213161,
1.55275,0.0058134692,
1.553,0.0127296038,
1.55325,0.0028851666,
1.5535,0.0033765947,
1.55375,0.0138178272,
1.554,0.0129338121,
1.55425,0.0030614671,
1.5545,0.0014628180,
1.55475,0.0073405127,
1.555,0.0111160055,
1.55525,0.0026951469,
1.5555,0.0059834174,
1.55575,0.0133671779,
1.556,0.0112821367,
1.55625,0.0066087493,
1.5565,0.0082217725,
1.55675,0.0082828272,
1.557,0.0034260871,
1.55725,-0.0029611434,
1.5575,0.0011204900,
1.55775,0.0021851789,
1.558,-0.0028413986,
1.55825,0.0010814851,
1.5585,-0.0004366435,
1.55875,-0.0016210432,
1.559,0.0008003991,
1.55925,-0.0019081822,
1.5595,-0.0062230378,
1.55975,-0.0038355552,
1.56,-0.0056225038,
1.56025,0.0004247446,
1.5605,-0.0067465329,
1.56075,0.0011843548,
1.561,0.0072316807,
1.56125,-0.0012008782,
1.5615,0.0006032111,
1.56175,0.0084760059,
1.562,0.0058268155,
1.56225,0.0019851648,
1.5625,0.0032406780,
1.56275,0.0070811845,
1.563,0.0056158956,
1.56325,-0.0058734538,
1.5635,0.0091810301,
1.56375,0.0131810317,
1.564,0.0038745606,
1.56425,0.0039719166,
1.5645,0.0059346538,
1.56475,0.0090462565,
1.565,-0.0058812052,
1.56525,-0.0066333972,
1.5655,0.0062089525,
1.56575,-0.0037784195,
1.566,-0.0102793043,
1.56625,-0.0014061257,
1.5665,0.0027422868,
1.56675,0.0010701593,
1.567,-0.0111028589,
1.56725,-0.0060482016,
1.5675,0.0032024251,
1.56775,-0.0083821714,
1.568,-0.0095863631,
1.56825,0.0039326614,
1.5685,0.0005442703,
1.56875,-0.0020792703,
1.569,-0.0035854774,
1.56925,0.0047446317,
1.5695,0.0114288507,
1.56975,-0.0001326391,
1.57,0.0046167122,
1.57025,0.0134488810,
1.5705,0.0062814038,
1.57075,0.0059027458,
1.571,0.0064753140,
1.57125,0.0109879617,
1.5715,0.0060536666,
1.57175,0.0016685353,
1.572,0.0075569423,
1.57225,0.0077449447,
1.5725,0.0037525932,
1.57275,0.0090525970,
1.573,0.0034501418,
1.57325,0.0061933394,
1.5735,0.0007724098,
1.57375,-0.0060113589,
1.574,-0.0016167235,
1.57425,-0.0025417688,
1.5745,-0.0082524382,
1.57475,-0.0020070726,
1.575,-0.0057436209,
1.57525,-0.0017036160,
1.5755,-0.0051312204,
1.57575,-0.0103370566,
1.576,-0.0017313875,
1.57625,-0.0090835514,
1.5765,-0.0136782406,
1.57675,-0.0059158565,
1.577,-0.0038866866,
1.57725,-0.0051531643,
1.5775,-0.0050059338,
1.57775,-0.0067907926,
1.578,0.0013150822,
1.57825,-0.0014234774,
1.5785,-0.0052713221,
1.57875,-0.0042019417,
1.579,0.0003746433,
1.57925,-0.0030221073,
1.5795,-0.0036966377,
1.57975,-0.0042119627,
1.58,0.0042480631,
1.58025,0.0036199456,
1.5805,-0.0099505167,
1.58075,-0.0043153493,
1.581,0.0083494615,
1.58125,-0.0034700672,
1.5815,-0.0090665175,
1.58175,-0.0004628711,
1.582,0.0064479765,
1.58225,-0.0042403769,
1.5825,-0.0115228631,
1.58275,0.0014052724,
1.583,0.0070029288,
1.58325,-0.0124552855,
1.5835,-0.0055282991,
1.58375,0.0098141953,
1.584,0.0081693493,
1.58425,-0.0060619954,
1.5845,-0.0007323831,
1.58475,0.0146375606,
1.585,0.0067814803,
1.58525,-0.0100729577,
1.5855,0.0079307556,
1.58575,0.0165832750,
1.586,0.0034341218,
1.58625,0.0008231545,
1.5865,0.0115425400,
1.58675,0.0177807435,
1.587,0.0056363153,
1.58725,0.0012356425,
1.5875,0.0213263966,
1.58775,0.0120484270,
1.588,0.0013063349,
1.58825,0.0095906164,
1.5885,0.0122688422,
1.58875,0.0148300808,
1.589,0.0061390293,
1.58925,0.0068072518,
1.5895,0.0204269998,
1.58975,0.0105796177,
1.59,0.0043782806,
1.59025,0.0155406166,
1.5905,0.0092501789,
1.59075,0.0064551453,
1.591,0.0044179060,
1.59125,0.0047891401,
1.5915,0.0124989115,
1.59175,0.0061366316,
1.592,0.0038616923,
1.59225,0.0091956779,
1.5925,0.0052272417,
1.59275,0.0101006385,
1.593,0.0021803312,
1.59325,-0.0018431701,
1.5935,0.0089214705,
1.59375,0.0019352779,
1.594,0.0007572426,
1.59425,0.0024996069,
1.5945,0.0059061702,
1.59475,0.0067771371,
1.595,-0.0017279971,
1.59525,-0.0006644726,
1.5955,0.0115563571,
1.59575,-0.0007062092,
1.596,-0.0048562572,
1.59625,0.0039250297,
1.5965,0.0048348219,
1.59675,-0.0006907285,
1.597,-0.0049144966,
1.59725,0.0009962677,
1.5975,0.0107568391,
1.59775,-0.0036130531,
1.598,0.0004810365,
1.59825,0.0087741185,
1.5985,0.0014237995,
1.59875,-0.0026526032,
1.599,-0.0002907101,
1.59925,0.0037320186,
1.5995,0.0038626590,
1.59975,-0.0059787887,
1.6,0.0014872875,
1.60025,0.0097237183,
1.6005,0.0021447060,
1.60075,0.0011110115,
1.601,0.0054424871,
1.60125,0.0036744806,
1.6015,0.0008102182,
1.60175,-0.0027147981,
1.602,0.0038521499,
1.60225,0.0065688998,
1.6025,-0.0067663682,
1.60275,0.0027190228,
1.603,0.0071621919,
1.60325,0.0026557364,
1.6035,-0.0004705919,
1.60375,0.0008181658,
1.604,0.0056265458,
1.60425,0.0013900897,
1.6045,-0.0094563086,
1.60475,0.0029157659,
1.605,0.0053046020,
1.60525,-0.0066666156,
1.6055,-0.0023939854,
1.60575,0.0025653155,
1.606,0.0040888516,
1.60625,-0.0042163339,
1.6065,-0.0050651375,
1.60675,0.0038554245,
1.607,-0.0002853114,
1.60725,-0.0111394925,
1.6075,-0.0041643628,
1.60775,-0.0011553320,
1.608,-0.0021500068,
1.60825,-0.0066235662,
1.6085,-0.0042570932,
1.60875,0.0013349028,
1.609,-0.0044621280,
1.60925,-0.0086741205,
1.6095,-0.0012341379,
1.60975,-0.0068136761,
1.61,-0.0071808905,
1.61025,-0.0081175184,
1.6105,-0.0117427027,
1.61075,-0.0013846450,
1.611,-0.0094471322,
1.61125,-0.0100386692,
1.6115,-0.0080039324,
1.61175,-0.0116561865,
1.612,-0.0044455715,
1.61225,-0.0108508300,
1.6125,-0.0176387671,
1.61275,-0.0054289163,
1.613,-0.0097385403,
1.61325,-0.0166488662,
1.6135,-0.0067434832,
1.61375,-0.0084035099,
1.614,-0.0057699382,
1.61425,-0.0116129592,
1.6145,-0.0135779101,
1.61475,0.0062909909,
1.615,-0.0109036956,
1.61525,-0.0163023062,
1.6155,-0.0043442040,
1.61575,0.0012551018,
1.616,-0.0078381468,
1.61625,-0.0107837766,
1.6165,0.0022995947,
1.61675,0.0065597263,
1.617,-0.0135258036,
1.61725,-0.0069313939,
1.6175,0.0136544742,
1.61775,-0.0026915350,
1.618,-0.0114517668,
1.61825,0.0018545380,
1.6185,0.0112139620,
1.61875,0.0008168748,
1.619,-0.0129169775,
1.61925,0.0057650181,
1.6195,0.0142290061,
1.61975,-0.0094867209,
1.62,-0.0040149009,
1.62025,0.0128762107,
1.6205,0.0069778794,
1.62075,-0.0055116606,
1.621,-0.0001980203,
1.62125,0.0095918104,
1.6215,0.0089062229,
1.62175,-0.0062388582,
1.622,0.0031397676,
1.62225,0.0164642408,
1.6225,0.0067694969,
1.62275,0.0019844430,
1.623,0.0045965621,
1.62325,0.0104552079,
1.6235,0.0020752647,
1.62375,-0.0007557942,
1.624,0.0047313552,
1.62425,0.0070618144,
1.6245,0.0031721741,
1.62475,0.0011552861,
1.625,0.0074886228,
1.62525,0.0102429390,
1.6255,0.0058780978,
1.62575,0.0043057641,
1.626,0.0037151664,
1.62625,0.0109590441,
1.6265,0.0047067888,
1.62675,0.0039035755,
1.627,0.0047886861,
1.62725,0.0086056534,
1.6275,0.0070440816,
1.62775,0.0015711365,
1.628,0.0036065904,
1.62825,0.0088568954,
1.6285,0.0061684996,
1.62875,-0.0031689580,
1.629,0.0062238802,
1.62925,0.0043072719,
1.6295,0.0007113914,
1.62975,-0.0052547059,
1.63,0.0006569306,
1.63025,0.0118899336,
1.6305,-0.0031210626,
1.63075,-0.0062401658,
1.631,0.0113071306,
1.63125,0.0060262573,
1.6315,-0.0029505971,
1.63175,-0.0012568270,
1.632,0.0040956056,
1.63225,0.0042956956,
1.6325,-0.0075032357,
1.63275,0.0009710773,
1.633,0.0172227100,
1.63325,0.0004645065,
1.6335,-0.0032234802,
1.63375,0.0068043815,
1.634,0.0103307525,
1.63425,0.0035274988,
1.6345,-0.0058425833,
1.63475,0.0047709956,
1.635,0.0134938536,
1.63525,-0.0059088236,
1.6355,0.0006770354,
1.63575,0.0122714238,
1.636,0.0069823815,
1.63625,-0.0009680272,
1.6365,0.0009239264,
1.63675,0.0093649365,
1.637,0.0090498487,
1.63725,-0.0097154491,
1.6375,0.0006697449,
1.63775,0.0089847352,
1.638,-0.0056608552,
1.63825,-0.0069619319,
1.6385,-0.0026560123,
1.63875,0.0036716177,
1.639,-0.0060043433,
1.63925,-0.0087409951,
1.6395,0.0024601570,
1.63975,-0.0006654434,
1.64,-0.0097913705,
1.64025,-0.0044654459,
1.6405,-0.0040359860,
1.64075,-0.0027663808,
1.641,-0.0081919143,
1.64125,-0.0079174237,
1.6415,0.0000661761,
1.64175,-0.0022496511,
1.642,-0.0072985184,
1.64225,-0.0033087749,
1.6425,-0.0057931435,
1.64275,-0.0011039443,
1.643,-0.0079347547,
1.64325,-0.0087000914,
1.6435,-0.0017193746,
1.64375,-0.0068980246,
1.644,-0.0090321535,
1.64425,-0.0036161582,
1.6445,-0.0041021081,
1.64475,-0.0044254260,
1.645,-0.0095842797,
1.64525,-0.0113030067,
1.6455,-0.0047827195,
1.64575,-0.0068334281,
1.646,-0.0162469633,
1.64625,-0.0133056976,
1.6465,-0.0090097263,
1.64675,-0.0104655800,
1.647,-0.0178945623,
1.64725,-0.0152145131,
1.6475,-0.0066269469,
1.64775,-0.0114354454,
1.648,-0.0217400081,
1.64825,-0.0158246923,
1.6485,-0.0044815512,
1.64875,-0.0184825510,
1.649,-0.0248435717,
1.64925,-0.0126995472,
1.6495,-0.0028817356,
1.64975,-0.0146045825,
1.65,-0.0228090119,
1.65025,0.0010030486,
1.6505,0.0018626435,
1.65075,-0.0177880023,
1.651,-0.0084861275,
1.65125,0.0042342534,
1.6515,0.0016135857,
1.65175,-0.0139574762,
1.652,-0.0051386226,
1.65225,0.0136080869,
1.6525,0.0023417110,
1.65275,-0.0110580809,
1.653,0.0083629070,
1.65325,0.0162172392,
1.6535,0.0025663110,
1.65375,-0.0024631158,
1.654,0.0039443332,
1.65425,0.0126608741,
1.6545,-0.0081090992,
1.65475,-0.0062979246,
1.655,0.0117576765,
1.65525,0.0049198177,
1.6555,-0.0033919341,
1.65575,-0.0003656864,
1.656,0.0076072016,
1.65625,0.0066501643,
1.6565,-0.0046183215,
1.65675,-0.0079174731,
1.657,0.0074789212,
1.65725,-0.0051704892,
1.6575,-0.0093199480,
1.65775,-0.0004885998,
1.658,0.0013545030,
1.65825,0.0029169261,
1.6585,-0.0019008059,
1.65875,-0.0013899065,
1.659,0.0086864978,
1.65925,-0.0026620261,
1.6595,-0.0026793170,
1.65975,-0.0014122162,
1.66,0.0027828985,
1.66025,0.0057200878,
1.6605,-0.0027297155,
1.66075,-0.0000895618,
1.661,0.0149800722,
1.66125,0.0038680444,
1.6615,-0.0005462208,
1.66175,0.0037274067,
1.662,0.0093156146,
1.66225,0.0085169151,
1.6625,-0.0056408690,
1.66275,0.0034040050,
1.663,0.0133469617,
1.66325,-0.0064097727,
1.6635,-0.0020879125,
1.66375,0.0057443604,
1.664,0.0085794218,
1.66425,0.0000502834,
1.6645,-0.0085673220,
1.66475,0.0083015999,
1.665,0.0065995008,
1.66525,-0.0087888576,
1.6655,-0.0032925447,
1.66575,0.0101605728,
1.666,-0.0006866895,
1.66625,-0.0065870425,
1.6665,0.0011343589,
1.66675,0.0079009542,
1.667,0.0001111425,
1.66725,-0.0074849222,
1.6675,0.0028906004,
1.66775,0.0108560119,
1.668,-0.0006781498,
1.66825,-0.0025095204,
1.6685,0.0079153143,
1.66875,0.0118428878,
1.669,0.0008465073,
1.66925,0.0029543517,
1.6695,0.0140608978,
1.66975,0.0144455628,
1.67,0.0033176600,
1.67025,0.0061968337,
1.6705,0.0184904207,
1.67075,0.0147912418,
1.671,0.0024600406,
1.67125,0.0052208724,
1.6715,0.0158287287,
1.67175,0.0083712926,
1.672,-0.0016024370,
1.67225,0.0071307733,
1.6725,0.0161582828,
1.67275,0.0056022010,
1.673,-0.0025596512,
1.67325,0.0054783938,
1.6735,0.0040565110,
1.67375,-0.0026451363,
1.674,-0.0098980460,
1.67425,-0.0024397699,
1.6745,0.0042695426,
1.67475,-0.0067041018,
1.675,-0.0103194006,
1.67525,0.0018552132,
1.6755,-0.0012519213,
1.67575,-0.0045219827,
1.676,-0.0082461666,
1.67625,-0.0022299369,
1.6765,0.0039561982,
1.67675,-0.0079792822,
1.677,-0.0073412666,
1.67725,0.0026454849,
1.6775,-0.0042926585,
1.67775,-0.0051218159,
1.678,-0.0055458960,
1.67825,-0.0018992125,
1.6785,0.0037611995,
1.67875,-0.0088553308,
1.679,-0.0029706741,
1.67925,0.0011106121,
1.6795,-0.0027925612,
1.67975,-0.0022065532,
1.68,-0.0046078581,
1.68025,0.0008635561,
1.6805,0.0010136619,
1.68075,-0.0062709390,
1.681,-0.0005071029,
1.68125,0.0021567787,
1.6815,-0.0032789484,
1.68175,-0.0055571496,
1.682,-0.0115492148,
1.68225,-0.0006573788,
1.6825,-0.0043601869,
1.68275,-0.0156120500,
1.683,-0.0034820593,
1.68325,-0.0003053568,
1.6835,-0.0064400332,
1.68375,-0.0110824239,
1.684,-0.0008228151,
1.68425,0.0056477645,
1.6845,-0.0095561529,
1.68475,-0.0128347985,
1.685,0.0054291701,
1.68525,0.0006841733,
1.6855,-0.0104809925,
1.68575,-0.0016922608,
1.686,0.0065595354,
1.68625,0.0069066607,
1.6865,-0.0030419677,
1.68675,-0.0003708121,
1.687,0.0196900852,
1.68725,0.0050021168,
1.6875,-0.0062682414,
1.68775,0.0064980900,
1.688,0.0125093497,
1.68825,0.0069939415,
1.6885,0.0002005356,
1.68875,0.0081380820,
1.689,0.0173436794,
1.68925,0.0097123543,
1.6895,0.0013410461,
1.68975,0.0125829363,
1.69,0.0148727093,
1.69025,0.0038102118,
1.6905,-0.0027855388,
1.69075,0.0063678175,
1.691,0.0106946239,
1.69125,0.0012017437,
1.6915,0.0011051653,
1.69175,0.0071945032,
1.692,0.0066839410,
1.69225,-0.0029414278,
1.6925,-0.0064382092,
1.69275,0.0025706782,
1.693,-0.0021811512,
1.69325,-0.0084847240,
1.6935,-0.0050265100,
1.69375,-0.0010463536,
1.694,0.0011658513,
1.69425,-0.0051866351,
1.6945,-0.0032943524,
1.69475,0.0017647883,
1.695,-0.0003950484,
1.69525,-0.0057203830,
1.6955,-0.0052438821,
1.69575,0.0019770956,
1.696,-0.0004208225,
1.69625,-0.0076478948,
1.6965,0.0003761584,
1.69675,0.0044300305,
1.697,0.0004018593,
1.69725,0.0012270177,
1.6975,-0.0009377438,
1.69775,0.0083290059,
1.698,0.0059312172,
1.69825,-0.0121755973,
1.6985,0.0061059492,
1.69875,0.0090668807,
1.699,-0.0060122004,
1.69925,0.0013080676,
1.6995,0.0033409044,
1.69975,0.0038495867,
1.7,-0.0026281176,
1.70025,-0.0117116934,
1.7005,0.0079024471,
1.70075,0.0007802643,
1.701,-0.0162811037,
1.70125,-0.0021403485,
1.7015,0.0019419397,
1.70175,-0.0029162881,
1.702,-0.0054877978,
1.70225,-0.0088534188,
1.7025,0.0082731182,
1.70275,-0.0035872753,
1.703,-0.0138777886,
1.70325,0.0037311786,
1.7035,0.0007136402,
1.70375,-0.0019270165,
1.704,-0.0066552637,
1.70425,0.0005022831,
1.7045,0.0101358611,
1.70475,-0.0020530326,
1.705,-0.0072383224,
1.70525,0.0113558043,
1.7055,0.0018768667,
1.70575,-0.0013813948,
1.706,0.0000559743,
1.70625,0.0016730699,
1.7065,0.0100931358,
1.70675,-0.0101073459,
1.707,-0.0042904685,
1.70725,0.0074998653,
1.7075,-0.0082880082,
1.70775,-0.0076658176,
1.708,-0.0044163861,
1.70825,-0.0022937765,
1.7085,-0.0015427383,
1.70875,-0.0147347357,
1.709,-0.0048594181,
1.70925,0.0008617001,
1.7095,-0.0098909857,
1.70975,-0.0099922195,
1.71,-0.0098096812,
1.71025,-0.0067139398,
1.7105,-0.0098351091,
1.71075,-0.0166195743,
1.711,-0.0046922755,
1.71125,-0.0043910849,
1.7115,-0.0136516970,
1.71175,-0.0096057411,
1.712,-0.0050216513,
1.71225,-0.0013849970,
1.7125,-0.0112310844,
1.71275,-0.0148066133,
1.713,-0.0030835834,
1.71325,-0.0061017158,
1.7135,-0.0103068026,
1.71375,-0.0060352725,
1.714,-0.0025662410,
1.71425,0.0002419486,
1.7145,-0.0078277318,
1.71475,-0.0027481841,
1.715,0.0034326022,
1.71525,-0.0021169600,
1.7155,-0.0063263667,
1.71575,-0.0024926614,
1.716,-0.0007935911,
1.71625,0.0036417986,
1.7165,-0.0044028759,
1.71675,-0.0000461356,
1.717,0.0042538885,
1.71725,0.0017958230,
1.7175,-0.0047116731,
1.71775,-0.0039343415,
1.718,0.0041447929,
1.71825,0.0010929165,
1.7185,-0.0072960239,
1.71875,0.0069876737,
1.719,0.0078098406,
1.71925,0.0018069294,
1.7195,0.0023050264,
1.71975,0.0084379707,
1.72,0.0131132444,
1.72025,0.0040489486,
1.7205,-0.0024779239,
1.72075,0.0159248970,
1.721,0.0051749237,
1.72125,-0.0048396406,
1.7215,0.0091964481,
1.72175,0.0078255832,
1.722,0.0099217286,
1.72225,0.0022283634,
1.7225,0.0101209544,
1.72275,0.0183643550,
1.723,0.0038103973,
1.72325,0.0026011090,
1.7235,0.0097426623,
1.72375,0.0055413176,
1.724,0.0066336733,
1.72425,-0.0022118906,
1.7245,0.0074072839,
1.72475,0.0118947420,
1.725,-0.0002038555,
1.72525,0.0072959857,
1.7255,0.0077931322,
1.72575,0.0037504677,
1.726,0.0054372856,
1.72625,-0.0043683625,
1.7265,0.0050260988,
1.72675,0.0078291744,
1.727,-0.0059314221,
1.72725,0.0024974041,
1.7275,0.0064119631,
1.72775,0.0049217800,
1.728,0.0035985522,
1.72825,-0.0071487948,
1.7285,0.0063672587,
1.72875,0.0103940573,
1.729,-0.0081927488,
1.72925,0.0023585749,
1.7295,0.0051097311,
1.72975,-0.0003787783,
1.73,0.0029976596,
1.73025,-0.0036993404,
1.7305,0.0108021973,
1.73075,0.0072084190,
1.731,-0.0079419082,
1.73125,0.0031726735,
1.7315,0.0036776592,
1.73175,0.0008009219,
1.732,-0.0037630335,
1.73225,-0.0059611374,
1.7325,0.0060741454,
1.73275,0.0006911761,
1.733,-0.0072509535,
1.73325,0.0099888295,
1.7335,0.0055820453,
1.73375,-0.0010930808,
1.734,0.0028081676,
1.73425,0.0017439970,
1.7345,0.0088460874,
1.73475,-0.0026012552,
1.735,-0.0059847278,
1.73525,0.0088051977,
1.7355,0.0014894919,
1.73575,-0.0038901158,
1.736,0.0017058688,
1.73625,0.0030714262,
1.7365,0.0027596354,
1.73675,-0.0049818344,
1.737,-0.0006257163,
1.73725,0.0035942823,
1.7375,-0.0049141524,
1.73775,-0.0048519452,
1.738,0.0000974255,
1.73825,0.0011756404,
1.7385,-0.0005396805,
1.73875,-0.0037698550,
1.739,-0.0002943433,
1.73925,0.0079937940,
1.7395,-0.0037818579,
1.73975,-0.0063058054,
1.74,0.0025910288,
1.74025,0.0031009070,
1.7405,-0.0044120769,
1.74075,-0.0036583473,
1.741,0.0031253784,
1.74125,0.0039228639,
1.7415,-0.0059438711,
1.74175,-0.0029357662,
1.742,0.0039839251,
1.74225,-0.0017204313,
1.7425,-0.0095197177,
1.74275,-0.0044440022,
1.743,-0.0039065187,
1.74325,-0.0046999096,
1.7435,-0.0113788638,
1.74375,-0.0107448809,
1.744,-0.0035478640,
1.74425,-0.0046315342,
1.7445,-0.0113549680,
1.74475,-0.0053674290,
1.745,-0.0044228332,
1.74525,-0.0105728107,
1.7455,-0.0108869951,
1.74575,-0.0087834634,
1.746,-0.0051654633,
1.74625,-0.0108005125,
1.7465,-0.0145264799,
1.74675,-0.0042981426,
1.747,-0.0088740690,
1.74725,-0.0119255297,
1.7475,-0.0067265267,
1.74775,-0.0063413382,
1.748,-0.0047701942,
1.74825,-0.0108884797,
1.7485,-0.0069698966,
1.74875,-0.0034217383,
1.749,-0.0109714353,
1.74925,-0.0088251596,
1.7495,-0.0051146178,
1.74975,-0.0065973736,
1.75,-0.0049330173,
1.75025,-0.0064995643,
1.7505,-0.0013423037,
1.75075,0.0012951898,
1.751,-0.0014630076,
1.75125,-0.0021614847,
1.7515,0.0017458519,
1.75175,0.0011769924,
1.752,0.0013313524,
1.75225,-0.0024479050,
1.7525,0.0040578274,
1.75275,0.0049866498,
1.753,-0.0033302549,
1.75325,0.0055443225,
1.7535,0.0065886765,
1.75375,0.0094774235,
1.754,0.0011199164,
1.75425,-0.0029194579,
1.7545,0.0059180632,
1.75475,0.0062703248,
1.755,-0.0045251548,
1.75525,0.0018870479,
1.7555,0.0081238849,
1.75575,0.0041375589,
1.756,0.0037392161,
1.75625,0.0048706187,
1.7565,0.0125686638,
1.75675,0.0047603706,
1.757,-0.0006727640,
1.75725,0.0023839960,
1.7575,0.0057587917,
1.75775,-0.0006792672,
1.758,0.0020813632,
1.75825,0.0041331416,
1.7585,0.0091855144,
1.75875,0.0031024732,
1.759,0.0054261922,
1.75925,0.0074297604,
1.7595,0.0040838472,
1.75975,0.0007247140,
1.76,0.0008614050,
1.76025,0.0023213564,
1.7605,0.0008385693,
1.76075,0.0000993640,
1.761,0.0033253296,
1.76125,0.0066065970,
1.7615,0.0032198674,
1.76175,0.0031043149,
1.762,0.0070864731,
1.76225,0.0048920279,
1.7625,0.0030767163,
1.76275,0.0015741414,
1.763,0.0023283602,
1.76325,0.0054414216,
1.7635,0.0013638323,
1.76375,0.0023547651,
1.764,0.0109202024,
1.76425,0.0056670969,
1.7645,-0.0002922211,
1.76475,0.0062623415,
1.765,0.0030818097,
1.76525,0.0061316965,
1.7655,0.0002831418,
1.76575,-0.0020042972,
1.766,0.0071915584,
1.76625,0.0019759140,
1.7665,0.0019339549,
1.76675,0.0103870369,
1.767,0.0061929030,
1.76725,0.0072854329,
1.7675,0.0041036592,
1.76775,-0.0007078190,
1.768,0.0092444336,
1.76825,0.0057599051,
1.7685,0.0001109197,
1.76875,0.0091995420,
1.769,0.0103188027,
1.76925,0.0109825693,
1.7695,0.0066714636,
1.76975,0.0036241901,
1.77,0.0157376155,
1.77025,0.0069815917,
1.7705,0.0010356976,
1.77075,0.0113472603,
1.771,0.0036422452,
1.77125,0.0062557245,
1.7715,0.0030316939,
1.77175,0.0022200553,
1.772,0.0119784391,
1.77225,-0.0016339673,
1.7725,-0.0013429340,
1.77275,0.0075959815,
1.773,-0.0005785812,
1.77325,0.0004448945,
1.7735,-0.0020003719,
1.77375,0.0003491968,
1.774,0.0034374944,
1.77425,-0.0084263738,
1.7745,-0.0012614138,
1.77475,0.0017667759,
1.775,-0.0124288639,
1.77525,-0.0052520419,
1.7755,-0.0040422375,
1.77575,-0.0019789136,
1.776,-0.0009392068,
1.77625,-0.0097506624,
1.7765,-0.0002895109,
1.77675,0.0005451638,
1.777,-0.0075023151,
1.77725,-0.0008221227,
1.7775,0.0015535183,
1.77775,-0.0008603784,
1.778,-0.0019092363,
1.77825,-0.0041253278,
1.7785,0.0051009073,
1.77875,0.0000331469,
1.779,-0.0084855845,
1.77925,-0.0012098455,
1.7795,-0.0006212142,
1.77975,-0.0073858732,
1.78,-0.0058031417,
1.78025,-0.0083416542,
1.7805,-0.0044533056,
1.78075,-0.0082737822,
1.781,-0.0106682805,
1.78125,-0.0024505646,
1.7815,-0.0063986629,
1.78175,-0.0103644272,
1.782,-0.0113764293,
1.78225,-0.0111518521,
1.7825,-0.0105540603,
1.78275,-0.0108984821,
1.783,-0.0096419277,
1.78325,-0.0028733229,
1.7835,-0.0026995982,
1.78375,-0.0027745161,
1.784,0.0004747834,
1.78425,-0.0009217610,
1.7845,-0.0002407758,
1.78475,0.0027596797,
1.785,-0.0012785097,
1.78525,0.0026503636,
1.7855,0.0053318380,
1.78575,0.0009960559,
1.786,0.0046980456,
1.78625,0.0115075288,
1.7865,0.0044661192,
1.78675,0.0071515944,
1.787,0.0063570328,
1.78725,0.0053808559,
1.7875,0.0102636395,
1.78775,-0.0031014530,
1.788,0.0048189554,
1.78825,0.0146192033,
1.7885,0.0002218401,
1.78875,0.0046145073,
1.789,0.0084615033,
1.78925,0.0067434390,
1.7895,-0.0008198406,
1.78975,-0.0037195734,
1.79,0.0072185621,
1.79025,0.0037650913,
1.7905,-0.0068876371,
1.79075,0.0005420060,
1.791,0.0061434177,
1.79125,0.0023157131,
1.7915,0.0007323736,
1.79175,-0.0006188618,
1.792,0.0081567932,
1.79225,0.0003800691,
1.7925,-0.0033394815,
1.79275,0.0080890674,
1.793,0.0024970344,
1.79325,0.0025496946,
1.7935,0.0037290624,
1.79375,0.0009886930,
1.794,0.0129813924,
1.79425,0.0004145152,
1.7945,0.0024292546,
1.79475,0.0095903920,
1.795,0.0014331986,
1.79525,0.0050172075,
1.7955,0.0041842293,
1.79575,-0.0017259665,
1.796,0.0003415842,
1.79625,-0.0025355513,
1.7965,-0.0071190223,
1.79675,0.0026931893,
1.797,-0.0058061075,
1.79725,0.0002290455,
1.7975,0.0021953855,
1.79775,-0.0019264023,
1.798,0.0014292361,
1.79825,-0.0010807309,
1.7985,-0.0034558515,
1.79875,-0.0019336361,
1.799,-0.0040527876,
1.79925,0.0036464864,
1.7995,-0.0004891942,
1.79975,-0.0011415173,
1.8,0.0060613137,
1.80025,-0.0001946435,
1.8005,0.0025521149,
1.80075,0.0035549607,
1.801,-0.0012638337,
1.80125,0.0023694292,
1.8015,0.0018782781,
1.80175,0.0037662270,
1.802,0.0063979784,
1.80225,0.0002066568,
1.8025,0.0095462995,
1.80275,0.0095668929,
1.803,0.0036035266,
1.80325,0.0098533332,
1.8035,0.0096558630,
1.80375,0.0045625521,
1.804,0.0033984012,
1.80425,0.0044849277,
1.8045,0.0078678280,
1.80475,0.0030934340,
1.805,0.0013117013,
1.80525,0.0061387671,
1.8055,0.0044109700,
1.80575,0.0018739563,
1.806,0.0011419157,
1.80625,-0.0025918572,
1.8065,0.0002341601,
1.80675,-0.0036978857,
1.807,-0.0082356036,
1.80725,-0.0080232006,
1.8075,-0.0009913628,
1.80775,-0.0072431215,
1.808,-0.0058830241,
1.80825,-0.0026727375,
1.8085,0.0002673442,
1.80875,-0.0052614878,
1.809,-0.0089626433,
1.80925,-0.0016080796,
1.8095,0.0010537194,
1.80975,-0.0133699663,
1.81,-0.0100231776,
1.81025,-0.0040507298,
1.8105,-0.0102626402,
1.81075,-0.0080451258,
1.811,-0.0099674286,
1.81125,-0.0046978546,
1.8115,-0.0075789392,
1.81175,-0.0120852347,
1.812,-0.0047698705,
1.81225,-0.0042285412,
1.8125,-0.0142094167,
1.81275,-0.0102248313,
1.813,-0.0111430157,
1.81325,-0.0093355970,
1.8135,-0.0075466800,
1.81375,-0.0131520852,
1.814,-0.0049184086,
1.81425,-0.0075706509,
1.8145,-0.0129569648,
1.81475,-0.0070876181,
1.815,-0.0116475718,
1.81525,-0.0145360958,
1.8155,-0.0135033671,
1.81575,-0.0176674388,
1.816,-0.0038745124,
1.81625,-0.0096306130,
1.8165,-0.0150733721,
1.81675,-0.0038670280,
1.817,-0.0075331354,
1.81725,-0.0087113222,
1.8175,-0.0087927198,
1.81775,-0.0125186509,
1.818,-0.0039228243,
1.81825,-0.0093874643,
1.8185,-0.0110127358,
1.81875,0.0015149177,
1.819,-0.0022288379,
1.81925,-0.0023336906,
1.8195,0.0006898168,
1.81975,0.0003221080,
1.82,0.0092872204,
1.82025,0.0000825608,
1.8205,-0.0025187142,
1.82075,0.0078560393,
1.821,0.0021260453,
1.82125,0.0045735617,
1.8215,0.0007506064,
1.82175,0.0040086042,
1.822,0.0122194868,
1.82225,-0.0003419682,
1.8225,0.0026968066,
1.82275,0.0105077326,
1.823,0.0019001239,
1.82325,-0.0006185399,
1.8235,-0.0012879656,
1.82375,0.0062507438,
1.824,0.0001351859,
1.82425,-0.0066370568,
1.8245,0.0009710604,
1.82475,0.0055599893,
1.825,-0.0040800823,
1.82525,-0.0036175488,
1.8255,-0.0004525742,
1.82575,-0.0023932429,
1.826,-0.0069490159,
1.82625,-0.0036634952,
1.8265,0.0018941567,
1.82675,0.0011420615,
1.827,-0.0048880978,
1.82725,0.0005886268,
1.8275,0.0034495362,
1.82775,0.0028085494,
1.828,-0.0009100380,
1.82825,0.0014822013,
1.8285,0.0048648724,
1.82875,0.0038912520,
1.829,-0.0005731497,
1.82925,0.0026637712,
1.8295,0.0057259686,
1.82975,0.0024811146,
1.83,-0.0004822216,
1.83025,0.0037930724,
1.8305,0.0074151461,
1.83075,0.0011492207,
1.831,-0.0002044554,
1.83125,0.0073159812,
1.8315,0.0086660255,
1.83175,-0.0000473779,
1.832,0.0000062351,
1.83225,0.0039908495,
1.8325,0.0013162554,
1.83275,-0.0007772436,
1.833,0.0013077050,
1.83325,0.0037450760,
1.8335,0.0051745069,
1.83375,0.0015009003,
1.834,0.0052848216,
1.83425,0.0083641903,
1.8345,0.0022108622,
1.83475,0.0016470798,
1.835,0.0028846727,
1.83525,0.0029578919,
1.8355,0.0077449558,
1.83575,0.0011521459,
1.836,0.0064920178,
1.83625,0.0087551111,
1.8365,0.0057889083,
1.83675,0.0095759016,
1.837,0.0086708413,
1.83725,0.0071602007,
1.8375,0.0094875293,
1.83775,0.0006661691,
1.838,0.0093482072,
1.83825,0.0094189569,
1.8385,0.0010491877,
1.83875,0.0136603871,
1.839,0.0068900045,
1.83925,0.0069685690,
1.8395,0.0083641438,
1.83975,0.0035254159,
1.84,0.0073359576,
1.84025,0.0021464468,
1.8405,0.0020220487,
1.84075,0.0034315211,
1.841,-0.0014407043,
1.84125,0.0023591770,
1.8415,0.0048612184,
1.84175,-0.0033529222,
1.842,0.0051308684,
1.84225,0.0005942321,
1.8425,-0.0062317657,
1.84275,-0.0006548277,
1.843,-0.0033890407,
1.84325,-0.0017287332,
1.8435,-0.0053710556,
1.84375,-0.0096549448,
1.844,0.0018001226,
1.84425,-0.0033887755,
1.8445,-0.0077991378,
1.84475,-0.0019842822,
1.845,-0.0038621053,
1.84525,-0.0023977200,
1.8455,-0.0068920334,
1.84575,-0.0075889798,
1.846,0.0012260115,
1.84625,-0.0084291939,
1.8465,-0.0129130073,
1.84675,0.0014623661,
1.847,-0.0048343609,
1.84725,-0.0065810564,
1.8475,-0.0039880313,
1.84775,-0.0032809945,
1.848,0.0006754007,
1.84825,-0.0077797603,
1.8485,-0.0077372603,
1.84875,-0.0009674241,
1.849,-0.0059133517,
1.84925,-0.0051127020,
1.8495,-0.0021224208,
1.84975,0.0011078627,
1.85,-0.0001156163,
1.85025,-0.0029036575,
1.8505,0.0029955150,
1.85075,0.0054153409,
1.851,-0.0033943201,
1.85125,-0.0007299404,
1.8515,0.0013264477,
1.85175,-0.0017249684,
1.852,0.0001543522,
1.85225,0.0016885074,
1.8525,0.0031459916,
1.85275,0.0016617671,
1.853,0.0034351125,
1.85325,0.0025082929,
1.8535,0.0060129394,
1.85375,0.0005046575,
1.854,-0.0003966516,
1.85425,0.0027295486,
1.8545,-0.0052922759,
1.85475,0.0029777156,
1.855,0.0045261774,
1.85525,-0.0045552757,
1.8555,0.0044446499,
1.85575,0.0071589863,
1.856,0.0019532086,
1.85625,0.0035685601,
1.8565,0.0019088860,
1.85675,0.0039315438,
1.857,0.0019001942,
1.85725,-0.0021163512,
1.8575,0.0115927961,
1.85775,0.0098963175,
1.858,0.0012691796,
1.85825,0.0081999199,
1.8585,0.0116321491,
1.85875,0.0047434829,
1.859,0.0039594220,
1.85925,0.0019428348,
1.8595,0.0096668294,
1.85975,-0.0013142538,
1.86,-0.0027387962,
1.86025,0.0074158330,
1.8605,0.0019185119,
1.86075,0.0000248038,
1.861,-0.0009714264,
1.86125,0.0006716312,
1.8615,0.0026111191,
1.86175,-0.0070791980,
1.862,-0.0047516879,
1.86225,0.0034709908,
1.8625,-0.0084837349,
1.86275,-0.0030486633,
1.863,-0.0016989593,
1.86325,-0.0039586858,
1.8635,0.0027926979,
1.86375,-0.0078223031,
1.864,-0.0027444656,
1.86425,0.0033565173,
1.8645,-0.0063998369,
1.86475,-0.0028046868,
1.865,0.0035664383,
1.86525,-0.0000073229,
1.8655,0.0021649303,
1.86575,-0.0008768048,
1.866,0.0047568609,
1.86625,0.0098423697,
1.8665,-0.0019385341,
1.86675,0.0073084496,
1.867,0.0091185411,
1.86725,0.0029332922,
1.8675,0.0022914584,
1.86775,0.0066902526,
1.868,0.0108761285,
1.86825,0.0059698606,
1.8685,0.0023023270,
1.86875,0.0123630948,
1.869,0.0093069216,
1.86925,0.0039946693,
1.8695,0.0076765837,
1.86975,0.0062471516,
1.87,0.0077074720,
1.87025,0.0057475073,
1.8705,0.0022109584,
1.87075,0.0084965248,
1.871,0.0050332295,
1.87125,-0.0004812450,
1.8715,0.0041766241,
1.87175,0.0008590222,
1.872,0.0020473560,
1.87225,-0.0030409291,
1.8725,-0.0023021318,
1.87275,0.0014817235,
1.873,-0.0017628343,
1.87325,-0.0032558523,
1.8735,0.0012227684,
1.87375,-0.0043256334,
1.874,-0.0036629168,
1.87425,-0.0020021298,
1.8745,-0.0052576503,
1.87475,-0.0036472832,
1.875,-0.0010744733,
1.87525,-0.0027924743,
1.8755,-0.0026636031,
1.87575,-0.0006179206,
1.876,0.0014454336,
1.87625,-0.0002809092,
1.8765,-0.0040957574,
1.87675,-0.0025473114,
1.877,-0.0012669852,
1.87725,-0.0053224266,
1.8775,-0.0041705100,
1.87775,-0.0002973156,
1.878,-0.0038333270,
1.87825,-0.0033731619,
1.8785,-0.0063277776,
1.87875,-0.0029629907,
1.879,-0.0057944213,
1.87925,-0.0146422796,
1.8795,-0.0097637959,
1.87975,-0.0087182503,
1.88,-0.0156766698,
1.88025,-0.0117508266,
1.8805,-0.0078628846,
1.88075,-0.0067714322,
1.881,-0.0107122995,
1.88125,-0.0096778031,
1.8815,-0.0065642903,
1.88175,-0.0095000099,
1.882,-0.0156048890,
1.88225,-0.0088957557,
1.8825,-0.0070516896,
1.88275,-0.0065836213,
1.883,-0.0087421341,
1.88325,-0.0060963207,
1.8835,0.0022227094,
1.88375,-0.0055414275,
1.884,-0.0092358291,
1.88425,0.0011824764,
1.8845,-0.0035903328,
1.88475,-0.0063396613,
1.885,-0.0042175958,
1.88525,-0.0018533897,
1.8855,0.0024972486,
1.88575,-0.0001281661,
1.886,0.0008754454,
1.88625,0.0082026618,
1.8865,0.0044265785,
1.88675,0.0050997771,
1.887,0.0087899556,
1.88725,0.0035281423,
1.8875,0.0063101645,
1.88775,0.0012693277,
1.888,0.0043209777,
1.88825,0.0049088853,
1.8885,0.0028983317,
1.88875,0.0077675730,
1.889,0.0033784071,
1.88925,0.0016578207,
1.8895,0.0040143426,
1.88975,0.0040058983,
1.89,0.0007739226,
1.89025,-0.0011022396,
1.8905,-0.0003989178,
1.89075,0.0013826188,
1.891,-0.0025443211,
1.89125,0.0029733733,
1.8915,0.0108394753,
1.89175,0.0012566916,
1.892,-0.0001239160,
1.89225,0.0053931810,
1.8925,0.0047193519,
1.89275,0.0041609020,
1.893,-0.0001985413,
1.89325,0.0045811199,
1.8935,0.0058274772,
1.89375,-0.0015489943,
1.894,0.0047307080,
1.89425,0.0101871835,
1.8945,0.0063010547,
1.89475,-0.0016040065,
1.895,0.0063934904,
1.89525,0.0103431810,
1.8955,0.0007132266,
1.89575,0.0007946382,
1.896,0.0061661806,
1.89625,0.0063789645,
1.8965,-0.0009363662,
1.89675,0.0037481987,
1.897,0.0098632667,
1.89725,0.0113033932,
1.8975,-0.0034564682,
1.89775,0.0030079004,
1.898,0.0073951646,
1.89825,-0.0042309719,
1.8985,-0.0062979972,
1.89875,-0.0019647698,
1.899,0.0061850105,
1.89925,-0.0003456828,
1.8995,-0.0076662060,
1.89975,0.0075832172,
1.9,0.0043725972,
1.90025,-0.0037141193,
1.9005,0.0014957141,
1.90075,0.0040415120,
1.901,0.0043490482,
1.90125,0.0003552472,
1.9015,0.0009923506,
1.90175,0.0154179661,
1.902,0.0068786163,
1.90225,0.0039178198,
1.9025,0.0109691964,
1.90275,0.0059264940,
1.903,0.0083702356,
1.90325,0.0025031075,
1.9035,0.0051414450,
1.90375,0.0125646414,
1.904,0.0008832703,
1.90425,0.0055866027,
1.9045,0.0106329238,
1.90475,0.0052719275,
1.905,0.0065241391,
1.90525,0.0032932851,
1.9055,0.0043002255,
1.90575,0.0089157242,
1.906,-0.0014193319,
1.90625,0.0013605830,
1.9065,0.0067475643,
1.90675,-0.0061272895,
1.907,0.0017146404,
1.90725,-0.0051683048,
1.9075,-0.0040458050,
1.90775,-0.0012251368,
1.908,-0.0084098978,
1.90825,-0.0036523563,
1.9085,-0.0048864419,
1.90875,-0.0111527294,
1.909,-0.0033753845,
1.90925,-0.0112738498,
1.9095,-0.0067530856,
1.90975,-0.0045487215,
1.91,-0.0108476151,
1.91025,-0.0096366294,
1.9105,-0.0091336239,
1.91075,-0.0040628039,
1.911,-0.0065452135,
1.91125,-0.0145976003,
1.9115,-0.0023866931,
1.91175,-0.0025279615,
1.912,-0.0121823773,
1.91225,-0.0054692798,
1.9125,-0.0074970806,
1.91275,-0.0063262749,
1.913,-0.0113178929,
1.91325,-0.0186330806,
1.9135,-0.0027662604,
1.91375,-0.0102046505,
1.914,-0.0185928401,
1.91425,-0.0058355066,
1.9145,-0.0058478159,
1.91475,-0.0082326401,
1.915,-0.0118052904,
1.91525,-0.0140661271,
1.9155,-0.0043294649,
1.91575,-0.0132471183,
1.916,-0.0180338025,
1.91625,-0.0029559121,
1.9165,-0.0104754614,
1.91675,-0.0140301222,
1.917,-0.0107742157,
1.91725,-0.0021512164,
1.9175,-0.0067939186,
1.91775,-0.0182790942,
1.918,-0.0078314207,
1.91825,-0.0029143086,
1.9185,-0.0154260602,
1.91875,-0.0086664418,
1.919,-0.0009690587,
1.91925,-0.0040930333,
1.9195,-0.0078221774,
1.91975,-0.0021668738,
1.92,0.0070080468,
1.92025,0.0018356711,
1.9205,-0.0081199622,
1.92075,0.0019872459,
1.921,0.0029607911,
1.92125,-0.0021171961,
1.9215,-0.0031006662,
1.92175,0.0045743026,
1.922,0.0083315698,
1.92225,-0.0014676381,
1.9225,0.0062552635,
1.92275,0.0092529599,
1.923,0.0039541055,
1.92325,0.0019002683,
1.9235,0.0003948786,
1.92375,0.0020093410,
1.924,-0.0004649304,
1.92425,-0.0033716415,
1.9245,0.0081352014,
1.92475,0.0014409890,
1.925,-0.0013555845,
1.92525,0.0123388935,
1.9255,-0.0018583850,
1.92575,0.0000655046,
1.926,0.0022179149,
1.92625,0.0019238774,
1.9265,0.0040037511,
1.92675,-0.0064081736,
1.927,-0.0004668902,
1.92725,0.0126892561,
1.9275,-0.0054437509,
1.92775,-0.0015991944,
1.928,0.0089298692,
1.92825,0.0027156835,
1.9285,-0.0018445066,
1.92875,-0.0036832830,
1.929,0.0089023225,
1.92925,0.0079862131,
1.9295,-0.0119052073,
1.92975,0.0069234502,
1.93,0.0150376642,
1.93025,-0.0043506292,
1.9305,0.0040293313,
1.93075,0.0032458350,
1.931,0.0107335625,
1.93125,0.0014657362,
1.9315,-0.0072560874,
1.93175,0.0163897648,
1.932,0.0060167047,
1.93225,-0.0097538540,
1.9325,0.0126392189,
1.93275,0.0096260831,
1.933,0.0028272062,
1.93325,0.0043684044,
1.9335,0.0074622249,
1.93375,0.0173379034,
1.934,0.0027722747,
1.93425,-0.0002165017,
1.9345,0.0178593956,
1.93475,0.0017351068,
1.935,0.0006107400,
1.93525,0.0084039094,
1.9355,0.0075455750,
1.93575,0.0079527199,
1.936,-0.0013889752,
1.93625,0.0059485524,
1.9365,0.0160582084,
1.93675,0.0010886953,
1.937,0.0063146492,
1.93725,0.0115594920,
1.9375,0.0043747737,
1.93775,0.0049723648,
1.938,0.0043304721,
1.93825,0.0080317520,
1.9385,0.0079614986,
1.93875,0.0018296598,
1.939,0.0059001632,
1.93925,0.0100337639,
1.9395,0.0004834398,
1.93975,0.0107042482,
1.94,0.0050683268,
1.94025,0.0020491637,
1.9405,0.0079170931,
1.94075,0.0017925315,
1.941,0.0037540975,
1.94125,0.0029123933,
1.9415,0.0018248037,
1.94175,0.0053915689,
1.942,-0.0006337222,
1.94225,-0.0023091945,
1.9425,0.0035483062,
1.94275,0.0005173639,
1.943,-0.0045611374,
1.94325,-0.0052170139,
1.9435,0.0020162538,
1.94375,-0.0029508155,
1.944,-0.0105089992,
1.94425,-0.0034357356,
1.9445,0.0012848281,
1.94475,-0.0095443549,
1.945,-0.0107383747,
1.94525,-0.0029189812,
1.9455,-0.0006078091,
1.94575,-0.0122760376,
1.946,-0.0118783014,
1.94625,-0.0056363726,
1.9465,-0.0087499209,
1.94675,-0.0159743540,
1.947,-0.0106737763,
1.94725,0.0013031141,
1.9475,-0.0104127405,
1.94775,-0.0142966099,
1.948,-0.0023974637,
1.94825,0.0004617737,
1.9485,-0.0100600235,
1.94875,-0.0115363766,
1.949,-0.0015090238,
1.94925,0.0003463710,
1.9495,-0.0130259860,
1.94975,-0.0049074902,
1.95,0.0067489287,
1.95025,-0.0003662244,
1.9505,-0.0073664794,
1.95075,0.0020804608,
1.951,0.0066150953,
1.95125,0.0004398194,
1.9515,-0.0091448426,
1.95175,0.0022271983,
1.952,0.0077582779,
1.95225,-0.0051911809,
1.9525,-0.0028874525,
1.95275,0.0044912482,
1.953,0.0027202370,
1.95325,-0.0023394851,
1.9535,-0.0020688763,
1.95375,0.0053561293,
1.954,0.0008858849,
1.95425,-0.0069935974,
1.9545,-0.0029294577,
1.95475,0.0035728372,
1.955,-0.0019713806,
1.95525,0.0000397906,
1.9555,0.0037203734,
1.95575,0.0096355621,
1.956,0.0034744497,
1.95625,0.0050034644,
1.9565,0.0095841540,
1.95675,-0.0001991091,
1.957,0.0009715659,
1.95725,0.0082028816,
1.9575,0.0035149599,
1.95775,0.0062024146,
1.958,0.0069586551,
1.95825,0.0086988490,
1.9585,0.0100930836,
1.95875,-0.0007641471,
1.959,0.0121918926,
1.95925,0.0095171602,
1.9595,-0.0061482899,
1.95975,0.0031176140,
1.96,0.0087209083,
1.96025,-0.0027092870,
1.9605,0.0009051780,
1.96075,0.0019398784,
1.961,0.0084461495,
1.96125,0.0006602701,
1.9615,-0.0055998326,
1.96175,0.0075616948,
1.962,0.0060656182,
1.96225,-0.0098816957,
1.9625,-0.0009596542,
1.96275,0.0071857148,
1.963,-0.0037800181,
1.96325,-0.0078277402,
1.9635,0.0034349277,
1.96375,0.0065842033,
1.964,-0.0042086993,
1.96425,-0.0059630792,
1.9645,0.0059744362,
1.96475,0.0032298123,
1.965,-0.0080716386,
1.96525,-0.0084680179,
1.9655,0.0067707798,
1.96575,-0.0008226430,
1.966,-0.0086377459,
1.96625,0.0049373396,
1.9665,0.0136598432,
1.96675,0.0029003774,
1.967,-0.0008938231,
1.96725,0.0109368283,
1.9675,0.0057081031,
1.96775,-0.0006714808,
1.968,-0.0011735283,
1.96825,0.0059084566,
1.9685,0.0064813881,
1.96875,0.0001166547,
1.969,0.0072174990,
1.96925,0.0182493553,
1.9695,0.0048653381,
1.96975,0.0015498067,
1.97,0.0115369083,
1.97025,0.0027155061,
1.9705,-0.0017138723,
1.97075,0.0025781060,
1.971,0.0015038277,
1.97125,0.0026088562,
1.9715,-0.0023072916,
1.97175,0.0016878812,
1.972,0.0067383465,
1.97225,-0.0072564795,
1.9725,-0.0031581332,
1.97275,-0.0000538788,
1.973,-0.0099779442,
1.97325,-0.0072357962,
1.9735,-0.0030041337,
1.97375,-0.0044105765,
1.974,-0.0028045278,
1.97425,-0.0051796837,
1.9745,-0.0009801261,
1.97475,-0.0011674339,
1.975,-0.0078528766,
1.97525,-0.0003496202,
1.9755,-0.0066300891,
1.97575,-0.0076331752,
1.976,-0.0060852692,
1.97625,-0.0082578892,
1.9765,-0.0041147196,
1.97675,-0.0091915438,
1.977,-0.0092654871,
1.97725,0.0005879132,
1.9775,-0.0128075005,
1.97775,-0.0114082471,
1.978,-0.0069875624,
1.97825,-0.0086503979,
1.9785,-0.0111030983,
1.97875,-0.0115046315,
1.979,-0.0082925186,
1.97925,-0.0047573829,
1.9795,-0.0137367016,
1.97975,-0.0112917237,
1.98,-0.0031163858,
1.98025,-0.0116731748,
1.9805,-0.0141405296,
1.98075,-0.0106589915,
1.981,-0.0019462449,
1.98125,-0.0097486135,
1.9815,-0.0192606058,
1.98175,-0.0055067036,
1.982,-0.0049625640,
1.98225,-0.0182582904,
1.9825,-0.0147401588,
1.98275,-0.0072549242,
1.983,-0.0094958134,
1.98325,-0.0173315052,
1.9835,-0.0097115617,
1.98375,0.0043419972,
1.984,-0.0053493911,
1.98425,-0.0145754600,
1.9845,-0.0005829449,
1.98475,0.0025595257,
1.985,-0.0108747892,
1.98525,-0.0107429139,
1.9855,0.0013940630,
1.98575,0.0036207396,
1.986,-0.0089110918,
1.98625,-0.0041543185,
1.9865,0.0113638500,
1.98675,0.0020702945,
1.987,-0.0055363677,
1.98725,0.0009444472,
1.9875,0.0054484475,
1.98775,-0.0018466963,
1.988,-0.0055691176,
1.98825,0.0009603111,
1.9885,0.0128169265,
1.98875,-0.0013255358,
1.989,-0.0003632628,
1.98925,0.0106164441,
1.9895,0.0030117065,
1.98975,0.0002794380,
1.99,-0.0010270689,
1.99025,0.0012163767,
1.9905,0.0012409203,
1.99075,-0.0064119967,
1.991,0.0006852882,
1.99125,0.0081369411,
1.9915,-0.0008310826,
1.99175,0.0021911780,
1.992,0.0056446693,
1.99225,-0.0032547303,
1.9925,0.0036500569,
1.99275,0.0068527618,
1.993,-0.0023375181,
1.99325,0.0010183105,
1.9935,-0.0012926850,
1.99375,0.0067019826,
1.994,0.0042911125,
1.99425,-0.0025832548,
1.9945,0.0099454960,
1.99475,0.0066960747,
1.995,-0.0026200167,
1.99525,0.0034157455,
1.9955,0.0057693105,
1.99575,0.0014612185,
1.996,-0.0083251055,
1.99625,-0.0016310292,
1.9965,0.0122734699,
1.99675,-0.0065782098,
1.997,-0.0057099573,
1.99725,0.0111329518,
1.9975,-0.0002460105,
1.99775,-0.0036134638,
1.998,0.0008597178,
1.99825,0.0044194823,
1.9985,0.0055535650,
1.99875,-0.0086631635,
1.999,0.0024334097,
1.99925,0.0149507709,
1.9995,-0.0061572138,
1.99975,0.0006756579,
2,0.0114341779,
2.00025,0.0086738551,
2.0005,0.0083701825,
2.00075,0.0023658662,
2.001,0.0126012061,
2.00125,0.0145811494,
2.0015,-0.0015626031,
2.00175,0.0106024100,
2.002,0.0168784726,
2.00225,0.0067177038,
2.0025,0.0054852846,
2.00275,0.0111362487,
2.003,0.0181171969,
2.00325,0.0108151194,
2.0035,0.0031217849,
2.00375,0.0142922029,
2.004,0.0094807064,
2.00425,-0.0041558226,
2.0045,0.0030507650,
2.00475,0.0053607863,
2.005,0.0016253430,
2.00525,0.0004892839,
2.0055,0.0017584336,
2.00575,0.0104488749,
2.006,-0.0006849010,
2.00625,-0.0026917770,
2.0065,0.0063543767,
2.00675,-0.0017758701,
2.007,-0.0056961365,
2.00725,-0.0030327823,
2.0075,-0.0006347777,
2.00775,-0.0020781921,
2.008,-0.0008957615,
2.00825,0.0051060966,
2.0085,0.0039327461,
2.00875,-0.0015417396,
2.009,-0.0015076902,
2.00925,0.0054344824,
2.0095,-0.0008854211,
2.00975,-0.0061455118,
2.01,0.0021728033,
2.01025,0.0014756812,
2.0105,-0.0052099545,
2.01075,-0.0017565117,
2.011,0.0023404714,
2.01125,-0.0029329022,
2.0115,-0.0077573075,
2.01175,-0.0037582158,
2.012,0.0017156441,
2.01225,-0.0070585972,
2.0125,-0.0092734359,
2.01275,-0.0004001303,
2.013,-0.0062534004,
2.01325,-0.0106228786,
2.0135,-0.0076834718,
2.01375,-0.0051834104,
2.014,-0.0039633960,
2.01425,-0.0167699158,
2.0145,-0.0049747135,
2.01475,0.0009146170,
2.015,-0.0148956887,
2.01525,-0.0124685364,
2.0155,-0.0005834207,
2.01575,-0.0049735610,
2.016,-0.0072396966,
2.01625,-0.0104055936,
2.0165,0.0052450406,
2.01675,0.0019779322,
2.017,-0.0159257799,
2.01725,0.0039363699,
2.0175,0.0073236935,
2.01775,-0.0094159618,
2.018,-0.0058492501,
2.01825,0.0009377575,
2.0185,0.0083383042,
2.01875,-0.0034731715,
2.019,-0.0111188507,
2.01925,0.0102809081,
2.0195,0.0005064001,
2.01975,-0.0109394751,
2.02,0.0044386955,
2.02025,0.0080962740,
2.0205,-0.0013404365,
2.02075,-0.0053969114,
2.021,-0.0023642913,
2.02125,0.0071551721,
2.0215,-0.0077800122,
2.02175,-0.0094052684,
2.022,0.0098330155,
2.02225,0.0009461452,
2.0225,-0.0002423755,
2.02275,0.0017166237,
2.023,0.0050938036,
2.02325,0.0050366940,
2.0235,-0.0082475021,
2.02375,0.0015507266,
2.024,0.0036883908,
2.02425,-0.0067081670,
2.0245,0.0016553927,
2.02475,0.0049417815,
2.025,0.0045656869,
2.02525,0.0023503404,
2.0255,-0.0017443829,
2.02575,0.0030224768,
2.026,0.0027771592,
2.02625,-0.0016560116,
2.0265,0.0059840712,
2.02675,0.0019072316,
2.027,-0.0032928945,
2.02725,0.0052458765,
2.0275,0.0030888021,
2.02775,0.0004708468,
2.028,-0.0030828421,
2.02825,-0.0001053613,
2.0285,0.0046743369,
2.02875,-0.0058738347,
2.029,0.0022536903,
2.02925,0.0088203279,
2.0295,-0.0026420848,
2.02975,-0.0089616757,
2.03,0.0042457525,
2.03025,0.0055774413,
2.0305,-0.0037605646,
2.03075,-0.0015514456,
2.031,0.0110479454,
2.03125,0.0051349099,
2.0315,-0.0076645752,
2.03175,0.0008625856,
2.032,0.0032621231,
2.03225,-0.0012742961,
2.0325,-0.0063126092,
2.03275,0.0029990007,
2.033,0.0086758556,
2.03325,-0.0006486718,
2.0335,-0.0025260099,
2.03375,0.0135538355,
2.034,0.0062822597,
2.03425,-0.0006387050,
2.0345,0.0034718909,
2.03475,0.0093339561,
2.035,0.0026897513,
2.03525,0.0041377433,
2.0355,0.0083289072,
2.03575,0.0126294903,
2.036,0.0043283063,
2.03625,0.0067593395,
2.0365,0.0161436610,
2.03675,0.0139918309,
2.037,0.0032720927,
2.03725,0.0105501004,
2.0375,0.0146342032,
2.03775,0.0033232358,
2.038,0.0056362944,
2.03825,0.0065871533,
2.0385,0.0133843943,
2.03875,0.0028665245,
2.039,0.0008844846,
2.03925,0.0167229231,
2.0395,0.0098773148,
2.03975,0.0007118260,
2.04,0.0071014352,
2.04025,0.0072241528,
2.0405,0.0032206753,
2.04075,-0.0013331980,
2.041,0.0034772516,
2.04125,0.0125025027,
2.0415,0.0004366684,
2.04175,0.0029194802,
2.042,0.0086519364,
2.04225,-0.0022650338,
2.0425,-0.0002226448,
2.04275,-0.0007621289,
2.043,-0.0025135307,
2.04325,0.0017147316,
2.0435,-0.0076845842,
2.04375,0.0003208056,
2.044,0.0049737999,
2.04425,-0.0089344885,
2.0445,0.0005187149,
2.04475,0.0001376861,
2.045,-0.0071158940,
2.04525,-0.0028459886,
2.0455,-0.0036156611,
2.04575,-0.0014811201,
2.046,-0.0046203835,
2.04625,-0.0101118851,
2.0465,0.0027266748,
2.04675,0.0004258512,
2.047,-0.0067155557,
2.04725,0.0025172085,
2.0475,0.0018628280,
2.04775,0.0014880998,
2.048,-0.0045788353,
2.04825,-0.0001818008,
2.0485,0.0072332802,
2.04875,-0.0088742347,
2.049,-0.0033222430,
2.04925,0.0054814480,
2.0495,-0.0010851730,
2.04975,-0.0036645462,
2.05,-0.0013609463,
2.05025,0.0023496614,
2.0505,-0.0017310753,
2.05075,-0.0123337507,
2.051,0.0020937175,
2.05125,0.0024359240,
2.0515,-0.0101130269,
2.05175,-0.0007212288,
2.052,0.0065800296,
2.05225,0.0031996262,
2.0525,-0.0029035241,
2.05275,-0.0022117854,
2.053,0.0103448657,
2.05325,0.0001057650,
2.0535,-0.0049892534,
2.05375,0.0038497108,
2.054,0.0057529667,
2.05425,-0.0016415480,
2.0545,-0.0055004153,
2.05475,0.0077347527,
2.055,0.0066892654,
2.05525,-0.0040545566,
2.0555,-0.0023700641,
2.05575,0.0099425064,
2.056,0.0055064117,
2.05625,-0.0005013776,
2.0565,0.0000949136,
2.05675,0.0055764038,
2.057,0.0009146862,
2.05725,-0.0086236466,
2.0575,0.0027718893,
2.05775,0.0042241332,
2.058,-0.0037789766,
2.05825,-0.0022999411,
2.0585,0.0009310668,
2.05875,0.0042757057,
2.059,-0.0043336023,
2.05925,-0.0015429847,
2.0595,0.0037038829,
2.05975,-0.0049728593,
2.06,-0.0028909957,
2.06025,0.0007946053,
2.0605,-0.0031152517,
2.06075,0.0004767230,
2.061,-0.0019378839,
2.06125,0.0017001075,
2.0615,-0.0007516861,
2.06175,-0.0058602374,
2.062,0.0048922864,
2.06225,0.0030065512,
2.0625,-0.0082505858,
2.06275,0.0009125681,
2.063,-0.0022321190,
2.06325,-0.0033575916,
2.0635,-0.0043777814,
2.06375,0.0010547111,
2.064,0.0066838930,
2.06425,-0.0071204556,
2.0645,-0.0036103963,
2.06475,0.0061911019,
2.065,-0.0023772637,
2.06525,-0.0062699644,
2.0655,-0.0010527468,
2.06575,-0.0008462120,
2.066,0.0022407472,
2.06625,-0.0092081428,
2.0665,0.0047315476,
2.06675,0.0081931716,
2.067,-0.0075705256,
2.06725,-0.0023214677,
2.0675,0.0071185948,
2.06775,-0.0015294262,
2.068,-0.0006400064,
2.06825,-0.0052580754,
2.0685,0.0092765093,
2.06875,0.0042688642,
2.069,-0.0064084660,
2.06925,0.0100350054,
2.0695,0.0117565524,
2.06975,-0.0008341691,
2.07,0.0059117582,
2.07025,0.0075104237,
2.0705,0.0099903150,
2.07075,0.0015211918,
2.071,-0.0025315420,
2.07125,0.0171955358,
2.0715,0.0041804994,
2.07175,-0.0038958904,
2.072,0.0134930983,
2.07225,0.0077717165,
2.0725,0.0039006202,
2.07275,0.0052375342,
2.073,0.0101102041,
2.07325,0.0117055792,
2.0735,-0.0062591373,
2.07375,0.0019837646,
2.074,0.0097914934,
2.07425,-0.0038318988,
2.0745,-0.0010215362,
2.07475,0.0060591730,
2.075,0.0028249423,
2.07525,-0.0023326781,
2.0755,-0.0081534069,
2.07575,0.0052352999,
2.076,0.0001138941,
2.07625,-0.0123855211,
2.0765,-0.0029362782,
2.07675,0.0023236477,
2.077,-0.0069925832,
2.07725,-0.0086276634,
2.0775,-0.0047708554,
2.07775,0.0023842291,
2.078,-0.0094176233,
2.07825,-0.0107492823,
2.0785,0.0003848159,
2.07875,-0.0037670606,
2.079,-0.0111008864,
2.07925,-0.0072022798,
2.0795,-0.0034535292,
2.07975,-0.0086090956,
2.08,-0.0083076824,
2.08025,-0.0074162842,
2.0805,0.0012956159,
2.08075,-0.0050510624,
2.081,-0.0088683181,
2.08125,-0.0012892063,
2.0815,-0.0048915502,
2.08175,-0.0117351031,
2.082,-0.0063096965,
2.08225,-0.0017951536,
2.0825,-0.0124314297,
2.08275,-0.0117269643,
2.083,-0.0029174518,
2.08325,-0.0031295149,
2.0835,-0.0091523156,
2.08375,-0.0047870670,
2.084,0.0014657599,
2.08425,-0.0095367944,
2.0845,-0.0147190550,
2.08475,-0.0007030703,
2.085,-0.0027569288,
2.08525,-0.0096085444,
2.0855,-0.0065392074,
2.08575,0.0031578136,
2.086,0.0012381281,
2.08625,-0.0042210650,
2.0865,-0.0024717138,
2.08675,0.0109583531,
2.087,-0.0042974818,
2.08725,-0.0076069385,
2.0875,0.0043542027,
2.08775,-0.0011224530,
2.088,-0.0016023194,
2.08825,-0.0035734666,
2.0885,0.0040724534,
2.08875,0.0078181094,
2.089,-0.0049912585,
2.08925,0.0032844746,
2.0895,0.0121353567,
2.08975,-0.0032285983,
2.09,-0.0028966970,
2.09025,0.0024750317,
2.0905,-0.0000744065,
2.09075,0.0008911165,
2.091,-0.0039826608,
2.09125,0.0076779253,
2.0915,0.0079553099,
2.09175,-0.0067123836,
2.092,-0.0002673350,
2.09225,0.0059113395,
2.0925,-0.0011150194,
2.09275,-0.0064866561,
2.093,-0.0060209394,
2.09325,0.0002457978,
2.0935,-0.0065283533,
2.09375,-0.0105225146,
2.094,0.0028246064,
2.09425,-0.0016153819,
2.0945,-0.0091413483,
2.09475,-0.0058874134,
2.095,0.0000027110,
2.09525,-0.0039233086,
2.0955,-0.0062644668,
2.09575,-0.0069359173,
2.096,0.0038860939,
2.09625,-0.0039408458,
2.0965,-0.0031211562,
2.09675,0.0063634892,
2.097,0.0019079063,
2.09725,-0.0023689121,
2.0975,0.0034462535,
2.09775,0.0057197125,
2.098,-0.0011900978,
2.09825,0.0002704779,
2.0985,0.0050606201,
2.09875,0.0048022689,
2.099,0.0000494353,
2.09925,0.0035392956,
2.0995,0.0097571602,
2.09975,0.0031494917,
2.1,-0.0002135146,
2.10025,0.0083894450,
2.1005,0.0079400316,
2.10075,-0.0006951817,
2.101,-0.0004339401,
2.10125,0.0106811095,
2.1015,0.0059088804,
2.10175,-0.0006864843,
2.102,0.0024405655,
2.10225,0.0109917382,
2.1025,0.0025655630,
2.10275,-0.0012501481,
2.103,0.0113577861,
2.10325,0.0123580555,
2.1035,0.0025133598,
2.10375,-0.0000088843,
2.104,0.0136719104,
2.10425,0.0102624018,
2.1045,-0.0022697865,
2.10475,0.0051296316,
2.105,0.0160653964,
2.10525,0.0041308007,
2.1055,0.0003577938,
2.10575,0.0142883882,
2.106,0.0135009401,
2.10625,0.0036479996,
2.1065,-0.0014190516,
2.10675,0.0158627182,
2.107,0.0110296030,
2.10725,-0.0077909036,
2.1075,0.0049335626,
2.10775,0.0135226818,
2.108,0.0005741339,
2.10825,-0.0031791420,
2.1085,0.0024179786,
2.10875,0.0094297510,
2.109,-0.0053953771,
2.10925,-0.0088512050,
2.1095,0.0085144490,
2.10975,-0.0023962990,
2.11,-0.0098215546,
2.11025,-0.0038949060,
2.1105,-0.0000869891,
2.11075,-0.0021742585,
2.111,-0.0125995753,
2.11125,-0.0069596716,
2.1115,0.0032412349,
2.11175,-0.0100431070,
2.112,-0.0073807086,
2.11225,0.0004183690,
2.1125,-0.0092892703,
2.11275,-0.0057825735,
2.113,-0.0113832690,
2.11325,-0.0060616164,
2.1135,-0.0031920776,
2.11375,-0.0100478483,
2.114,-0.0071876040,
2.11425,-0.0001159109,
2.1145,-0.0044029942,
2.11475,-0.0021304870,
2.115,-0.0046925140,
2.11525,-0.0055003595,
2.1155,-0.0026147412,
2.11575,-0.0079406258,
2.116,0.0011103976,
2.11625,-0.0022870554,
2.1165,-0.0050764089,
2.11675,0.0036072452,
2.117,0.0016691518,
2.11725,-0.0027568135,
2.1175,0.0029366664,
2.11775,-0.0018868039,
2.118,-0.0016397748,
2.11825,-0.0061150864,
2.1185,-0.0004380248,
2.11875,0.0029905890,
2.119,-0.0084092701,
2.11925,-0.0065428675,
2.1195,0.0051507624,
2.11975,-0.0033787400,
2.12,-0.0035512748,
2.12025,-0.0019102695,
2.1205,0.0043105367,
2.12075,-0.0029295448,
2.121,-0.0098946216,
2.12125,0.0020637948,
2.1215,0.0058400938,
2.12175,-0.0054724002,
2.122,-0.0001526065,
2.12225,0.0106231086,
2.1225,0.0089578973,
2.12275,-0.0044373469,
2.123,0.0022667726,
2.12325,0.0095502893,
2.1235,-0.0021163633,
2.12375,-0.0057766838,
2.124,0.0000338468,
2.12425,0.0056372928,
2.1245,0.0002661336,
2.12475,-0.0038062853,
2.125,0.0085117891,
2.12525,0.0071118269,
2.1255,-0.0058830632,
2.12575,-0.0014085735,
2.126,0.0051213894,
2.12625,0.0059344657,
2.1265,-0.0042304662,
2.12675,-0.0028014723,
2.127,0.0107215550,
2.12725,-0.0000937049,
2.1275,-0.0046843383,
2.12775,0.0090090455,
2.128,0.0009546070,
2.12825,-0.0038208538,
2.1285,-0.0038198140,
2.12875,-0.0000566082,
2.129,0.0037718341,
2.12925,-0.0068734349,
2.1295,-0.0083140917,
2.12975,0.0061683846,
2.13,-0.0052631544,
2.13025,-0.0051924861,
2.1305,0.0039565396,
2.13075,0.0003509318,
2.131,-0.0004317430,
2.13125,-0.0054811775,
2.1315,0.0018601726,
2.13175,0.0003656235,
2.132,-0.0086811734,
2.13225,0.0048308410,
2.1325,0.0042663137,
2.13275,0.0021120966,
2.133,0.0059970557,
2.13325,0.0071628089,
2.1335,0.0032115607,
2.13375,0.0038250231,
2.134,-0.0001946392,
2.13425,0.0089293467,
2.1345,-0.0012767296,
2.13475,-0.0029653206,
2.135,0.0143523971,
2.13525,0.0045426758,
2.1355,0.0046472587,
2.13575,0.0083776498,
2.136,0.0061431238,
2.13625,0.0105383620,
2.1365,-0.0003913466,
2.13675,0.0103946049,
2.137,0.0167224798,
2.13725,-0.0022309758,
2.1375,0.0056416802,
2.13775,0.0134090409,
2.138,0.0079495637,
2.13825,0.0036540120,
2.1385,0.0041852761,
2.13875,0.0124936169,
2.139,0.0091448724,
2.13925,-0.0041183666,
2.1395,0.0094983410,
2.13975,0.0123664821,
2.14,-0.0052723559,
2.14025,-0.0019784938,
2.1405,0.0047785453,
2.14075,0.0049607647,
2.141,-0.0025478613,
2.14125,-0.0048286063,
2.1415,0.0113172876,
2.14175,0.0024250722,
2.142,-0.0110430699,
2.14225,0.0002971010,
2.1425,0.0049379277,
2.14275,-0.0052213576,
2.143,-0.0094440533,
2.14325,-0.0002521366,
2.1435,0.0044188341,
2.14375,-0.0099948049,
2.144,-0.0063590151,
2.14425,0.0032570339,
2.1445,-0.0004668388,
2.14475,-0.0105561614,
2.145,-0.0071216179,
2.14525,-0.0007923669,
2.1455,-0.0047723628,
2.14575,-0.0144457109,
2.146,-0.0058824336,
2.14625,-0.0062505803,
2.1465,-0.0120017957,
2.14675,-0.0117446072,
2.147,-0.0081570623,
2.14725,-0.0062343208,
2.1475,-0.0108947214,
2.14775,-0.0125131113,
2.148,-0.0135602700,
2.14825,-0.0091409907,
2.1485,-0.0157935508,
2.14875,-0.0145955794,
2.149,-0.0134164654,
2.14925,-0.0100619895,
2.1495,-0.0110341590,
2.14975,-0.0073099053,
2.15,-0.0090105664,
2.15025,-0.0053572287,
2.1505,-0.0071686511,
2.15075,-0.0083563495,
2.151,-0.0068998453,
2.15125,-0.0020056535,
2.1515,-0.0036129653,
2.15175,-0.0038463385,
2.152,-0.0051993271,
2.15225,0.0016749799,
2.1525,-0.0018609045,
2.15275,-0.0087133879,
2.153,-0.0039084288,
2.15325,-0.0002425950,
2.1535,-0.0057875994,
2.15375,-0.0088904537,
2.154,-0.0067592543,
2.15425,0.0010345627,
2.1545,-0.0098583056,
2.15475,-0.0152382609,
2.155,0.0037593723,
2.15525,-0.0015732717,
2.1555,-0.0102836508,
2.15575,-0.0024304527,
2.156,0.0028739669,
2.15625,0.0048493650,
2.1565,-0.0097394893,
2.15675,-0.0089467634,
2.157,0.0096708778,
2.15725,-0.0071073007,
2.1575,-0.0143426005,
2.15775,0.0031126176,
2.158,0.0017393160,
2.15825,-0.0045410092,
2.1585,-0.0078519173,
2.15875,-0.0020742142,
2.159,0.0108089801,
2.15925,-0.0116466377,
2.1595,-0.0115379598,
2.15975,0.0052078553,
2.16,0.0023714309,
2.16025,-0.0070013767,
2.1605,-0.0016532170,
2.16075,0.0101621719,
2.161,0.0085752532,
2.16125,-0.0082321381,
2.1615,0.0057563237,
2.16175,0.0127963480,
2.162,-0.0007012190,
2.16225,-0.0044025318,
2.1625,-0.0000064004,
2.16275,0.0038042646,
2.163,-0.0022759882,
2.16325,-0.0098504601,
2.1635,0.0008733877,
2.16375,0.0049370709,
2.164,-0.0086893411,
2.16425,0.0003573252,
2.1645,0.0039907293,
2.16475,0.0014773670,
2.165,-0.0009473556,
2.16525,-0.0015664742,
2.1655,0.0048056529,
2.16575,0.0042307856,
2.166,0.0018330069,
2.16625,0.0051758811,
2.1665,0.0076882862,
2.16675,0.0066108792,
2.167,0.0103188474,
2.16725,0.0050017638,
2.1675,0.0056075742,
2.16775,0.0064728018,
2.168,0.0067801755,
2.16825,0.0028632162,
2.1685,0.0055353967,
2.16875,0.0114603676,
2.169,0.0100288298,
2.16925,0.0056300680,
2.1695,0.0117536271,
2.16975,0.0173110291,
2.17,0.0106850080,
2.17025,0.0051272870,
2.1705,0.0153442565,
2.17075,0.0154742654,
2.171,0.0037716643,
2.17125,0.0049495865,
2.1715,0.0142688388,
2.17175,0.0126137314,
2.172,-0.0000192014,
2.17225,0.0036767113,
2.1725,0.0159628671,
2.17275,0.0046137096,
2.173,-0.0033537899,
2.17325,0.0063021211,
2.1735,0.0052292841,
2.17375,-0.0032622511,
2.174,-0.0084203724,
2.17425,0.0028535654,
2.1745,0.0100931162,
2.17475,-0.0032821207,
2.175,-0.0031650066,
2.17525,0.0115766898,
2.1755,0.0011825062,
2.17575,-0.0021757495,
2.176,0.0008928636,
2.17625,0.0047912472,
2.1765,0.0041817869,
2.17675,-0.0083597051,
2.177,0.0008870506,
2.17725,0.0068404288,
2.1775,-0.0064004241,
2.17775,-0.0053812293,
2.178,-0.0009363994,
2.17825,-0.0016862936,
2.1785,-0.0054351659,
2.17875,-0.0106093790,
2.179,0.0000665274,
2.17925,-0.0014438342,
2.1795,-0.0155423656,
2.17975,-0.0048235427,
2.18,-0.0031827295,
2.18025,-0.0099581657,
2.1805,-0.0088776909,
2.18075,-0.0093585383,
2.181,-0.0046993271,
2.18125,-0.0086155320,
2.1815,-0.0152959125,
2.18175,-0.0074711214,
2.182,-0.0112428442,
2.18225,-0.0114398953,
2.1825,-0.0119748265,
2.18275,-0.0136614135,
2.183,-0.0091041997,
2.18325,-0.0112828631,
2.1835,-0.0119945947,
2.18375,-0.0047762082,
2.184,-0.0083014350,
2.18425,-0.0042938311,
2.1845,-0.0051396270,
2.18475,-0.0085110813,
2.185,0.0011812242,
2.18525,-0.0030599502,
2.1855,-0.0111079402,
2.18575,-0.0046044602,
2.186,-0.0039491188,
2.18625,-0.0012212873,
2.1865,-0.0067602918,
2.18675,-0.0041303388,
2.187,0.0088153053,
2.18725,-0.0037004545,
2.1875,-0.0083234916,
2.18775,0.0007554620,
2.188,0.0015211258,
2.18825,-0.0079975286,
2.1885,-0.0082151992,
2.18875,0.0003964254,
2.189,0.0075282631,
2.18925,-0.0064348518,
2.1895,-0.0049148407,
2.18975,0.0087172799,
2.19,-0.0005053086,
2.19025,-0.0128103411,
2.1905,-0.0075177453,
2.19075,-0.0002088685,
2.191,-0.0058845435,
2.19125,-0.0161341373,
2.1915,-0.0021832888,
2.19175,0.0066578230,
2.192,-0.0085914964,
2.19225,-0.0108591672,
2.1925,0.0085775629,
2.19275,0.0020763346,
2.193,-0.0111182490,
2.19325,-0.0085151596,
2.1935,0.0051220749,
2.19375,0.0043509593,
2.194,-0.0096299173,
2.19425,-0.0001826089,
2.1945,0.0134912794,
2.19475,-0.0014515413,
2.195,-0.0063290270,
2.19525,0.0082420679,
2.1955,0.0074030552,
2.19575,-0.0026328221,
2.196,-0.0066612260,
2.19625,-0.0006941519,
2.1965,0.0081094345,
2.19675,-0.0059359539,
2.197,-0.0021149162,
2.19725,0.0076848455,
2.1975,0.0042949482,
2.19775,0.0018762834,
2.198,0.0000800012,
2.19825,0.0017838574,
2.1985,0.0020229330,
2.19875,-0.0058804005,
2.199,0.0019210605,
2.19925,0.0070752348,
2.1995,0.0010984628,
2.19975,0.0074898968,
2.2,0.0011771526,
2.20025,0.0031226187,
2.2005,0.0107939895,
2.20075,0.0005358101,
2.201,0.0021249193,
2.20125,0.0084102554,
2.2015,0.0034941877,
2.20175,0.0108324792,
2.202,0.0040045441,
2.20225,0.0092831515,
2.2025,0.0204278491,
2.20275,0.0058456040,
2.203,0.0096688122,
2.20325,0.0171832815,
2.2035,0.0105423611,
2.20375,0.0086243283,
2.204,0.0076497365,
2.20425,0.0139704021,
2.2045,0.0133747514,
2.20475,0.0019296764,
2.205,0.0104578724,
2.20525,0.0190498587,
2.2055,0.0066604135,
2.20575,0.0137415212,
2.206,0.0092580784,
2.20625,0.0151318684,
2.2065,0.0080064777,
2.20675,0.0002288660,
2.207,0.0141214868,
2.20725,0.0096033625,
2.2075,-0.0041943751,
2.20775,0.0078633353,
2.208,0.0074296659,
2.20825,0.0072230189,
2.2085,0.0027326450,
2.20875,-0.0052656583,
2.209,0.0111781443,
2.20925,0.0027503937,
2.2095,-0.0090362793,
2.20975,0.0048092473,
2.21,0.0042925295,
2.21025,-0.0054665403,
2.2105,-0.0017151701,
2.21075,-0.0004692650,
2.211,0.0065116612,
2.21125,-0.0046101869,
2.2115,-0.0079600858,
2.21175,0.0083753970,
2.212,0.0032212543,
2.21225,-0.0079863202,
2.2125,-0.0044311802,
2.21275,0.0008527212,
2.213,-0.0038354690,
2.21325,-0.0073145148,
2.2135,-0.0021921005,
2.21375,0.0025678091,
2.214,-0.0046269326,
2.21425,-0.0008110920,
2.2145,-0.0000927645,
2.21475,0.0002122905,
2.215,-0.0009058202,
2.21525,-0.0081347581,
2.2155,-0.0014810171,
2.21575,0.0037089181,
2.216,-0.0004252211,
2.21625,0.0019166031,
2.2165,0.0043362048,
2.21675,0.0027608394,
2.217,0.0028221973,
2.21725,-0.0018568875,
2.2175,-0.0017458270,
2.21775,0.0001816413,
2.218,-0.0061215684,
2.21825,-0.0042031668,
2.2185,0.0014128907,
2.21875,0.0003335314,
2.219,-0.0015616273,
2.21925,-0.0031846934,
2.2195,-0.0022219904,
2.21975,0.0012507389,
2.22,-0.0030488479,
2.22025,-0.0077412426,
2.2205,-0.0003875335,
2.22075,0.0005380907,
2.221,-0.0023375275,
2.22125,-0.0022703598,
2.2215,0.0044663753,
2.22175,0.0096925143,
2.222,-0.0030528558,
2.22225,-0.0023251292,
2.2225,0.0136280414,
2.22275,0.0046046455,
2.223,-0.0036502199,
2.22325,0.0011628304,
2.2235,0.0126084415,
2.22375,0.0065245363,
2.224,-0.0068842950,
2.22425,0.0061858362,
2.2245,0.0165197458,
2.22475,-0.0026821848,
2.225,-0.0051883226,
2.22525,0.0107218809,
2.2255,0.0082302848,
2.22575,-0.0054770671,
2.226,-0.0036900616,
2.22625,0.0070465817,
2.2265,0.0051440615,
2.22675,-0.0131060500,
2.227,-0.0070573799,
2.22725,0.0091948509,
2.2275,-0.0011749787,
2.22775,-0.0094827134,
2.228,-0.0034207387,
2.22825,0.0060777711,
2.2285,-0.0022380301,
2.22875,-0.0093779210,
2.229,0.0005929769,
2.22925,0.0007896411,
2.2295,-0.0065367902,
2.22975,-0.0030491492,
2.23,0.0014242564,
2.23025,0.0068266261,
2.2305,0.0014665085,
2.23075,-0.0050088102,
2.231,0.0079430714,
2.23125,0.0063173031,
2.2315,-0.0040766494,
2.23175,0.0036598623,
2.232,0.0045927898,
2.23225,0.0018110116,
2.2325,0.0020632709,
2.23275,0.0029898400,
2.233,0.0091388719,
2.23325,0.0072515626,
2.2335,0.0003270178,
2.23375,0.0085304845,
2.234,0.0088047283,
2.23425,0.0027299055,
2.2345,0.0021820674,
2.23475,0.0008947774,
2.235,0.0037989903,
2.23525,0.0046132589,
2.2355,0.0004043191,
2.23575,0.0032405313,
2.236,0.0066309674,
2.23625,0.0040981127,
2.2365,0.0024053182,
2.23675,0.0017031940,
2.237,0.0059035178,
2.23725,0.0038353552,
2.2375,-0.0056741331,
2.23775,0.0025090217,
2.238,0.0081816148,
2.23825,-0.0012367000,
2.2385,0.0007239812,
2.23875,0.0008867035,
2.239,0.0143248215,
2.23925,0.0053810743,
2.2395,-0.0065328996,
2.23975,0.0136108845,
2.24,0.0089421980,
2.24025,-0.0036336728,
2.2405,0.0046800319,
2.24075,0.0032614120,
2.241,0.0089662038,
2.24125,-0.0028205223,
2.2415,-0.0059703998,
2.24175,0.0104113007,
2.242,0.0023935293,
2.24225,-0.0141345244,
2.2425,-0.0020888897,
2.24275,-0.0029221256,
2.243,-0.0072551654,
2.24325,-0.0142022539,
2.2435,-0.0130699519,
2.24375,-0.0007605228,
2.244,-0.0132331476,
2.24425,-0.0146830557,
2.2445,0.0011495289,
2.24475,-0.0086049428,
2.245,-0.0117782615,
2.24525,-0.0106290337,
2.2455,-0.0075302571,
2.24575,-0.0057203425,
2.246,-0.0188832879,
2.24625,-0.0138076162,
2.2465,-0.0013054400,
2.24675,-0.0166714787,
2.247,-0.0130809648,
2.24725,-0.0052377246,
2.2475,-0.0105760768,
2.24775,-0.0063521676,
2.248,-0.0146557316,
2.24825,-0.0056784935,
2.2485,-0.0047284728,
2.24875,-0.0154921375,
2.249,-0.0064532463,
2.24925,-0.0010717837,
2.2495,-0.0038752723,
2.24975,0.0005749146,
2.25,-0.0065361243,
2.25025,0.0041673640,
2.2505,0.0029953509,
2.25075,-0.0053817816,
2.251,0.0026336408,
2.25125,-0.0017093054,
2.2515,-0.0017370263,
2.25175,-0.0023247795,
2.252,-0.0076508103,
2.25225,0.0011959723,
2.2525,-0.0028741672,
2.25275,-0.0088367537,
2.253,-0.0008964329,
2.25325,-0.0049991654,
2.2535,0.0021169197,
2.25375,-0.0050667529,
2.254,-0.0068753487,
2.25425,-0.0007043089,
2.2545,0.0016763556,
2.25475,-0.0018963356,
2.255,-0.0035656067,
2.25525,0.0043865452,
2.2555,0.0069269137,
2.25575,-0.0021287350,
2.256,-0.0039385618,
2.25625,0.0104417512,
2.2565,-0.0009514984,
2.25675,-0.0073143654,
2.257,-0.0004958331,
2.25725,0.0073579084,
2.2575,0.0011969135,
2.25775,-0.0084345490,
2.258,0.0055536414,
2.25825,0.0174223930,
2.2585,-0.0050632586,
2.25875,-0.0028839975,
2.259,0.0146399140,
2.25925,0.0050600003,
2.2595,-0.0072196494,
2.25975,-0.0028317447,
2.26,0.0129874628,
2.26025,0.0032836057,
2.2605,-0.0145465657,
2.26075,0.0003179932,
2.261,0.0121604856,
2.26125,-0.0056749750,
2.2615,-0.0117389755,
2.26175,0.0038210158,
2.262,0.0085929343,
2.26225,-0.0121968631,
2.2625,-0.0097344890,
2.26275,0.0034343267,
2.263,-0.0027593859,
2.26325,-0.0092952754,
2.2635,-0.0079886606,
2.26375,0.0060663410,
2.264,0.0075993799,
2.26425,-0.0069658947,
2.2645,-0.0010285514,
2.26475,0.0111140497,
2.265,0.0000712452,
2.26525,-0.0032471549,
2.2655,0.0031075941,
2.26575,0.0086996583,
2.266,0.0062581799,
2.26625,0.0011730895,
2.2665,0.0098024486,
2.26675,0.0131090004,
2.267,0.0068199337,
2.26725,0.0092827948,
2.2675,0.0041195499,
2.26775,0.0151326153,
2.268,0.0079344781,
2.26825,0.0037406706,
2.2685,0.0112852752,
2.26875,0.0103654442,
2.269,0.0120361000,
2.26925,0.0086348504,
2.2695,0.0038381736,
2.26975,0.0164481699,
2.27,0.0134721100,
2.27025,-0.0035673555,
2.2705,0.0069425125,
2.27075,0.0056374730,
2.271,0.0014240851,
2.27125,-0.0032402503,
2.2715,-0.0005552683,
2.27175,0.0133413114,
2.272,-0.0005489451,
2.27225,-0.0099766152,
2.2725,0.0135593973,
2.27275,0.0105165951,
2.273,-0.0036103025,
2.27325,-0.0000622111,
2.2735,0.0070870444,
2.27375,0.0086839925,
2.274,-0.0053754672,
2.27425,-0.0015580917,
2.2745,0.0183630344,
2.27475,-0.0001949868,
2.275,-0.0062139854,
2.27525,0.0030174383,
2.2755,0.0055548246,
2.27575,0.0042933933,
2.276,-0.0074005737,
2.27625,-0.0024808953,
2.2765,0.0135447830,
2.27675,-0.0081216851,
2.277,-0.0069109946,
2.27725,0.0082195187,
2.2775,0.0013195029,
2.27775,-0.0064674201,
2.278,-0.0064842245,
2.27825,-0.0014525454,
2.2785,0.0035227905,
2.27875,-0.0146494228,
2.279,-0.0105245747,
2.27925,0.0016391248,
2.2795,-0.0079991305,
2.27975,-0.0137980664,
2.28,-0.0084797274,
2.28025,-0.0015450543,
2.2805,-0.0059271855,
2.28075,-0.0143521260,
2.281,-0.0034489078,
2.28125,-0.0045543467,
2.2815,-0.0117986575,
2.28175,-0.0109320674,
2.282,-0.0083490703,
2.28225,-0.0055037257,
2.2825,-0.0083239898,
2.28275,-0.0075404071,
2.283,-0.0042724614,
2.28325,0.0004104441,
2.2835,-0.0060425377,
2.28375,-0.0033708776,
2.284,-0.0036734440,
2.28425,-0.0004243189,
2.2845,0.0000484893,
2.28475,-0.0048102532,
2.285,-0.0008502153,
2.28525,0.0050958171,
2.2855,-0.0030920024,
2.28575,-0.0025992200,
2.286,0.0049017426,
2.28625,0.0031022655,
2.2865,-0.0006225999,
2.28675,-0.0020812354,
2.287,-0.0020286064,
2.28725,0.0055800560,
2.2875,-0.0057919160,
2.28775,-0.0041568447,
2.288,0.0064235809,
2.28825,0.0006646357,
2.2885,-0.0051078736,
2.28875,-0.0023511595,
2.289,0.0016634808,
2.28925,0.0052948575,
2.2895,-0.0070551950,
2.28975,-0.0037921481,
2.29,0.0079678437,
2.29025,-0.0038227355,
2.2905,-0.0100685572,
2.29075,-0.0014153722,
2.291,0.0048378580,
2.29125,0.0013473441,
2.2915,-0.0097522857,
2.29175,0.0029182269,
2.292,0.0144097880,
2.29225,-0.0075844401,
2.2925,-0.0044940757,
2.29275,0.0082873218,
2.293,0.0023278624,
2.29325,-0.0044641532,
2.2935,-0.0073609399,
2.29375,0.0063728867,
2.294,0.0072982996,
2.29425,-0.0135847051,
2.2945,-0.0000880076,
2.29475,0.0125875501,
2.295,-0.0009970363,
2.29525,-0.0063507124,
2.2955,-0.0010884273,
2.29575,0.0061865291,
2.296,-0.0032341785,
2.29625,-0.0136442222,
2.2965,0.0053050178,
2.29675,0.0072858850,
2.297,-0.0047604116,
2.29725,-0.0017279666,
2.2975,0.0032512974,
2.29775,0.0102646481,
2.298,-0.0033611814,
2.29825,-0.0064682211,
2.2985,0.0088420333,
2.29875,0.0051933955,
2.299,-0.0047447579,
2.29925,0.0042512077,
2.2995,0.0053860871,
2.29975,0.0090028364,
2.3,0.0007863902,
2.30025,0.0025913341,
2.3005,0.0116836829,
2.30075,0.0039894879,
2.301,0.0000155015,
2.30125,0.0037319781,
2.3015,0.0090814587,
2.30175,0.0089339558,
2.302,0.0050250995,
2.30225,0.0078292778,
2.3025,0.0179989226,
2.30275,0.0089103123,
2.303,0.0068288241,
2.30325,0.0071784258,
2.3035,0.0140604014,
2.30375,0.0139985746,
2.304,0.0061303396,
2.30425,0.0086845271,
2.3045,0.0203218721,
2.30475,0.0077604228,
2.305,0.0045804288,
2.30525,0.0144108152,
2.3055,0.0174093228,
2.30575,0.0085497051,
2.306,0.0007387746,
2.30625,0.0115758497,
2.3065,0.0145504959,
2.30675,0.0021439972,
2.307,0.0007689400,
2.30725,0.0132921049,
2.3075,0.0075459899,
2.30775,-0.0016350161,
2.308,0.0050676060,
2.30825,0.0102866776,
2.3085,0.0026880961,
2.30875,-0.0055705141,
2.309,-0.0012642283,
2.30925,0.0095003899,
2.3095,-0.0022733340,
2.30975,-0.0097590508,
2.31,0.0004156763,
2.31025,0.0042896587,
2.3105,-0.0065409304,
2.31075,-0.0056389160,
2.311,0.0016011944,
2.31125,0.0016920445,
2.3115,-0.0078711528,
2.31175,-0.0071315719,
2.312,0.0047482038,
2.31225,0.0007280892,
2.3125,-0.0073968861,
2.31275,-0.0038420372,
2.313,0.0019657461,
2.31325,0.0042483001,
2.3135,-0.0080260094,
2.31375,-0.0041336119,
2.314,0.0096474849,
2.31425,-0.0036554257,
2.3145,-0.0064428472,
2.31475,0.0016397900,
2.315,-0.0000075115,
2.31525,-0.0020427196,
2.3155,-0.0070305504,
2.31575,-0.0040836185,
2.316,0.0063239788,
2.31625,-0.0064457413,
2.3165,-0.0070210733,
2.31675,0.0008285782,
2.317,-0.0004912136,
2.31725,-0.0032947334,
2.3175,-0.0087090312,
2.31775,-0.0066202995,
2.318,0.0014722643,
2.31825,-0.0105258832,
2.3185,-0.0084625576,
2.31875,0.0014698169,
2.319,-0.0033635488,
2.31925,-0.0067775142,
2.3195,-0.0062469626,
2.31975,0.0013021905,
2.32,0.0024909179,
2.32025,-0.0103640044,
2.3205,-0.0057082023,
2.32075,0.0018494860,
2.321,-0.0042594229,
2.32125,-0.0051202164,
2.3215,-0.0048560933,
2.32175,0.0023560971,
2.322,0.0004019224,
2.32225,-0.0024527123,
2.3225,0.0006486009,
2.32275,0.0062574763,
2.323,0.0018360791,
2.32325,-0.0049936464,
2.3235,-0.0010431239,
2.32375,0.0002746951,
2.324,-0.0016684545,
2.32425,-0.0078414548,
2.3245,-0.0035869668,
2.32475,0.0044354787,
2.325,-0.0007382475,
2.32525,-0.0125703784,
2.3255,-0.0008967495,
2.32575,0.0056463471,
2.326,-0.0098927375,
2.32625,-0.0137592275,
2.3265,-0.0022822611,
2.32675,-0.0000698179,
2.327,-0.0128312455,
2.32725,-0.0088180285,
2.3275,0.0011404676,
2.32775,0.0022982601,
2.328,-0.0103130918,
2.32825,-0.0093199024,
2.3285,0.0028187423,
2.32875,-0.0012423954,
2.329,-0.0186901018,
2.32925,-0.0087840725,
2.3295,0.0029091469,
2.32975,-0.0043521253,
2.33,-0.0115474518,
2.33025,0.0008512023,
2.3305,0.0025151102,
2.33075,-0.0009056294,
2.331,-0.0079704085,
2.33125,-0.0040876642,
2.3315,0.0081207082,
2.33175,-0.0080526518,
2.332,-0.0105914045,
2.33225,0.0029326614,
2.3325,0.0032322626,
2.33275,-0.0007715099,
2.333,-0.0027315833,
2.33325,0.0040600267,
2.3335,0.0088903047,
2.33375,-0.0015361561,
2.334,-0.0040011667,
2.33425,0.0038479585,
2.3345,0.0021379862,
2.33475,-0.0037932307,
2.335,-0.0023013363,
2.33525,0.0025567072,
2.3355,0.0093841637,
2.33575,-0.0045077526,
2.336,0.0018471046,
2.33625,0.0102279382,
2.3365,0.0055323476,
2.33675,0.0056371461,
2.337,-0.0019188910,
2.33725,0.0108817983,
2.3375,0.0109178154,
2.33775,-0.0036816397,
2.338,0.0086075664,
2.33825,0.0121377259,
2.3385,0.0051742331,
2.33875,0.0043446240,
2.339,0.0038486498,
2.33925,0.0106820278,
2.3395,0.0098334169,
2.33975,-0.0083545987,
2.34,0.0046845553,
2.34025,0.0115735903,
2.3405,-0.0017286122,
2.34075,-0.0010193039,
2.341,0.0046458938,
2.34125,0.0097091394,
2.3415,0.0030637169,
2.34175,-0.0074633495,
2.342,0.0095632821,
2.34225,0.0075878068,
2.3425,-0.0078891851,
2.34275,-0.0058666687,
2.343,0.0017981488,
2.34325,0.0033185463,
2.3435,-0.0088690473,
2.34375,-0.0094718346,
2.344,0.0080501018,
2.34425,0.0002221761,
2.3445,-0.0145139955,
2.34475,-0.0028354183,
2.345,-0.0013760576,
2.34525,-0.0048850966,
2.3455,-0.0122261941,
2.34575,-0.0095084170,
2.346,0.0019852314,
2.34625,-0.0094113983,
2.3465,-0.0137031078,
2.34675,-0.0045974310,
2.347,-0.0023914124,
2.34725,-0.0108300727,
2.3475,-0.0143738938,
2.34775,-0.0055272095,
2.348,-0.0010083044,
2.34825,-0.0098580783,
2.3485,-0.0130493473,
2.34875,-0.0025375974,
2.349,-0.0050580418,
2.34925,-0.0110688256,
2.3495,-0.0106399413,
2.34975,-0.0027772144,
2.35,-0.0040535424,
2.35025,-0.0107111167,
2.3505,-0.0068579484,
2.35075,0.0007952052,
2.351,-0.0011591766,
2.35125,-0.0090722339,
2.3515,-0.0023383398,
2.35175,0.0013704023,
2.352,-0.0018736672,
2.35225,-0.0078272615,
2.3525,-0.0037129009,
2.35275,0.0008150572,
2.353,-0.0018138177,
2.35325,-0.0106234057,
2.3535,0.0026647258,
2.35375,0.0025046116,
2.354,-0.0068758735,
2.35425,-0.0057024164,
2.3545,-0.0028985308,
2.35475,-0.0004888126,
2.355,-0.0079037268,
2.35525,-0.0084671574,
2.3555,0.0009296451,
2.35575,0.0027413904,
2.356,-0.0070695025,
2.35625,0.0013287461,
2.3565,-0.0000706018,
2.35675,0.0007439953,
2.357,-0.0069311513,
2.35725,-0.0072584446,
2.3575,-0.0005076510,
2.35775,0.0005732001,
2.358,-0.0084118536,
2.35825,-0.0015744627,
2.3585,-0.0011091633,
2.35875,0.0014861149,
2.359,-0.0068101492,
2.35925,-0.0087898355,
2.3595,0.0034612047,
2.35975,-0.0058002886,
2.36,-0.0150302052,
2.36025,-0.0027914511,
2.3605,-0.0037102271,
2.36075,-0.0063069575,
2.361,-0.0079761427,
2.36125,-0.0040727952,
2.3615,0.0040417872,
2.36175,-0.0060498854,
2.362,-0.0102526583,
2.36225,0.0030400404,
2.3625,-0.0018924713,
2.36275,-0.0107369646,
2.363,-0.0058148564,
2.36325,-0.0005958811,
2.3635,-0.0003858577,
2.36375,-0.0079839937,
2.364,-0.0016810716,
2.36425,0.0060196547,
2.3645,-0.0015209573,
2.36475,-0.0065844092,
2.365,0.0001703173,
2.36525,0.0010107243,
2.3655,0.0011257840,
2.36575,-0.0060736360,
2.366,0.0037805561,
2.36625,0.0060789571,
2.3665,0.0020419818,
2.36675,0.0002508113,
2.367,0.0074008564,
2.36725,0.0051729823,
2.3675,-0.0001305803,
2.36775,-0.0012642709,
2.368,0.0039398009,
2.36825,0.0045507969,
2.3685,0.0018461803,
2.36875,0.0025608905,
2.369,0.0087037813,
2.36925,0.0090382043,
2.3695,0.0056299632,
2.36975,0.0071406467,
2.37,0.0101346970,
2.37025,0.0113230934,
2.3705,0.0051505030,
2.37075,0.0050270986,
2.371,0.0088347988,
2.37125,0.0103118718,
2.3715,0.0062033604,
2.37175,0.0084458254,
2.372,0.0112901796,
2.37225,0.0124905519,
2.3725,0.0068988306,
2.37275,0.0065487009,
2.373,0.0137222540,
2.37325,0.0112236179,
2.3735,0.0011469190,
2.37375,0.0070174625,
2.374,0.0105114840,
2.37425,0.0071345833,
2.3745,0.0042227972,
2.37475,0.0036071949,
2.375,0.0117611960,
2.37525,-0.0004772413,
2.3755,-0.0031675878,
2.37575,0.0084451549,
2.376,0.0014488200,
2.37625,-0.0034376411,
2.3765,-0.0024904185,
2.37675,-0.0000086484,
2.377,0.0053398055,
2.37725,-0.0028932127,
2.3775,-0.0032611496,
2.37775,0.0052749282,
2.378,-0.0042602331,
2.37825,-0.0050082901,
2.3785,-0.0030279697,
2.37875,-0.0010662635,
2.379,-0.0012529055,
2.37925,-0.0068082949,
2.3795,-0.0016115453,
2.37975,0.0050999718,
2.38,-0.0038237991,
2.38025,-0.0010531635,
2.3805,0.0001408992,
2.38075,0.0028525642,
2.381,0.0038802414,
2.38125,-0.0115011185,
2.3815,0.0037944585,
2.38175,0.0025580209,
2.382,-0.0079173539,
2.38225,-0.0003890091,
2.3825,-0.0018362532,
2.38275,-0.0020157890,
2.383,-0.0061689215,
2.38325,-0.0105894320,
2.3835,0.0019689724,
2.38375,-0.0007336175,
2.384,-0.0109691648,
2.38425,-0.0010034321,
2.3845,0.0008380349,
2.38475,0.0003162959,
2.385,-0.0037782867,
2.38525,-0.0070238812,
2.3855,0.0041853101,
2.38575,0.0017204614,
2.386,-0.0039227856,
2.38625,0.0062467195,
2.3865,0.0049939509,
2.38675,0.0064016436,
2.387,-0.0016274484,
2.38725,0.0025141845,
2.3875,0.0118299369,
2.38775,0.0014878636,
2.388,-0.0004179773,
2.38825,0.0089001898,
2.3885,0.0052258926,
2.38875,0.0013412451,
2.389,0.0005559400,
2.38925,0.0026197741,
2.3895,0.0071328022,
2.38975,-0.0069232630,
2.39,-0.0009918392,
2.39025,0.0066398368,
2.3905,-0.0064683328,
2.39075,-0.0029841228,
2.391,0.0012891525,
2.39125,-0.0000316226,
2.3915,0.0006053867,
2.39175,-0.0036634700,
2.392,0.0019652860,
2.39225,0.0011518236,
2.3925,-0.0015696485,
2.39275,-0.0015445653,
2.393,-0.0062797228,
2.39325,-0.0016838943,
2.3935,-0.0053620250,
2.39375,-0.0076098018,
2.394,-0.0029092061,
2.39425,-0.0013511588,
2.3945,-0.0061333356,
2.39475,-0.0047276122,
2.395,-0.0024214180,
2.39525,0.0032003559,
2.3955,-0.0053127301,
2.39575,-0.0104001071,
2.396,-0.0002327074,
2.39625,-0.0006169692,
2.3965,-0.0041310871,
2.39675,-0.0046027927,
2.397,0.0047920966,
2.39725,0.0043106494,
2.3975,-0.0017157272,
2.39775,0.0069689387,
2.398,0.0074039265,
2.39825,0.0012630021,
2.3985,-0.0031551952,
2.39875,-0.0015277481,
2.399,0.0079580694,
2.39925,0.0033792178,
2.3995,-0.0003353588,
2.39975,0.0105514210,
2.4,0.0062183272,
2.40025,0.0019343402,
2.4005,0.0035168740,
2.40075,0.0000031182,
2.401,-0.0017843711,
2.40125,-0.0016969269,
2.4015,-0.0033965087,
2.40175,0.0082064830,
2.402,0.0038104244,
2.40225,0.0026507757,
2.4025,0.0101009589,
2.40275,0.0079789581,
2.403,0.0096716592,
2.40325,0.0041422937,
2.4035,0.0044998392,
2.40375,0.0102152247,
2.404,0.0041017164,
2.40425,0.0052024769,
2.4045,0.0122575071,
2.40475,0.0057270261,
2.405,0.0108597046,
2.40525,0.0080229975,
2.4055,0.0107369814,
2.40575,0.0149690630,
2.406,-0.0006998500,
2.40625,0.0068177446,
2.4065,0.0076264814,
2.40675,0.0037418669,
2.407,0.0107578412,
2.40725,0.0001799517,
2.4075,0.0051109167,
2.40775,0.0090939030,
2.408,0.0005233002,
2.40825,0.0074812248,
2.4085,0.0044022929,
2.40875,-0.0014371225,
2.409,0.0045663216,
2.40925,-0.0039655883,
2.4095,0.0031270066,
2.40975,0.0063398629,
2.41,-0.0070294496,
2.41025,-0.0005224508,
2.4105,-0.0003020437,
2.41075,-0.0040747570,
2.411,-0.0058375858,
2.41125,-0.0119180121,
2.4115,-0.0027177194,
2.41175,-0.0031453508,
2.412,-0.0098121520,
2.41225,0.0006822205,
2.4125,-0.0030021381,
2.41275,-0.0076707085,
2.413,-0.0079840170,
2.41325,-0.0112353675,
2.4135,-0.0042804317,
2.41375,-0.0076772785,
2.414,-0.0122337844,
2.41425,0.0000472145,
2.4145,-0.0025444569,
2.41475,-0.0077496306,
2.415,-0.0077986782,
2.41525,-0.0093883919,
2.4155,-0.0032217014,
2.41575,-0.0099913981,
2.416,-0.0079165082,
2.41625,0.0023311786,
2.4165,-0.0059069507,
2.41675,-0.0082336804,
2.417,0.0024974530,
2.41725,-0.0012342025,
2.4175,0.0002376941,
2.41775,-0.0084851086,
2.418,-0.0048583187,
2.41825,0.0034156700,
2.4185,-0.0071324692,
2.41875,-0.0059861206,
2.419,0.0006472988,
2.41925,-0.0037634252,
2.4195,-0.0034526447,
2.41975,-0.0042708791,
2.42,0.0034263402,
2.42025,-0.0018645743,
2.4205,-0.0104903234,
2.42075,-0.0082467338,
2.421,-0.0041478211,
2.42125,-0.0086387573,
2.4215,-0.0110100582,
2.42175,-0.0030641807,
2.422,-0.0016548490,
2.42225,0.0006298749,
2.4225,-0.0030024881,
2.42275,0.0020035293,
2.423,0.0036852576,
2.42325,-0.0057953587,
2.4235,-0.0030439391,
2.42375,-0.0003616180,
2.424,-0.0026361863,
2.42425,-0.0039740982,
2.4245,-0.0034568107,
2.42475,0.0028632632,
2.425,0.0020602518,
2.42525,-0.0063682441,
2.4255,-0.0000501835,
2.42575,-0.0013778179,
2.426,-0.0083406046,
2.42625,-0.0022003977,
2.4265,-0.0069158380,
2.42675,-0.0045340350,
2.427,0.0011191287,
2.42725,-0.0070441663,
2.4275,0.0000045366,
2.42775,0.0025627189,
2.428,-0.0053164000,
2.42825,-0.0018927309,
2.4285,-0.0040639257,
2.42875,-0.0019589774,
2.429,0.0022759100,
2.42925,-0.0063080383,
2.4295,-0.0054828385,
2.42975,0.0058092405,
2.43,-0.0041374341,
2.43025,-0.0038371712,
2.4305,-0.0016394481,
2.43075,0.0032091145,
2.431,0.0024904471,
2.43125,-0.0077765845,
2.4315,0.0063594752,
2.43175,0.0066089765,
2.432,-0.0042529353,
2.43225,-0.0012385317,
2.4325,0.0081458362,
2.43275,0.0081545450,
2.433,0.0019987603,
2.43325,0.0020189523,
2.4335,0.0142061319,
2.43375,0.0059187999,
2.434,-0.0027505001,
2.43425,0.0083310353,
2.4345,0.0075307186,
2.43475,-0.0028422880,
2.435,0.0027581980,
2.43525,0.0024674255,
2.4355,0.0100076282,
2.43575,0.0016951109,
2.436,0.0016786611,
2.43625,0.0164587684,
2.4365,0.0097234305,
2.43675,0.0087645454,
2.437,0.0124235731,
2.43725,0.0109303109,
2.4375,0.0095323902,
2.43775,0.0108132968,
2.438,0.0089326557,
2.43825,0.0139929671,
2.4385,0.0094091184,
2.43875,0.0082033696,
2.439,0.0147978598,
2.43925,0.0099461023,
2.4395,0.0062276693,
2.43975,0.0084420452,
2.44,0.0011640053,
2.44025,0.0051460979,
2.4405,0.0024528280,
2.44075,0.0046660649,
2.441,0.0075709629,
2.44125,0.0044081020,
2.4415,0.0063227825,
2.44175,0.0079887202,
2.442,0.0028829162,
2.44225,0.0027923987,
2.4425,0.0045760716,
2.44275,-0.0023663347,
2.443,0.0011809779,
2.44325,0.0052726800,
2.4435,0.0001624794,
2.44375,0.0009790459,
2.444,0.0008686134,
2.44425,0.0021407621,
2.4445,-0.0016408982,
2.44475,-0.0049806200,
2.445,0.0025015639,
2.44525,-0.0005314857,
2.4455,-0.0053952970,
2.44575,-0.0038532158,
2.446,-0.0009009546,
2.44625,-0.0047699041,
2.4465,-0.0061434642,
2.44675,-0.0048598964,
2.447,0.0021209526,
2.44725,-0.0047792168,
2.4475,-0.0050592022,
2.44775,-0.0003096494,
2.448,-0.0046147006,
2.44825,-0.0033464634,
2.4485,-0.0064782104,
2.44875,-0.0090459874,
2.449,0.0008613642,
2.44925,-0.0078953896,
2.4495,-0.0076951091,
2.44975,-0.0028398396,
2.45,-0.0077339504,
2.45025,-0.0063687367,
2.4505,-0.0064441976,
2.45075,-0.0071765389,
2.451,-0.0011125867,
2.45125,-0.0052875197,
2.4515,-0.0131868087,
2.45175,-0.0027610967,
2.452,-0.0054514175,
2.45225,-0.0052052569,
2.4525,-0.0091940248,
2.45275,-0.0067617814,
2.453,-0.0036046116,
2.45325,-0.0094901975,
2.4535,-0.0061049713,
2.45375,-0.0026396564,
2.454,-0.0055368971,
2.45425,-0.0091474988,
2.4545,-0.0073815747,
2.45475,-0.0008392293,
2.455,-0.0013160463,
2.45525,-0.0089546600,
2.4555,0.0003216760,
2.45575,0.0029328573,
2.456,-0.0075271698,
2.45625,-0.0021074996,
2.4565,-0.0046995599,
2.45675,-0.0028169912,
2.457,-0.0063116765,
2.45725,-0.0118078897,
2.4575,0.0035631619,
2.45775,-0.0000528639,
2.458,-0.0122687630,
2.45825,0.0011190216,
2.4585,-0.0003728094,
2.45875,-0.0069265543,
2.459,-0.0042434302,
2.45925,-0.0062662479,
2.4595,-0.0011929848,
2.45975,-0.0065022432,
2.46,-0.0106346337,
2.46025,-0.0066225752,
2.4605,-0.0072099990,
2.46075,-0.0104770577,
2.461,-0.0080509214,
2.46125,-0.0074938871,
2.4615,-0.0027821679,
2.46175,-0.0050699608,
2.462,-0.0074077593,
2.46225,-0.0045301165,
2.4625,-0.0058758156,
2.46275,-0.0069199931,
2.463,-0.0098759364,
2.46325,-0.0076963073,
2.4635,0.0002703451,
2.46375,-0.0013717918,
2.464,-0.0054820282,
2.46425,0.0052795978,
2.4645,0.0047535906,
2.46475,0.0003700676,
2.465,0.0012048790,
2.46525,0.0046979943,
2.4655,0.0076387534,
2.46575,0.0022504008,
2.466,0.0035612732,
2.46625,0.0138117764,
2.4665,0.0106914295,
2.46675,0.0022646612,
2.467,0.0118104257,
2.46725,0.0072847856,
2.4675,0.0037175096,
2.46775,0.0040238691,
2.468,0.0053235232,
2.46825,0.0094816275,
2.4685,0.0023014750,
2.46875,0.0039793113,
2.469,0.0124581791,
2.46925,0.0074658301,
2.4695,0.0040193247,
2.46975,0.0096867876,
2.47,0.0115227932,
2.47025,0.0107314913,
2.4705,0.0091041569,
2.47075,0.0081878826,
2.471,0.0125935823,
2.47125,0.0093240673,
2.4715,0.0066850549,
2.47175,0.0166504085,
2.472,0.0147158708,
2.47225,0.0144731114,
2.4725,0.0122085195,
2.47275,0.0162558872,
2.473,0.0191975404,
2.47325,0.0115528218,
2.4735,0.0115165440,
2.47375,0.0176976062,
2.474,0.0087387757,
2.47425,0.0144322421,
2.4745,0.0139271272,
2.47475,0.0118903201,
2.475,0.0155932540,
2.47525,0.0083124368,
2.4755,0.0106025003,
2.47575,0.0116180293,
2.476,0.0050458866,
2.47625,0.0082958667,
2.4765,0.0068476433,
2.47675,0.0039809626,
2.477,0.0110135470,
2.47725,0.0003360340,
2.4775,0.0040481091,
2.47775,0.0052484907,
2.478,-0.0043118712,
2.47825,0.0021855028,
2.4785,0.0011403108,
2.47875,0.0002496386,
2.479,0.0005520649,
2.47925,-0.0039697536,
2.4795,-0.0009659742,
2.47975,0.0033253385,
2.48,-0.0062873540,
2.48025,0.0024008306,
2.4805,0.0043015671,
2.48075,0.0007542063,
2.481,0.0032814345,
2.48125,0.0032535251,
2.4815,0.0065824953,
2.48175,0.0012409011,
2.482,0.0009913146,
2.48225,0.0053535597,
2.4825,0.0041599753,
2.48275,0.0043054898,
2.483,0.0072972178,
2.48325,0.0058753332,
2.4835,0.0065326449,
2.48375,0.0053180913,
2.484,0.0014627129,
2.48425,0.0003903475,
2.4845,0.0032174587,
2.48475,0.0020110332,
2.485,-0.0004707012,
2.48525,-0.0021503645,
2.4855,0.0021479914,
2.48575,0.0034917716,
2.486,-0.0023212067,
2.48625,0.0004347586,
2.4865,0.0040199254,
2.48675,0.0031587970,
2.487,-0.0026322212,
2.48725,0.0014288030,
2.4875,0.0023945495,
2.48775,0.0004418726,
2.488,-0.0024847751,
2.48825,-0.0002304058,
2.4885,0.0097571956,
2.48875,0.0009501830,
2.489,0.0009422269,
2.48925,0.0047932249,
2.4895,0.0039152401,
2.48975,-0.0021241757,
2.49,-0.0027980679,
2.49025,0.0001052378,
2.4905,0.0021035722,
2.49075,-0.0062731039,
2.491,0.0008948482,
2.49125,0.0040348941,
2.4915,-0.0005704800,
2.49175,-0.0027954855,
2.492,-0.0005096176,
2.49225,0.0004076344,
2.4925,-0.0023768484,
2.49275,-0.0098218638,
2.493,0.0023031489,
2.49325,-0.0028893140,
2.4935,-0.0084845638,
2.49375,0.0035784817,
2.494,-0.0034867991,
2.49425,0.0001312650,
2.4945,0.0000023925,
2.49475,-0.0039416314,
2.495,0.0054105530,
2.49525,-0.0040433300,
2.4955,-0.0087248869,
2.49575,0.0023529802,
2.496,-0.0060305912,
2.49625,-0.0031655084,
2.4965,0.0030514114,
2.49675,-0.0073361634,
2.497,0.0025890353,
2.49725,-0.0011936541,
2.4975,-0.0002600012,
2.49775,0.0019797692,
2.498,-0.0053456472,
2.49825,0.0012074286,
2.4985,-0.0046379115,
2.49875,-0.0072738393,
2.499,0.0060116351,
2.49925,0.0013716170,
2.4995,-0.0014517155,
2.49975,0.0001072582,
2.5,0.0004551382,
2.50025,0.0065660859,
2.5005,-0.0033872323,
2.50075,-0.0069482652,
2.501,0.0108020026,
2.50125,-0.0002754445,
2.5015,-0.0025464087,
2.50175,0.0092545236,
2.502,0.0047037541,
2.50225,0.0078023975,
2.5025,-0.0006405238,
2.50275,0.0029568952,
2.503,0.0132016614,
2.50325,-0.0003813971,
2.5035,-0.0003951249,
2.50375,0.0103880838,
2.504,0.0026969472,
2.50425,0.0050357352,
2.5045,0.0035672910,
2.50475,0.0066978433,
2.505,0.0115722176,
2.50525,-0.0004905621,
2.5055,0.0048751766,
2.50575,0.0120408013,
2.506,-0.0019681533,
2.50625,-0.0002396542,
2.5065,0.0020805788,
2.50675,0.0043272120,
2.507,-0.0017200842,
2.50725,-0.0033188877,
2.5075,0.0079449760,
2.50775,0.0059669553,
2.508,-0.0006594626,
2.50825,0.0084455041,
2.5085,0.0083441436,
2.50875,0.0007598128,
2.509,-0.0006555174,
2.50925,0.0032242190,
2.5095,0.0031058732,
2.50975,-0.0036984277,
2.51,-0.0058178673,
2.51025,-0.0016279116,
2.5105,-0.0028537149,
2.51075,-0.0072530732,
2.511,-0.0082082320,
2.51125,-0.0053038802,
2.5115,-0.0066352617,
2.51175,-0.0092661548,
2.512,-0.0051784720,
2.51225,-0.0082010254,
2.5125,-0.0059296521,
2.51275,-0.0059278114,
2.513,-0.0114386994,
2.51325,-0.0058924495,
2.5135,-0.0072705350,
2.51375,-0.0083346358,
2.514,-0.0089121116,
2.51425,-0.0089496737,
2.5145,-0.0061722770,
2.51475,-0.0125782089,
2.515,-0.0179401357,
2.51525,-0.0102730291,
2.5155,-0.0119920708,
2.51575,-0.0115545597,
2.516,-0.0076956586,
2.51625,-0.0117182545,
2.5165,-0.0022643800,
2.51675,-0.0043173945,
2.517,-0.0075411401,
2.51725,0.0009286065,
2.5175,-0.0044125672,
2.51775,-0.0037749475,
2.518,-0.0003557777,
2.51825,-0.0057214582,
2.5185,0.0043856609,
2.51875,-0.0013154576,
2.519,-0.0037893432,
2.51925,0.0054125348,
2.5195,0.0004896154,
2.51975,0.0012556175,
2.52,0.0027054027,
2.52025,-0.0045380271,
2.5205,0.0019866326,
2.52075,-0.0088171856,
2.521,-0.0079166070,
2.52125,0.0004817607,
2.5215,-0.0100361146,
2.52175,-0.0021808988,
2.522,0.0001264099,
2.52225,-0.0002347069,
2.5225,0.0034120958,
2.52275,-0.0015372897,
2.523,0.0021567554,
2.52325,0.0027093412,
2.5235,-0.0077225138,
2.52375,-0.0034231159,
2.524,-0.0029025075,
2.52425,-0.0056283111,
2.5245,-0.0041450080,
2.52475,-0.0091041224,
2.525,-0.0000617092,
2.52525,-0.0037780500,
2.5255,-0.0152917970,
2.52575,-0.0037714562,
2.526,-0.0022215841,
2.52625,-0.0119092837,
2.5265,-0.0103808846,
2.52675,-0.0081609422,
2.527,-0.0027874643,
2.52725,-0.0086284541,
2.5275,-0.0065952232,
2.52775,0.0018142634,
2.528,-0.0013779644,
2.52825,-0.0062494818,
2.5285,0.0021845892,
2.52875,0.0006689914,
2.529,-0.0041234163,
2.52925,-0.0066746888,
2.5295,-0.0041426285,
2.52975,0.0020928124,
2.53,-0.0049919849,
2.53025,0.0022346103,
2.5305,0.0027955880,
2.53075,-0.0042536752,
2.531,-0.0007730484,
2.53125,0.0006124388,
2.5315,-0.0023335612,
2.53175,-0.0085196998,
2.532,-0.0040259738,
2.53225,0.0014358293,
2.5325,-0.0030791964,
2.53275,-0.0011938617,
2.533,0.0069397194,
2.53325,0.0035715394,
2.5335,-0.0007861214,
2.53375,0.0038520060,
2.534,0.0053215455,
2.53425,0.0039130501,
2.5345,-0.0022519182,
2.53475,0.0085100941,
2.535,0.0101655833,
2.53525,0.0031444759,
2.5355,0.0089024659,
2.53575,0.0141758956,
2.536,0.0110926088,
2.53625,0.0065783979,
2.5365,0.0108755212,
2.53675,0.0171117000,
2.537,0.0060844850,
2.53725,0.0064276648,
2.5375,0.0120952269,
2.53775,0.0135094877,
2.538,0.0079775797,
2.53825,0.0015732354,
2.5385,0.0139729120,
2.53875,0.0118297804,
2.539,-0.0022743628,
2.53925,0.0015506726,
2.5395,0.0096390331,
2.53975,0.0005258208,
2.54,-0.0059642214,
2.54025,-0.0000465957,
2.5405,0.0100567387,
2.54075,0.0029513973,
2.541,-0.0063511813,
2.54125,0.0113009717,
2.5415,0.0104214549,
2.54175,-0.0065854443,
2.542,0.0000533683,
2.54225,0.0025026249,
2.5425,0.0017601090,
2.54275,-0.0055605038,
2.543,-0.0064854277,
2.54325,0.0062200706,
2.5435,-0.0025585212,
2.54375,-0.0045273281,
2.544,0.0039532743,
2.54425,0.0002680073,
2.5445,-0.0005693838,
2.54475,-0.0000013378,
2.545,-0.0030928233,
2.54525,0.0070444983,
2.5455,-0.0042871572,
2.54575,-0.0018790421,
2.546,0.0048102881,
2.54625,-0.0060252063,
2.5465,0.0000091467,
2.54675,-0.0032172753,
2.547,-0.0090815099,
2.54725,-0.0005873420,
2.5475,-0.0090114288,
2.54775,-0.0083914660,
2.548,-0.0005490049,
2.54825,-0.0112957917,
2.5485,-0.0067441673,
2.54875,-0.0073552872,
2.549,-0.0126854563,
2.54925,-0.0050872108,
2.5495,-0.0120490286,
2.54975,-0.0094312476,
2.55,-0.0097323712,
2.55025,-0.0117573338,
2.5505,-0.0041922270,
2.55075,-0.0113301296,
2.551,-0.0072950581,
2.55125,-0.0000825515,
2.5515,-0.0095327869,
2.55175,-0.0048227538,
2.552,-0.0032673564,
2.55225,-0.0001080489,
2.5525,-0.0010531298,
2.55275,-0.0074814130,
2.553,0.0041929786,
2.55325,0.0063010142,
2.5535,-0.0052812970,
2.55375,-0.0005030984,
2.554,0.0028039087,
2.55425,-0.0018324470,
2.5545,-0.0023996346,
2.55475,-0.0065471949,
2.555,0.0058467458,
2.55525,-0.0017904798,
2.5555,-0.0068276138,
2.55575,0.0016619221,
2.556,0.0035955580,
2.55625,-0.0039484971,
2.5565,-0.0079990244,
2.55675,-0.0064766896,
2.557,-0.0016889127,
2.55725,-0.0128797954,
2.5575,-0.0160543062,
2.55775,-0.0034750816,
2.558,-0.0077760150,
2.55825,-0.0111886673,
2.5585,-0.0116372751,
2.55875,-0.0016258606,
2.559,-0.0009114264,
2.55925,-0.0168587044,
2.5595,-0.0067170239,
2.55975,0.0021295457,
2.56,-0.0106883906,
2.56025,-0.0132765695,
2.5605,-0.0012832780,
2.56075,0.0017971416,
2.561,-0.0079034921,
2.56125,-0.0083371494,
2.5615,0.0067595188,
2.56175,0.0023003633,
2.562,-0.0105346553,
2.56225,-0.0027081973,
2.5625,0.0012113390,
2.56275,-0.0028599971,
2.563,-0.0077130878,
2.56325,-0.0031596222,
2.5635,0.0088681793,
2.56375,-0.0051348126,
2.564,-0.0042626071,
2.56425,0.0058428841,
2.5645,-0.0050731245,
2.56475,-0.0043466231,
2.565,-0.0041609355,
2.56525,-0.0026213878,
2.5655,-0.0019701514,
2.56575,-0.0055269422,
2.566,0.0058702216,
2.56625,0.0033052217,
2.5665,-0.0025436101,
2.56675,0.0112455264,
2.567,0.0039709941,
2.56725,-0.0039258176,
2.5675,-0.0008797569,
2.56775,0.0050743148,
2.568,0.0057759909,
2.56825,-0.0050282641,
2.5685,0.0013196678,
2.56875,0.0201983638,
2.569,0.0023454945,
2.56925,0.0026850856,
2.5695,0.0174291115,
2.56975,0.0163741708,
2.57,0.0077396054,
2.57025,0.0027805469,
2.5705,0.0166041460,
2.57075,0.0189079139,
2.571,-0.0023442574,
2.57125,0.0112089152,
2.5715,0.0255568102,
2.57175,0.0080682160,
2.572,0.0088399975,
2.57225,0.0155566726,
2.5725,0.0187069587,
2.57275,0.0124428971,
2.573,-0.0006778074,
2.57325,0.0183553975,
2.5735,0.0167767853,
2.57375,-0.0018654678,
2.574,0.0130734919,
2.57425,0.0198545121,
2.5745,0.0079291668,
2.57475,0.0061285403,
2.575,0.0090983976,
2.57525,0.0120705031,
2.5755,0.0009924333,
2.57575,-0.0060619004,
2.576,0.0117838588,
2.57625,0.0020116083,
2.5765,-0.0074250344,
2.57675,0.0062375935,
2.577,0.0065607578,
2.57725,0.0042032227,
2.5775,0.0000749270,
2.57775,0.0004401941,
2.578,0.0114689562,
2.57825,-0.0016457970,
2.5785,-0.0020602713,
2.57875,0.0086127752,
2.579,-0.0008545281,
2.57925,0.0000577275,
2.5795,0.0019657470,
2.57975,0.0036453281,
2.58,0.0048395204,
2.58025,0.0015014847,
2.5805,0.0014281448,
2.58075,0.0054411544,
2.581,-0.0019536510,
2.58125,0.0037388569,
2.5815,0.0017834791,
2.58175,-0.0063392492,
2.582,0.0021198513,
2.58225,-0.0008578850,
2.5825,-0.0054099672,
2.58275,-0.0026730672,
2.583,-0.0039929496,
2.58325,-0.0010193160,
2.5835,-0.0031247933,
2.58375,-0.0078517850,
2.584,0.0025055569,
2.58425,-0.0017757362,
2.5845,-0.0055353269,
2.58475,-0.0025403954,
2.585,0.0001337293,
2.58525,-0.0017592516,
2.5855,-0.0062797898,
2.58575,-0.0063943206,
2.586,0.0066936351,
2.58625,-0.0059799338,
2.5865,-0.0083552524,
2.58675,0.0028542734,
2.587,-0.0012633699,
2.58725,-0.0032632258,
2.5875,-0.0039373273,
2.58775,0.0003926045,
2.588,0.0070265816,
2.58825,-0.0073575219,
2.5885,-0.0011733236,
2.58875,0.0123123433,
2.589,0.0014921372,
2.58925,-0.0067634783,
2.5895,0.0024514361,
2.58975,0.0018964609,
2.59,-0.0011571929,
2.59025,-0.0127842743,
2.5905,-0.0003415604,
2.59075,0.0053505022,
2.591,-0.0112698330,
2.59125,-0.0088196127,
2.5915,0.0046706256,
2.59175,-0.0032300395,
2.592,-0.0127827041,
2.59225,-0.0077352365,
2.5925,-0.0003367388,
2.59275,-0.0098632965,
2.593,-0.0238749124,
2.59325,-0.0110844672,
2.5935,-0.0052005546,
2.59375,-0.0150365187,
2.594,-0.0193230063,
2.59425,-0.0068269414,
2.5945,-0.0062997127,
2.59475,-0.0147601943,
2.595,-0.0143717751,
2.59525,-0.0046732971,
2.5955,-0.0104128104,
2.59575,-0.0163563248,
2.596,-0.0114229731,
2.59625,-0.0039727236,
2.5965,-0.0063789776,
2.59675,-0.0158664417,
2.597,-0.0041282047,
2.59725,0.0009679527,
2.5975,-0.0038241714,
2.59775,0.0007859580,
2.598,0.0014054906,
2.59825,0.0015410989,
2.5985,-0.0032611715,
2.59875,0.0006837636,
2.599,0.0078209201,
2.59925,0.0030119922,
2.5995,0.0024061184,
2.59975,0.0072884182,
2.6,0.0017041520,
2.60025,0.0024838513,
2.6005,0.0056607202,
2.60075,0.0022055737,
2.601,-0.0001256860,
2.60125,-0.0026585420,
2.6015,0.0067107184,
2.60175,0.0069399355,
2.602,-0.0025360980,
2.60225,0.0072176624,
2.6025,0.0125071853,
2.60275,0.0032671425,
2.603,0.0048530977,
2.60325,0.0089694895,
2.6035,0.0119161755,
2.60375,-0.0007152656,
2.604,-0.0068342611,
2.60425,0.0140194390,
2.6045,0.0036865664,
2.60475,-0.0093348240,
2.605,0.0066282996,
2.60525,0.0093187056,
2.6055,0.0064217011,
2.60575,-0.0000311741,
2.606,0.0072909840,
2.60625,0.0179322567,
2.6065,0.0000636234,
2.60675,0.0014577645,
2.607,0.0189322736,
2.60725,0.0097620264,
2.6075,0.0061188480,
2.60775,0.0139966272,
2.608,0.0189070590,
2.60825,0.0180745535,
2.6085,0.0005475227,
2.60875,0.0146865472,
2.609,0.0161828548,
2.60925,0.0007589629,
2.6095,0.0059262174,
2.60975,0.0078129433,
2.61,0.0041066585,
2.61025,0.0001220048,
2.6105,-0.0027473201,
2.61075,0.0075718677,
2.611,-0.0039131423,
2.61125,-0.0131850131,
2.6115,0.0034626336,
2.61175,-0.0008214172,
2.612,-0.0066425577,
2.61225,-0.0009753073,
2.6125,-0.0011915830,
2.61275,0.0060978308,
2.613,-0.0027697170,
2.61325,-0.0039945757,
2.6135,0.0091717662,
2.61375,-0.0067832191,
2.614,-0.0062545692,
2.61425,0.0036743172,
2.6145,-0.0049847569,
2.61475,0.0016879742,
2.615,-0.0017275283,
2.61525,-0.0045884112,
2.6155,0.0042129825,
2.61575,-0.0054175868,
2.616,-0.0018699933,
2.61625,0.0010920137,
2.6165,-0.0057795113,
2.61675,0.0017447892,
2.617,0.0018532266,
2.61725,-0.0003730319,
2.6175,0.0034358832,
2.61775,-0.0010829922,
2.618,0.0053816158,
2.61825,-0.0046191057,
2.6185,-0.0063697752,
2.61875,0.0030755196,
2.619,-0.0060875849,
2.61925,-0.0085363993,
2.6195,0.0006667093,
2.61975,0.0018628733,
2.62,0.0000413157,
2.62025,-0.0099854432,
2.6205,-0.0038776547,
2.62075,0.0010873324,
2.621,-0.0126565490,
2.62125,-0.0106010577,
2.6215,-0.0032649378,
2.62175,-0.0043184324,
2.622,-0.0084157512,
2.62225,-0.0047810506,
2.6225,0.0028728296,
2.62275,0.0026754774,
2.623,-0.0130134458,
2.62325,-0.0020126710,
2.6235,0.0047930148,
2.62375,-0.0101820389,
2.624,-0.0130121838,
2.62425,0.0002212003,
2.6245,0.0005637931,
2.62475,-0.0098843183,
2.625,-0.0070503731,
2.62525,0.0038170326,
2.6255,-0.0017822279,
2.62575,-0.0120113799,
2.626,-0.0052325199,
2.62625,0.0034554370,
2.6265,-0.0062273461,
2.62675,-0.0155804912,
2.627,-0.0013059929,
2.62725,0.0016159236,
2.6275,-0.0072515691,
2.62775,-0.0137533564,
2.628,-0.0012298905,
2.62825,-0.0022781431,
2.6285,-0.0163968690,
2.62875,-0.0161666647,
2.629,-0.0055967392,
2.62925,-0.0147468699,
2.6295,-0.0200942364,
2.62975,-0.0092513226,
2.63,-0.0038128444,
2.63025,-0.0079529677,
2.6305,-0.0172440559,
2.63075,-0.0054850420,
2.631,-0.0026978734,
2.63125,-0.0148095572,
2.6315,-0.0066477181,
2.63175,-0.0054883375,
2.632,-0.0085510975,
2.63225,-0.0052986257,
2.6325,-0.0034464372,
2.63275,0.0056357025,
2.633,0.0004496142,
2.63325,-0.0044066850,
2.6335,0.0081705563,
2.63375,0.0002658402,
2.634,-0.0013061345,
2.63425,0.0122568719,
2.6345,0.0037243285,
2.63475,0.0034711584,
2.635,0.0051389658,
2.63525,0.0067095314,
2.6355,0.0110485964,
2.63575,0.0006953017,
2.636,0.0079086898,
2.63625,0.0168503430,
2.6365,0.0006695747,
2.63675,0.0077559212,
2.637,0.0133715868,
2.63725,0.0089497557,
2.6375,0.0025700906,
2.63775,0.0031587947,
2.638,0.0142087080,
2.63825,0.0051658796,
2.6385,-0.0012520191,
2.63875,0.0135023324,
2.639,0.0134627344,
2.63925,-0.0017675224,
2.6395,0.0068343827,
2.63975,0.0089059751,
2.64,0.0103464369,
2.64025,-0.0008837969,
2.6405,-0.0001975218,
2.64075,0.0160646178,
2.641,0.0046693245,
2.64125,-0.0037955402,
2.6415,0.0127599742,
2.64175,0.0089393957,
2.642,0.0069742156,
2.64225,0.0002622837,
2.6425,0.0062706545,
2.64275,0.0135429762,
2.643,-0.0014097255,
2.64325,-0.0032975134,
2.6435,0.0106560327,
2.64375,0.0042961366,
2.644,-0.0018657302,
2.64425,0.0068259477,
2.6445,0.0117506357,
2.64475,0.0088725314,
2.645,0.0026916484,
2.64525,0.0066212211,
2.6455,0.0113818152,
2.64575,-0.0024727159,
2.646,0.0003145603,
2.64625,0.0074459389,
2.6465,0.0036489177,
2.64675,0.0014198869,
2.647,0.0062617846,
2.64725,0.0078344559,
2.6475,0.0004478316,
2.64775,0.0003245948,
2.648,0.0019360487,
2.64825,-0.0006362203,
2.6485,-0.0074401461,
2.64875,-0.0021343778,
2.649,0.0034365244,
2.64925,-0.0010038994,
2.6495,-0.0022668154,
2.64975,0.0041964208,
2.65,0.0030697831,
2.65025,-0.0015648846,
2.6505,-0.0062703006,
2.65075,0.0038084134,
2.651,0.0014922441,
2.65125,-0.0047319620,
2.6515,0.0037261902,
2.65175,0.0109034609,
2.652,0.0046360395,
2.65225,0.0062892744,
2.6525,0.0074474169,
2.65275,0.0106182592,
2.653,0.0031899647,
2.65325,0.0027356022,
2.6535,0.0091861477,
2.65375,0.0048437254,
2.654,0.0003841268,
2.65425,0.0066531920,
2.6545,0.0062682503,
2.65475,0.0033369113,
2.655,0.0021387155,
2.65525,0.0039030742,
2.6555,0.0083877631,
2.65575,-0.0041192248,
2.656,-0.0013448105,
2.65625,0.0093383286,
2.6565,-0.0051302114,
2.65675,-0.0071055926,
2.657,0.0035345349,
2.65725,-0.0001163349,
2.6575,-0.0020385755,
2.65775,-0.0101017412,
2.658,0.0008707774,
2.65825,0.0072582802,
2.6585,-0.0158234946,
2.65875,-0.0029250514,
2.659,0.0052577192,
2.65925,-0.0094804838,
2.6595,-0.0104013924,
2.65975,-0.0050674276,
2.66,0.0040360033,
2.66025,-0.0024173576,
2.6605,-0.0135792987,
2.66075,0.0053053377,
2.661,0.0091575943,
2.66125,-0.0130836759,
2.6615,-0.0009758812,
2.66175,0.0060740164,
2.662,0.0001226482,
2.66225,-0.0050243055,
2.6625,-0.0004631497,
2.66275,0.0104157478,
2.663,0.0002845410,
2.66325,-0.0082268706,
2.6635,0.0101315472,
2.66375,0.0063474807,
2.664,0.0001556740,
2.66425,0.0023025959,
2.6645,0.0029545506,
2.66475,0.0055581136,
2.665,-0.0084082661,
2.66525,-0.0021847938,
2.6655,0.0073014563,
2.66575,-0.0036955250,
2.666,-0.0041846232,
2.66625,0.0050536399,
2.6665,0.0025926486,
2.66675,-0.0022899522,
2.667,-0.0010606905,
2.66725,0.0002258701,
2.6675,0.0003007277,
2.66775,-0.0043640952,
2.668,-0.0002514992,
2.66825,0.0047556134,
2.6685,-0.0007799575,
2.66875,0.0017186616,
2.669,0.0110056568,
2.66925,0.0046139956,
2.6695,0.0062344922,
2.66975,0.0094232243,
2.67,0.0141259274,
2.67025,0.0042789574,
2.6705,0.0075801173,
2.67075,0.0156493131,
2.671,0.0138998022,
2.67125,0.0027651601,
2.6715,0.0130222188,
2.67175,0.0197088830,
2.672,0.0080778291,
2.67225,0.0074463300,
2.6725,0.0207496155,
2.67275,0.0170422737,
2.673,0.0054518925,
2.67325,0.0044003078,
2.6735,0.0143204536,
2.67375,0.0047575203,
2.674,-0.0033447940,
2.67425,0.0090365969,
2.6745,0.0113913491,
2.67475,0.0009153868,
2.675,-0.0010129256,
2.67525,0.0047306698,
2.6755,0.0043789749,
2.67575,-0.0043570958,
2.676,-0.0098247342,
2.67625,0.0026773200,
2.6765,-0.0043833274,
2.67675,-0.0094537688,
2.677,-0.0010358369,
2.67725,0.0019890047,
2.6775,-0.0032270206,
2.67775,-0.0080829673,
2.678,-0.0011939415,
2.67825,0.0058224662,
2.6785,-0.0103269983,
2.67875,-0.0054680724,
2.679,0.0034024692,
2.67925,-0.0012978513,
2.6795,-0.0061382242,
2.67975,0.0001909584,
2.68,0.0045644073,
2.68025,0.0017860490,
2.6805,-0.0085966187,
2.68075,0.0060504153,
2.681,0.0062528281,
2.68125,-0.0088772234,
2.6815,-0.0006873943,
2.68175,0.0000872507,
2.682,-0.0024944446,
2.68225,-0.0064437613,
2.6825,-0.0059997560,
2.68275,0.0007561182,
2.683,-0.0039517842,
2.68325,-0.0079533216,
2.6835,0.0028132107,
2.68375,-0.0045444029,
2.684,-0.0120843332,
2.68425,-0.0046123136,
2.6845,-0.0049150791,
2.68475,-0.0068082055,
2.685,-0.0056656683,
2.68525,-0.0039419448,
2.6855,0.0035722714,
2.68575,-0.0061741797,
2.686,-0.0026877050,
2.68625,0.0044122012,
2.6865,-0.0044282563,
2.68675,-0.0060137431,
2.687,-0.0059705437,
2.68725,-0.0043852064,
2.6875,-0.0056584114,
2.68775,-0.0114898998,
2.688,-0.0040071858,
2.68825,0.0007817765,
2.6885,-0.0064139664,
2.68875,-0.0037189876,
2.689,0.0019148130,
2.68925,-0.0014013601,
2.6895,-0.0032164459,
2.68975,-0.0058947913,
2.69,-0.0002694324,
2.69025,-0.0023741869,
2.6905,-0.0118768634,
2.69075,-0.0031249621,
2.691,-0.0022087721,
2.69125,-0.0114207705,
2.6915,-0.0075348234,
2.69175,-0.0044338088,
2.692,-0.0070383912,
2.69225,-0.0132328644,
2.6925,-0.0075911074,
2.69275,-0.0061777798,
2.693,-0.0141884927,
2.69325,-0.0155072613,
2.6935,-0.0039924486,
2.69375,-0.0040141456,
2.694,-0.0131772738,
2.69425,-0.0084614353,
2.6945,-0.0004556917,
2.69475,-0.0029592903,
2.695,-0.0109128943,
2.69525,-0.0052322540,
2.6955,0.0012185425,
2.69575,-0.0086225392,
2.696,-0.0139384940,
2.69625,0.0000425313,
2.6965,0.0004019987,
2.69675,-0.0073713372,
2.697,-0.0047281706,
2.69725,-0.0007136434,
2.6975,0.0069690426,
2.69775,-0.0055768830,
2.698,-0.0053617456,
2.69825,0.0086008431,
2.6985,0.0009868983,
2.69875,-0.0033807661,
2.699,0.0050002364,
2.69925,0.0067340559,
2.6995,0.0029502721,
2.69975,0.0017770398,
2.7,0.0080156382,
2.70025,0.0140270824,
2.7005,0.0026491738,
2.70075,0.0031373310,
2.701,0.0108110569,
2.70125,0.0024072812,
2.7015,0.0026781184,
2.70175,0.0082885157,
2.702,0.0065567344,
2.70225,0.0065905345,
2.7025,0.0049035829,
2.70275,0.0080041876,
2.703,0.0085599450,
2.70325,0.0010533476,
2.7035,0.0052888766,
2.70375,0.0135942493,
2.704,0.0024285964,
2.70425,0.0041971677,
2.7045,0.0118529461,
2.70475,0.0097435582,
2.705,0.0051957411,
2.70525,0.0081562335,
2.7055,0.0169213414,
2.70575,0.0066180206,
2.706,0.0018754957,
2.70625,0.0129601192,
2.7065,0.0096007865,
2.70675,0.0022088492,
2.707,0.0046209623,
2.70725,0.0109040421,
2.7075,0.0113167651,
2.70775,0.0024095827,
2.708,0.0096022198,
2.70825,0.0179234818,
2.7085,0.0031024937,
2.70875,0.0035353305,
2.709,0.0157554839,
2.70925,0.0110643953,
2.7095,0.0028480617,
2.70975,0.0034252447,
2.71,0.0109552965,
2.71025,0.0069875754,
2.7105,-0.0004892572,
2.71075,0.0057693520,
2.711,0.0117015559,
2.71125,-0.0030519478,
2.7115,-0.0042936048,
2.71175,0.0099499207,
2.712,0.0034932531,
2.71225,-0.0076797227,
2.7125,-0.0017850148,
2.71275,0.0021042516,
2.713,0.0020133066,
2.71325,-0.0064299325,
2.7135,0.0009300018,
2.71375,0.0075364043,
2.714,-0.0065900208,
2.71425,-0.0090190563,
2.7145,0.0041223564,
2.71475,0.0008293174,
2.715,-0.0118630007,
2.71525,-0.0058559822,
2.7155,0.0007747149,
2.71575,-0.0034740320,
2.716,-0.0135373361,
2.71625,-0.0019759543,
2.7165,0.0016565155,
2.71675,-0.0102443770,
2.717,-0.0098028388,
2.71725,-0.0041171405,
2.7175,-0.0040558139,
2.71775,-0.0094881654,
2.718,-0.0103636924,
2.71825,0.0039854771,
2.7185,0.0001878459,
2.71875,-0.0087217642,
2.719,0.0010643536,
2.71925,0.0038731438,
2.7195,-0.0001352606,
2.71975,-0.0029282528,
2.72,-0.0012833368,
2.72025,0.0014523414,
2.7205,-0.0028955808,
2.72075,-0.0080860555,
2.721,0.0022223303,
2.72125,-0.0021394698,
2.7215,-0.0082541686,
2.72175,-0.0024586685,
2.722,-0.0023948771,
2.72225,0.0010808287,
2.7225,-0.0056005502,
2.72275,-0.0052893981,
2.723,-0.0011780271,
2.72325,-0.0112635586,
2.7235,-0.0078035421,
2.72375,-0.0037020240,
2.724,-0.0129565019,
2.72425,-0.0121929673,
2.7245,-0.0092449142,
2.72475,-0.0078266133,
2.725,-0.0108004380,
2.72525,-0.0170277730,
2.7255,-0.0050998768,
2.72575,-0.0111216605,
2.726,-0.0242112428,
2.72625,-0.0067147370,
2.7265,-0.0118138650,
2.72675,-0.0172908269,
2.727,-0.0138899880,
2.72725,-0.0116775073,
2.7275,-0.0075291744,
2.72775,-0.0151645876,
2.728,-0.0163977798,
2.72825,-0.0008716049,
2.7285,-0.0120334467,
2.72875,-0.0153679121,
2.729,-0.0053834817,
2.72925,-0.0060881763,
2.7295,-0.0088500343,
2.72975,-0.0083257463,
2.73,-0.0054392349,
2.73025,0.0027266631,
2.7305,-0.0136306146,
2.73075,-0.0064892666,
2.731,0.0025145644,
2.73125,-0.0058507007,
2.7315,-0.0122571820,
2.73175,-0.0061215200,
2.732,-0.0019609844,
2.73225,-0.0054297247,
2.7325,-0.0124594774,
2.73275,0.0029381374,
2.733,0.0051021688,
2.73325,-0.0110967038,
2.7335,-0.0059469859,
2.73375,0.0008059771,
2.734,-0.0014442158,
2.73425,-0.0097952168,
2.7345,-0.0037181228,
2.73475,0.0046894765,
2.735,0.0018558581,
2.73525,-0.0034242817,
2.7355,0.0104153352,
2.73575,0.0092934379,
2.736,0.0043144617,
2.73625,0.0042891698,
2.7365,0.0119817667,
2.73675,0.0103861792,
2.737,0.0054359152,
2.73725,0.0113056237,
2.7375,0.0151638594,
2.73775,0.0083770705,
2.738,0.0078014773,
2.73825,0.0152665749,
2.7385,0.0133126061,
2.73875,0.0043592188,
2.739,0.0107069891,
2.73925,0.0149045959,
2.7395,0.0045437943,
2.73975,0.0035585042,
2.74,0.0135821458,
2.74025,0.0076031336,
2.7405,0.0041908189,
2.74075,0.0032280420,
2.741,0.0113659622,
2.74125,0.0069679134,
2.7415,-0.0033602191,
2.74175,0.0073444215,
2.742,0.0103009548,
2.74225,-0.0043264725,
2.7425,0.0025848530,
2.74275,0.0057174242,
2.743,0.0068314518,
2.74325,0.0017674330,
2.7435,-0.0036333080,
2.74375,0.0147906961,
2.744,0.0037503643,
2.74425,-0.0026900668,
2.7445,0.0138330813,
2.74475,0.0082850140,
2.745,0.0031513767,
2.74525,0.0030547797,
2.7455,0.0086196084,
2.74575,0.0133251110,
2.746,-0.0030287495,
2.74625,0.0032774534,
2.7465,0.0201496594,
2.74675,0.0005264498,
2.747,0.0018520578,
2.74725,0.0118791405,
2.7475,0.0114247715,
2.74775,0.0071321991,
2.748,-0.0049300371,
2.74825,0.0105292238,
2.7485,0.0131097957,
2.74875,-0.0113726985,
2.749,0.0046134950,
2.74925,0.0105150612,
2.7495,-0.0004651066,
2.74975,-0.0013233017,
2.75,-0.0007409893,
2.75025,0.0116659794,
2.7505,-0.0008667441,
2.75075,-0.0084242215,
2.751,0.0105830459,
2.75125,0.0060507543,
2.7515,-0.0054717725,
2.75175,0.0033593648,
2.752,0.0047138515,
2.75225,0.0064066700,
2.7525,-0.0009598770,
2.75275,-0.0007984996,
2.753,0.0144446930,
2.75325,0.0013205472,
2.7535,-0.0017797785,
2.75375,0.0084802397,
2.754,-0.0001968956,
2.75425,0.0029346135,
2.7545,0.0002765735,
2.75475,0.0016956317,
2.755,0.0092984168,
2.75525,0.0000315507,
2.7555,0.0003885282,
2.75575,0.0089440318,
2.756,0.0005870056,
2.75625,0.0017606877,
2.7565,-0.0041054725,
2.75675,-0.0005036208,
2.757,-0.0005040951,
2.75725,-0.0077711511,
2.7575,-0.0008021207,
2.75775,-0.0010854715,
2.758,-0.0069311904,
2.75825,0.0004941381,
2.7585,-0.0065776496,
2.75875,-0.0035436293,
2.759,-0.0059097260,
2.75925,-0.0066596945,
2.7595,-0.0085751237,
2.75975,-0.0127193509,
2.76,-0.0045375368,
2.76025,-0.0028492429,
2.7605,-0.0135390628,
2.76075,-0.0084854122,
2.761,-0.0040489938,
2.76125,-0.0084227547,
2.7615,-0.0107980417,
2.76175,-0.0090013109,
2.762,0.0014498557,
2.76225,-0.0107952068,
2.7625,-0.0166980624,
2.76275,-0.0058890088,
2.763,-0.0020664462,
2.76325,-0.0145672960,
2.7635,-0.0141327875,
2.76375,-0.0036377287,
2.764,0.0009005226,
2.76425,-0.0191014316,
2.7645,-0.0095920246,
2.76475,0.0032982049,
2.765,-0.0104238046,
2.76525,-0.0121390438,
2.7655,-0.0042632846,
2.76575,0.0026545606,
2.766,-0.0027031428,
2.76625,-0.0096104648,
2.7665,0.0061520208,
2.76675,0.0091191595,
2.767,-0.0091649992,
2.76725,-0.0021816106,
2.7675,0.0042052269,
2.76775,0.0030441463,
2.768,-0.0046643326,
2.76825,-0.0043912227,
2.7685,0.0130643919,
2.76875,0.0011475615,
2.769,-0.0073141255,
2.76925,0.0103072925,
2.7695,0.0083578136,
2.76975,-0.0002950188,
2.77,-0.0010113433,
2.77025,-0.0006283381,
2.7705,0.0092417030,
2.77075,-0.0050709122,
2.771,-0.0065145185,
2.77125,0.0113911834,
2.7715,-0.0010818380,
2.77175,-0.0026771342,
2.772,0.0062433216,
2.77225,0.0037272349,
2.7725,0.0084591769,
2.77275,-0.0006588335,
2.773,0.0016936205,
2.77325,0.0084457928,
2.7735,-0.0048342780,
2.77375,0.0077812145,
2.774,0.0080803446,
2.77425,0.0013408877,
2.7745,0.0129328240,
2.77475,0.0093273837,
2.775,0.0022423288,
2.77525,0.0053621461,
2.7755,0.0019594526,
2.77575,0.0070943912,
2.776,-0.0040847897,
2.77625,-0.0085359439,
2.7765,0.0109080113,
2.77675,-0.0020619524,
2.777,-0.0045583285,
2.77725,0.0029529657,
2.7775,0.0007344637,
2.77775,0.0008632282,
2.778,-0.0069967648,
2.77825,-0.0012984745,
2.7785,0.0095795551,
2.77875,-0.0068809642,
2.779,-0.0033433062,
2.77925,0.0082295472,
2.7795,0.0009198136,
2.77975,0.0014315927,
2.78,-0.0037138090,
2.78025,0.0021829237,
2.7805,0.0011343879,
2.78075,-0.0069557414,
2.781,-0.0039162845,
2.78125,0.0029020263,
2.7815,-0.0051185414,
2.78175,-0.0109041994,
2.782,-0.0025359327,
2.78225,0.0011701791,
2.7825,-0.0044763451,
2.78275,-0.0067817215,
2.783,0.0059105898,
2.78325,0.0081076138,
2.7835,-0.0038918788,
2.78375,0.0023092884,
2.784,0.0114081474,
2.78425,0.0055842916,
2.7845,-0.0033034682,
2.78475,0.0055411654,
2.785,0.0146607878,
2.78525,0.0006544009,
2.7855,-0.0006684868,
2.78575,0.0063129677,
2.786,0.0088943299,
2.78625,-0.0011442843,
2.7865,-0.0032965406,
2.78675,0.0078168018,
2.787,0.0059848670,
2.78725,-0.0024260473,
2.7875,0.0030005570,
2.78775,0.0055928011,
2.788,0.0064052618,
2.78825,0.0024376856,
2.7885,-0.0010746752,
2.78875,0.0090332935,
2.789,0.0050735283,
2.78925,-0.0013289339,
2.7895,0.0023323805,
2.78975,0.0045499029,
2.79,0.0044899299,
2.79025,-0.0047222795,
2.7905,-0.0046452340,
2.79075,0.0025719656,
2.791,-0.0026434439,
2.79125,-0.0045633297,
2.7915,0.0007540588,
2.79175,-0.0034436416,
2.792,-0.0000274003,
2.79225,-0.0041663176,
2.7925,-0.0019040260,
2.79275,0.0004749319,
2.793,-0.0050148000,
2.79325,-0.0025722359,
2.7935,-0.0042254636,
2.79375,-0.0028473646,
2.794,0.0016204058,
2.79425,-0.0063912412,
2.7945,-0.0063682124,
2.79475,0.0022689132,
2.795,-0.0052867774,
2.79525,-0.0048088436,
2.7955,-0.0093233837,
2.79575,-0.0030038916,
2.796,-0.0050116517,
2.79625,-0.0188994817,
2.7965,-0.0058900807,
2.79675,-0.0003421586,
2.797,-0.0125412624,
2.79725,-0.0128221000,
2.7975,0.0002305419,
2.79775,-0.0003127995,
2.798,-0.0121437609,
2.79825,-0.0145524871,
2.7985,0.0036794206,
2.79875,-0.0032843780,
2.799,-0.0187303144,
2.79925,-0.0049901339,
2.7995,0.0007771057,
2.79975,-0.0056377049,
2.8,-0.0116729839,
2.80025,-0.0039292118,
2.8005,0.0125001688,
2.80075,-0.0054591503,
2.801,-0.0124967210,
2.80125,0.0092328843,
2.8015,0.0095515009,
2.80175,-0.0033713244,
2.802,-0.0015326823,
2.80225,0.0110958694,
2.8025,0.0164127331,
2.80275,-0.0027089796,
2.803,0.0041278978,
2.80325,0.0207243841,
2.8035,0.0041281236,
2.80375,0.0008181378,
2.804,0.0051568635,
2.80425,0.0103190411,
2.8045,0.0040327683,
2.80475,-0.0037628668,
2.805,0.0057257600,
2.80525,0.0117279477,
2.8055,-0.0028486461,
2.80575,-0.0001829569,
2.806,0.0045282613,
2.80625,-0.0015117191,
2.8065,-0.0053772619,
2.80675,-0.0068187620,
2.807,-0.0005654040,
2.80725,-0.0040100818,
2.8075,-0.0029940302,
2.80775,0.0018777221,
2.808,0.0014042980,
2.80825,0.0014755847,
2.8085,0.0017435271,
2.80875,-0.0010547255,
2.809,-0.0016499021,
2.80925,0.0014674009,
2.8095,-0.0005406085,
2.80975,-0.0037871418,
2.81,-0.0017439211,
2.81025,0.0055626146,
2.8105,0.0049379840,
2.81075,0.0015626964,
2.811,0.0034306692,
2.81125,0.0101744113,
2.8115,0.0052984422,
2.81175,-0.0044590752,
2.812,0.0076762503,
2.81225,0.0078385267,
2.8125,-0.0032349115,
2.81275,-0.0048134215,
2.813,0.0083738808,
2.81325,0.0071305633,
2.8135,-0.0023858794,
2.81375,-0.0063548102,
2.814,0.0065773036,
2.81425,0.0015419994,
2.8145,-0.0135090537,
2.81475,-0.0016119045,
2.815,0.0004691585,
2.81525,-0.0065208804,
2.8155,-0.0102239475,
2.81575,-0.0051052673,
2.816,0.0059889820,
2.81625,-0.0024899058,
2.8165,-0.0124843437,
2.81675,0.0054085385,
2.817,0.0026031930,
2.81725,-0.0078162570,
2.8175,-0.0044119121,
2.81775,0.0011826416,
2.818,0.0064497325,
2.81825,-0.0022078494,
2.8185,0.0006664518,
2.81875,0.0146768726,
2.819,0.0050970428,
2.81925,0.0041441615,
2.8195,0.0083194477,
2.81975,0.0086642718,
2.82,0.0084362123,
2.82025,-0.0011107200,
2.8205,0.0041460795,
2.82075,0.0104671400,
2.821,-0.0021261405,
2.82125,-0.0004673595,
2.8215,0.0059089614,
2.82175,0.0021194785,
2.822,0.0013309974,
2.82225,0.0002215430,
2.8225,0.0000554911,
2.82275,0.0037953570,
2.823,-0.0080927014,
2.82325,-0.0050738743,
2.8235,0.0022464283,
2.82375,-0.0061232224,
2.824,-0.0080384137,
2.82425,-0.0070556910,
2.8245,-0.0060666176,
2.82475,-0.0029207184,
2.825,-0.0094487052,
2.82525,-0.0081952224,
2.8255,-0.0031120980,
2.82575,-0.0066593979,
2.826,-0.0078679817,
2.82625,-0.0015279172,
2.8265,-0.0027570443,
2.82675,-0.0021971182,
2.827,-0.0057510007,
2.82725,-0.0064730272,
2.8275,0.0002970867,
2.82775,-0.0047990750,
2.828,-0.0058883219,
2.82825,-0.0067094602,
2.8285,-0.0005249802,
2.82875,-0.0005692258,
2.829,-0.0103382319,
2.82925,-0.0083045792,
2.8295,0.0019881611,
2.82975,-0.0057749562,
2.83,-0.0104990862,
2.83025,-0.0014397861,
2.8305,0.0018757210,
2.83075,-0.0002151825,
2.831,-0.0137154423,
2.83125,-0.0028532182,
2.8315,0.0013136886,
2.83175,-0.0189084914,
2.832,-0.0131553682,
2.83225,0.0012300479,
2.8325,-0.0035465348,
2.83275,-0.0099801924,
2.833,-0.0079072099,
2.83325,0.0074452367,
2.8335,0.0024337871,
2.83375,-0.0130690215,
2.834,0.0022049129,
2.83425,0.0097585153,
2.8345,-0.0099416440,
2.83475,-0.0060799276,
2.835,0.0077511934,
2.83525,0.0125436559,
2.8355,0.0008929746,
2.83575,-0.0076972283,
2.836,0.0183651000,
2.83625,0.0092796469,
2.8365,-0.0043999953,
2.83675,0.0093103396,
2.837,0.0119563602,
2.83725,0.0102165751,
2.8375,0.0046217330,
2.83775,0.0053894850,
2.838,0.0242660381,
2.83825,0.0105349170,
2.8385,0.0030162469,
2.83875,0.0191711392,
2.839,0.0136536360,
2.83925,0.0108057354,
2.8395,0.0074581387,
2.83975,0.0054858513,
2.84,0.0148405712,
2.84025,0.0020252813,
2.8405,0.0044576274,
2.84075,0.0136381835,
2.841,0.0060675582,
2.84125,0.0102303717,
2.8415,0.0083717424,
2.84175,0.0010094345,
2.842,0.0118154455,
2.84225,-0.0002001260,
2.8425,0.0008269773,
2.84275,0.0019646985,
2.843,0.0009398012,
2.84325,0.0062608998,
2.8435,-0.0025649001,
2.84375,-0.0026972443,
2.844,0.0131625514,
2.84425,0.0001733434,
2.8445,-0.0029609611,
2.84475,0.0049689948,
2.845,0.0049361270,
2.84525,0.0026651905,
2.8455,-0.0043907771,
2.84575,0.0038180696,
2.846,0.0083635869,
2.84625,-0.0093194665,
2.8465,-0.0021236325,
2.84675,0.0113423541,
2.847,0.0012345882,
2.84725,0.0017609004,
2.8475,0.0036635641,
2.84775,0.0093252510,
2.848,0.0063226982,
2.84825,-0.0054109283,
2.8485,0.0077293306,
2.84875,0.0082575744,
2.849,-0.0063757207,
2.84925,-0.0000926317,
2.8495,0.0079526482,
2.84975,0.0057838680,
2.85,-0.0002680160,
2.85025,-0.0018382445,
2.8505,0.0067089004,
2.85075,0.0048705512,
2.851,-0.0082925130,
2.85125,0.0001181377,
2.8515,0.0057240971,
2.85175,-0.0019084041,
2.852,-0.0038442633,
2.85225,0.0023740018,
2.8525,0.0059989044,
2.85275,0.0014122308,
2.853,-0.0025403455,
2.85325,0.0046483558,
2.8535,0.0083829733,
2.85375,-0.0045692739,
2.854,-0.0042071654,
2.85425,0.0046726135,
2.8545,0.0026236719,
2.85475,0.0006940196,
2.855,0.0004806010,
2.85525,0.0061959405,
2.8555,0.0078568216,
2.85575,0.0009487454,
2.856,0.0018630457,
2.85625,0.0028089245,
2.8565,-0.0022281057,
2.85675,-0.0040843477,
2.857,-0.0094586415,
2.85725,-0.0006967627,
2.8575,0.0013690534,
2.85775,-0.0077370722,
2.858,-0.0019616701,
2.85825,-0.0002176202,
2.8585,-0.0070417831,
2.85875,-0.0044571441,
2.859,-0.0118887592,
2.85925,-0.0069506420,
2.8595,-0.0087503493,
2.85975,-0.0127218533,
2.86,-0.0050811768,
2.86025,-0.0062187975,
2.8605,-0.0092272731,
2.86075,-0.0065594222,
2.861,-0.0137583110,
2.86125,-0.0062920749,
2.8615,-0.0050357003,
2.86175,-0.0136904716,
2.862,-0.0059307246,
2.86225,-0.0059074466,
2.8625,-0.0089025870,
2.86275,-0.0101045799,
2.863,-0.0091360696,
2.86325,-0.0061714463,
2.8635,-0.0067805662,
2.86375,-0.0162828825,
2.864,-0.0025495063,
2.86425,-0.0026399361,
2.8645,-0.0111647742,
2.86475,-0.0112029370,
2.865,-0.0036318509,
2.86525,-0.0007733770,
2.8655,-0.0145060159,
2.86575,-0.0135143995,
2.866,0.0059645064,
2.86625,-0.0049847784,
2.8665,-0.0150297591,
2.86675,-0.0019442436,
2.867,0.0046112072,
2.86725,-0.0045751757,
2.8675,-0.0138560208,
2.86775,0.0017556604,
2.868,0.0073742447,
2.86825,-0.0103533650,
2.8685,-0.0098968800,
2.86875,0.0096247513,
2.869,0.0097146491,
2.86925,-0.0051127416,
2.8695,-0.0028662197,
2.86975,0.0170221142,
2.87,0.0088305809,
2.87025,-0.0055103567,
2.8705,0.0060159843,
2.87075,0.0106973182,
2.871,0.0035691319,
2.87125,-0.0014962589,
2.8715,0.0044150418,
2.87175,0.0196848661,
2.872,0.0043205493,
2.87225,0.0015468103,
2.8725,0.0110057471,
2.87275,0.0120930327,
2.873,0.0040450511,
2.87325,0.0041543171,
2.8735,0.0093442760,
2.87375,0.0115881590,
2.874,0.0045347703,
2.87425,0.0065546064,
2.8745,0.0117547661,
2.87475,0.0093587041,
2.875,0.0058213957,
2.87525,0.0030523119,
2.8755,0.0091395313,
2.87575,0.0085505396,
2.876,0.0019581264,
2.87625,0.0046430198,
2.8765,0.0061335112,
2.87675,0.0055787801,
2.877,0.0077718524,
2.87725,-0.0003601138,
2.8775,0.0092550153,
2.87775,0.0102373827,
2.878,0.0024250099,
2.87825,0.0041325218,
2.8785,0.0067847758,
2.87875,0.0061747576,
2.879,0.0029927073,
2.87925,-0.0039059673,
2.8795,0.0093882997,
2.87975,0.0076745502,
2.88,-0.0043598344,
2.88025,0.0039146347,
2.8805,0.0069083683,
2.88075,0.0075454242,
2.881,-0.0053225784,
2.88125,-0.0009242338,
2.8815,0.0113880401,
2.88175,-0.0048827841,
2.882,-0.0068739215,
2.88225,0.0064236009,
2.8825,0.0049919644,
2.88275,0.0002664393,
2.883,-0.0041945712,
2.88325,0.0065275743,
2.8835,0.0121456198,
2.88375,-0.0097719934,
2.884,0.0000913531,
2.88425,0.0128655117,
2.8845,-0.0021223165,
2.88475,-0.0017921092,
2.885,0.0003097776,
2.88525,0.0051283687,
2.8855,0.0078819124,
2.88575,-0.0089523923,
2.886,0.0102834385,
2.88625,0.0092735589,
2.8865,-0.0064645959,
2.88675,0.0012387433,
2.887,0.0014554381,
2.88725,0.0037157200,
2.8875,-0.0052384804,
2.88775,-0.0077826725,
2.888,0.0073160678,
2.88825,0.0004062074,
2.8885,-0.0104016289,
2.88875,0.0048509696,
2.889,-0.0034033000,
2.88925,-0.0020731871,
2.8895,-0.0061490340,
2.88975,-0.0078687537,
2.89,0.0027559802,
2.89025,-0.0085858079,
2.8905,-0.0126048792,
2.89075,0.0002002246,
2.891,-0.0051728059,
2.89125,-0.0036832504,
2.8915,-0.0080083255,
2.89175,-0.0107147964,
2.892,0.0009074602,
2.89225,-0.0087943412,
2.8925,-0.0096650384,
2.89275,-0.0041209757,
2.893,-0.0076778410,
2.89325,-0.0065196981,
2.8935,-0.0101370737,
2.89375,-0.0106969858,
2.894,-0.0035867016,
2.89425,-0.0136041846,
2.8945,-0.0141462302,
2.89475,-0.0087202908,
2.895,-0.0085768066,
2.89525,-0.0097530698,
2.8955,-0.0169979967,
2.89575,-0.0134213213,
2.896,-0.0075072125,
2.89625,-0.0143624796,
2.8965,-0.0173261464,
2.89675,-0.0108649693,
2.897,-0.0050786259,
2.89725,-0.0128850443,
2.8975,-0.0158868339,
2.89775,-0.0091893077,
2.898,-0.0048051821,
2.89825,-0.0203233119,
2.8985,-0.0182551965,
2.89875,-0.0035719508,
2.899,-0.0031206813,
2.89925,-0.0168874096,
2.8995,-0.0090793716,
2.89975,0.0087731825,
2.9,-0.0031417701,
2.90025,-0.0110765863,
2.9005,0.0006005879,
2.90075,0.0047895471,
2.901,-0.0048550190,
2.90125,-0.0108233616,
2.9015,0.0081380056,
2.90175,0.0123032536,
2.902,-0.0082934983,
2.90225,-0.0027147802,
2.9025,0.0152250277,
2.90275,0.0109048458,
2.903,-0.0060933693,
2.90325,0.0027999687,
2.9035,0.0170102715,
2.90375,0.0017212608,
2.904,-0.0050751702,
2.90425,0.0113257905,
2.9045,0.0119592715,
2.90475,0.0032098638,
2.905,-0.0013576658,
2.90525,0.0078372452,
2.9055,0.0169283599,
2.90575,-0.0015920569,
2.906,-0.0029254770,
2.90625,0.0092391847,
2.9065,0.0041950550,
2.90675,-0.0038491716,
2.907,0.0004184178,
2.90725,0.0055537554,
2.9075,0.0088633774,
2.90775,-0.0001068255,
2.908,0.0024876404,
2.90825,0.0102248248,
2.9085,0.0014739203,
2.90875,0.0029853822,
2.909,0.0024462293,
2.90925,0.0063189729,
2.9095,0.0069640679,
2.90975,0.0041577271,
2.91,0.0049065510,
2.91025,0.0106448131,
2.9105,0.0122887976,
2.91075,0.0088312365,
2.911,0.0031686905,
2.91125,0.0123223532,
2.9115,0.0173034035,
2.91175,0.0056862291,
2.912,0.0058752676,
2.91225,0.0141944736,
2.9125,0.0100619765,
2.91275,0.0041656280,
2.913,0.0017011665,
2.91325,0.0145095019,
2.9135,0.0122032827,
2.91375,-0.0067142956,
2.914,0.0054983161,
2.91425,0.0174816083,
2.9145,-0.0017353507,
2.91475,-0.0033064710,
2.915,0.0038775103,
2.91525,0.0092615038,
2.9155,-0.0014986175,
2.91575,-0.0051453062,
2.916,0.0134078600,
2.91625,0.0071761142,
2.9165,-0.0081307087,
2.91675,0.0029389672,
2.917,0.0128978677,
2.91725,0.0029054328,
2.9175,-0.0033494411,
2.91775,0.0031984341,
2.918,0.0168840736,
2.91825,0.0053163194,
2.9185,0.0000990610,
2.91875,0.0142028257,
2.919,0.0167122576,
2.91925,0.0055273576,
2.9195,0.0071692257,
2.91975,0.0156823900,
2.92,0.0163841303,
2.92025,0.0046215886,
2.9205,0.0032688619,
2.92075,0.0143428687,
2.921,0.0149796605,
2.92125,-0.0014023768,
2.9215,0.0057219397,
2.92175,0.0108651575,
2.922,0.0083903298,
2.92225,0.0026339870,
2.9225,0.0042516207,
2.92275,0.0121613452,
2.923,0.0016863516,
2.92325,-0.0059024710,
2.9235,0.0002207079,
2.92375,0.0009034627,
2.924,-0.0042613270,
2.92425,-0.0039507835,
2.9245,-0.0045634862,
2.92475,0.0029841273,
2.925,-0.0044794641,
2.92525,-0.0106967138,
2.9255,-0.0024711294,
2.92575,-0.0042701927,
2.926,-0.0040161535,
2.92625,-0.0061999643,
2.9265,-0.0058655953,
2.92675,0.0029531722,
2.927,-0.0056704176,
2.92725,-0.0090660760,
2.9275,0.0014716820,
2.92775,-0.0027166558,
2.928,-0.0039028302,
2.92825,-0.0047714924,
2.9285,-0.0025426238,
2.92875,0.0018881214,
2.929,-0.0074425521,
2.92925,-0.0100465259,
2.9295,0.0013619636,
2.92975,-0.0013815168,
2.93,-0.0098595163,
2.93025,-0.0043187188,
2.9305,-0.0049923863,
2.93075,0.0007086296,
2.931,-0.0109455399,
2.93125,-0.0118939867,
2.9315,-0.0026242188,
2.93175,-0.0097320527,
2.932,-0.0158149190,
2.93225,-0.0111896712,
2.9325,-0.0038461522,
2.93275,-0.0017674624,
2.933,-0.0168504752,
2.93325,-0.0070176874,
2.9335,0.0083806887,
2.93375,-0.0066793389,
2.934,-0.0167895444,
2.93425,-0.0015718687,
2.9345,0.0008308347,
2.93475,-0.0080745285,
2.935,-0.0133083034,
2.93525,0.0049220817,
2.9355,0.0110846404,
2.93575,-0.0078413365,
2.936,-0.0035288129,
2.93625,0.0154370070,
2.9365,0.0113487430,
2.93675,-0.0058098286,
2.937,0.0037883436,
2.93725,0.0121679958,
2.9375,0.0047384873,
2.93775,-0.0012203360,
2.938,0.0047817044,
2.93825,0.0138293942,
2.9385,0.0089061055,
2.93875,0.0015471183,
2.939,0.0085638575,
2.93925,0.0119174095,
2.9395,0.0021780082,
2.93975,-0.0028621221,
2.94,0.0005046369,
2.94025,0.0081476504,
2.9405,0.0010821142,
2.94075,-0.0000072675,
2.941,0.0069367616,
2.94125,0.0068249507,
2.9415,0.0022133288,
2.94175,-0.0005828320,
2.942,-0.0008992865,
2.94225,0.0010746752,
2.9425,-0.0044199973,
2.94275,-0.0095134014,
2.943,0.0047745006,
2.94325,-0.0037227548,
2.9435,-0.0033407554,
2.94375,-0.0004709905,
2.944,0.0015335884,
2.94425,0.0035682232,
2.9445,-0.0043973578,
2.94475,-0.0038070302,
2.945,0.0065486948,
2.94525,-0.0001440722,
2.9455,-0.0031587956,
2.94575,0.0015637769,
2.946,0.0020883977,
2.94625,0.0051958440,
2.9465,-0.0013793001,
2.94675,0.0017848408,
2.947,0.0150100337,
2.94725,0.0029460872,
2.9475,-0.0027525043,
2.94775,0.0066028712,
2.948,0.0085466839,
2.94825,-0.0010857055,
2.9485,-0.0075013773,
2.94875,0.0050735204,
2.949,0.0101266233,
2.94925,-0.0094985440,
2.9495,-0.0012477458,
2.94975,0.0078834733,
2.95,-0.0011728603,
2.95025,-0.0054388442,
2.9505,-0.0060589062,
2.95075,0.0059606498,
2.951,0.0018395884,
2.95125,-0.0129063716,
2.9515,-0.0006006832,
2.95175,0.0064481851,
2.952,-0.0030293430,
2.95225,-0.0021598793,
2.9525,-0.0019693575,
2.95275,0.0091503831,
2.953,0.0026600736,
2.95325,-0.0055439356,
2.9535,0.0056715989,
2.95375,0.0084608831,
2.954,0.0022070482,
2.95425,-0.0001142901,
2.9545,0.0064065345,
2.95475,0.0148393195,
2.955,0.0008417042,
2.95525,-0.0042434856,
2.9555,0.0140238786,
2.95575,0.0050038467,
2.956,-0.0043243086,
2.95625,-0.0036385285,
2.9565,0.0004969749,
2.95675,0.0011924966,
2.957,-0.0092708636,
2.95725,-0.0061566057,
2.9575,0.0100214453,
2.95775,-0.0030122856,
2.958,-0.0035710405,
2.95825,-0.0001933775,
2.9585,-0.0001478144,
2.95875,0.0008346119,
2.959,-0.0083673783,
2.95925,-0.0080119036,
2.9595,0.0037452523,
2.95975,-0.0098762512,
2.96,-0.0141759729,
2.96025,-0.0070544034,
2.9605,-0.0067243236,
2.96075,-0.0105260089,
2.961,-0.0148987910,
2.96125,-0.0062481211,
2.9615,-0.0046078670,
2.96175,-0.0099847298,
2.962,-0.0123230442,
2.96225,-0.0042158458,
2.9625,-0.0019748267,
2.96275,-0.0074862600,
2.963,-0.0105159068,
2.96325,0.0009795830,
2.9635,-0.0011978124,
2.96375,-0.0046577714,
2.964,-0.0035530815,
2.96425,0.0021563442,
2.9645,0.0025487477,
2.96475,-0.0034353258,
2.965,-0.0053084688,
2.96525,0.0021969869,
2.9655,-0.0007707326,
2.96575,-0.0022207464,
2.966,-0.0030912012,
2.96625,0.0035279873,
2.9665,0.0068524810,
2.96675,-0.0062256940,
2.967,-0.0019951698,
2.96725,0.0062792650,
2.9675,-0.0025994752,
2.96775,-0.0062560402,
2.968,-0.0039793998,
2.96825,0.0080352677,
2.9685,0.0017045855,
2.96875,-0.0065686470,
2.969,0.0090505201,
2.96925,0.0116851600,
2.9695,-0.0012698008,
2.96975,0.0030272536,
2.97,0.0062468555,
2.97025,0.0089357570,
2.9705,-0.0019262431,
2.97075,-0.0122660967,
2.971,0.0117429486,
2.97125,0.0045611528,
2.9715,-0.0068348488,
2.97175,0.0083831223,
2.972,0.0122989062,
2.97225,0.0090161506,
2.9725,0.0025467556,
2.97275,-0.0007297224,
2.973,0.0171584133,
2.97325,0.0034215406,
2.9735,-0.0057865018,
2.97375,0.0089524267,
2.974,0.0078787291,
2.97425,0.0053328294,
2.9745,0.0003329435,
2.97475,-0.0003952889,
2.975,0.0115027977,
2.97525,-0.0025184234,
2.9755,-0.0046562487,
2.97575,0.0035065911,
2.976,0.0011768329,
2.97625,0.0003881416,
2.9765,-0.0028079334,
2.97675,-0.0021907794,
2.977,0.0106039848,
2.97725,-0.0031450670,
2.9775,-0.0071759033,
2.97775,0.0032969436,
2.978,-0.0016979735,
2.97825,-0.0007790235,
2.9785,-0.0113608325,
2.97875,-0.0056836144,
2.979,0.0077409348,
2.97925,-0.0110706054,
2.9795,-0.0064971931,
2.97975,0.0051647238,
2.98,-0.0029620819,
2.98025,0.0010047684,
2.9805,-0.0050714593,
2.98075,0.0048970981,
2.981,0.0084009208,
2.98125,-0.0095558390,
2.9815,-0.0042962790,
2.98175,0.0076326863,
2.982,0.0011814181,
2.98225,-0.0013783681,
2.9825,0.0037977449,
2.98275,0.0086976448,
2.983,0.0068850918,
2.98325,-0.0039596558,
2.9835,0.0046521188,
2.98375,0.0093368590,
2.984,-0.0043488066,
2.98425,-0.0064719091,
2.9845,0.0009419249,
2.98475,0.0046772817,
2.985,-0.0050499132,
2.98525,-0.0101312445,
2.9855,0.0037833478,
2.98575,0.0007384163,
2.986,-0.0087423930,
2.98625,-0.0068842825,
2.9865,0.0000773487,
2.98675,-0.0014852722,
2.987,-0.0078743771,
2.98725,-0.0049461797,
2.9875,0.0035049934,
2.98775,0.0002559137,
2.988,-0.0079916315,
2.98825,-0.0038634506,
2.9885,0.0020744756,
2.98875,0.0005131556,
2.989,-0.0105023757,
2.98925,-0.0036589289,
2.9895,0.0022450530,
2.98975,-0.0046851821,
2.99,-0.0061763041,
2.99025,-0.0023705687,
2.9905,0.0030855429,
2.99075,-0.0013188041,
2.991,-0.0074981824,
2.99125,0.0018815019,
2.9915,0.0026836095,
2.99175,-0.0104516465,
2.992,-0.0058489521,
2.99225,-0.0062128273,
2.9925,-0.0022721246,
2.99275,-0.0101624811,
2.993,-0.0126565024,
2.99325,-0.0043645031,
2.9935,-0.0066903345,
2.99375,-0.0134072164,
2.994,-0.0079749534,
2.99425,-0.0100658834,
2.9945,-0.0078353547,
2.99475,-0.0141949337,
2.995,-0.0142434323,
2.99525,-0.0050895372,
2.9955,-0.0162220839,
2.99575,-0.0164328497,
2.996,-0.0133849140,
2.99625,-0.0122326650,
2.9965,-0.0112036671,
2.99675,-0.0195015613,
2.997,-0.0094854329,
2.99725,-0.0023589511,
2.9975,-0.0134585993,
2.99775,-0.0091226362,
2.998,-0.0055797049,
2.99825,-0.0098601924,
2.9985,-0.0059117964,
2.99875,-0.0097795390,
2.999,-0.0043430896,
2.99925,0.0038631274,
2.9995,-0.0087671066,
2.99975,-0.0018608925,