Date,2020-11-04 08:16:11
Filename,STFCB-20201012-0105-0137_20201104_081504_002.dat
Data Label,축정렬불량
Label No,03
Motor Spec,L-DSF-01,1730,2.2,8.6,
Period,1SEC
Sample Rate,2000
RMS,2.35089,2.14456,2.55342,
Data Length,2000,
0,-3.2431640625,2.7626953125,0.48046875,
0.0005,-2.7626953125,2.6826171875,-0.16015625,
0.001,-2.2421875,2.7626953125,-0.8408203125,
0.0015,-1.6416015625,2.8427734375,-1.681640625,
0.002,-1.12109375,2.8427734375,-2.40234375,
0.0025,-0.640625,2.802734375,-2.8828125,
0.003,-0.2001953125,2.5224609375,-3.203125,
0.0035,0.5205078125,1.9619140625,-3.36328125,
0.004,1.3212890625,1.28125,-3.5634765625,
0.0045,2.0419921875,0.7607421875,-3.8037109375,
0.005,2.5224609375,0.2802734375,-3.8837890625,
0.0055,2.8427734375,-0.16015625,-3.84375,
0.006,2.8427734375,-0.640625,-3.36328125,
0.0065,2.9228515625,-1.1611328125,-2.8828125,
0.007,3.0830078125,-1.8818359375,-2.2021484375,
0.0075,3.203125,-2.40234375,-1.681640625,
0.008,3.1630859375,-2.7626953125,-1.1611328125,
0.0085,3.04296875,-2.962890625,-0.720703125,
0.009,2.482421875,-2.8427734375,0,
0.0095,1.8818359375,-2.8427734375,0.720703125,
0.01,1.28125,-2.9228515625,1.521484375,
0.0105,0.8408203125,-2.8828125,2.1220703125,
0.011,0.400390625,-2.7626953125,2.5625,
0.0115,-0.16015625,-2.322265625,2.72265625,
0.012,-0.80078125,-1.8017578125,2.8828125,
0.0125,-1.6416015625,-1.12109375,3.123046875,
0.013,-2.2421875,-0.640625,3.283203125,
0.0135,-2.6826171875,-0.2001953125,3.3232421875,
0.014,-2.9228515625,0.240234375,3.203125,
0.0145,-2.8828125,0.6806640625,2.6826171875,
0.015,-2.962890625,1.2412109375,2.162109375,
0.0155,-3.1630859375,1.8818359375,1.5615234375,
0.016,-3.203125,2.3623046875,1.0810546875,
0.0165,-3.203125,2.6025390625,0.560546875,
0.017,-2.8828125,2.7626953125,0.0400390625,
0.0175,-2.40234375,2.72265625,-0.640625,
0.018,-1.76171875,2.72265625,-1.44140625,
0.0185,-1.28125,2.7626953125,-2.08203125,
0.019,-0.80078125,2.802734375,-2.6826171875,
0.0195,-0.400390625,2.642578125,-3.0830078125,
0.02,0.2001953125,2.162109375,-3.203125,
0.0205,0.880859375,1.5615234375,-3.4033203125,
0.021,1.76171875,0.9609375,-3.68359375,
0.0215,2.2421875,0.48046875,-3.84375,
0.022,2.6025390625,0.1201171875,-3.84375,
0.0225,2.8427734375,-0.3603515625,-3.603515625,
0.023,2.8427734375,-0.880859375,-3.0830078125,
0.0235,2.962890625,-1.4814453125,-2.5224609375,
0.024,3.1630859375,-2.1220703125,-2.001953125,
0.0245,3.2431640625,-2.5625,-1.4814453125,
0.025,3.1630859375,-2.7626953125,-1.041015625,
0.0255,2.7626953125,-2.802734375,-0.48046875,
0.026,2.2421875,-2.8427734375,0.240234375,
0.0265,1.6015625,-2.9228515625,1.12109375,
0.027,1.12109375,-2.9228515625,1.76171875,
0.0275,0.6806640625,-2.8828125,2.322265625,
0.028,0.240234375,-2.72265625,2.6826171875,
0.0285,-0.48046875,-2.08203125,2.802734375,
0.029,-1.2412109375,-1.4814453125,3.0830078125,
0.0295,-2.0419921875,-0.880859375,3.2431640625,
0.03,-2.5625,-0.4404296875,3.36328125,
0.0305,-2.8427734375,0,3.2431640625,
0.031,-2.9228515625,0.48046875,2.8427734375,
0.0315,-2.962890625,1.0009765625,2.40234375,
0.032,-3.0830078125,1.6416015625,1.76171875,
0.0325,-3.203125,2.2421875,1.2412109375,
0.033,-3.2431640625,2.6025390625,0.6806640625,
0.0335,-3.123046875,2.802734375,0.240234375,
0.034,-2.5224609375,2.6826171875,-0.4404296875,
0.0345,-2.001953125,2.72265625,-1.1611328125,
0.035,-1.3212890625,2.802734375,-2.001953125,
0.0355,-0.9208984375,2.802734375,-2.5625,
0.036,-0.48046875,2.642578125,-3.0029296875,
0.0365,0.0400390625,2.2822265625,-3.203125,
0.037,0.7607421875,1.6416015625,-3.36328125,
0.0375,1.521484375,1.12109375,-3.603515625,
0.038,2.162109375,0.560546875,-3.7236328125,
0.0385,2.5625,0.16015625,-3.84375,
0.039,2.6826171875,-0.400390625,-3.6435546875,
0.0395,2.802734375,-0.80078125,-3.203125,
0.04,2.8828125,-1.28125,-2.72265625,
0.0405,3.04296875,-1.9619140625,-2.08203125,
0.041,3.1630859375,-2.3623046875,-1.6416015625,
0.0415,3.123046875,-2.6826171875,-1.1611328125,
0.042,2.8828125,-2.7626953125,-0.6806640625,
0.0425,2.3623046875,-2.72265625,0,
0.043,1.8818359375,-2.8427734375,0.7607421875,
0.0435,1.28125,-2.8828125,1.521484375,
0.044,0.880859375,-2.8828125,2.0419921875,
0.0445,0.48046875,-2.72265625,2.482421875,
0.045,0,-2.3623046875,2.6826171875,
0.0455,-0.80078125,-1.76171875,2.8828125,
0.046,-1.6416015625,-1.1611328125,3.1630859375,
0.0465,-2.2021484375,-0.640625,3.2431640625,
0.047,-2.6826171875,-0.2001953125,3.4833984375,
0.0475,-2.8427734375,0.16015625,3.1630859375,
0.048,-2.8828125,0.6806640625,2.642578125,
0.0485,-3.0830078125,1.28125,2.162109375,
0.049,-3.2431640625,2.0419921875,1.521484375,
0.0495,-3.36328125,2.482421875,1.0009765625,
0.05,-3.2431640625,2.72265625,0.5205078125,
0.0505,-2.8828125,2.802734375,0,
0.051,-2.2822265625,2.802734375,-0.80078125,
0.0515,-1.681640625,2.8828125,-1.681640625,
0.052,-1.12109375,2.8828125,-2.40234375,
0.0525,-0.6806640625,2.8828125,-2.9228515625,
0.053,-0.16015625,2.5625,-3.2431640625,
0.0535,0.5205078125,1.9619140625,-3.4033203125,
0.054,1.3212890625,1.3212890625,-3.6435546875,
0.0545,2.162109375,0.6806640625,-3.84375,
0.055,2.6826171875,0.240234375,-3.923828125,
0.0555,2.8828125,-0.240234375,-3.84375,
0.056,2.9228515625,-0.640625,-3.4033203125,
0.0565,2.8828125,-1.2412109375,-2.7626953125,
0.057,3.0830078125,-1.841796875,-2.2421875,
0.0575,3.1630859375,-2.4423828125,-1.6015625,
0.058,3.203125,-2.72265625,-1.1611328125,
0.0585,2.9228515625,-2.8427734375,-0.640625,
0.059,2.4423828125,-2.802734375,0,
0.0595,1.841796875,-2.802734375,0.720703125,
0.06,1.28125,-2.8828125,1.521484375,
0.0605,0.80078125,-2.802734375,2.0419921875,
0.061,0.400390625,-2.7626953125,2.5224609375,
0.0615,-0.1201171875,-2.40234375,2.6826171875,
0.062,-0.7607421875,-1.76171875,2.802734375,
0.0625,-1.521484375,-1.2412109375,3.0830078125,
0.063,-2.2822265625,-0.80078125,3.1630859375,
0.0635,-2.6025390625,-0.3203125,3.3232421875,
0.064,-2.8427734375,0.1201171875,3.1630859375,
0.0645,-2.9228515625,0.6005859375,2.802734375,
0.065,-2.9228515625,1.1611328125,2.2021484375,
0.0655,-3.1630859375,1.841796875,1.6416015625,
0.066,-3.203125,2.2822265625,1.12109375,
0.0665,-3.2431640625,2.6826171875,0.640625,
0.067,-3.0029296875,2.7626953125,0.16015625,
0.0675,-2.5224609375,2.72265625,-0.5205078125,
0.068,-1.9619140625,2.802734375,-1.28125,
0.0685,-1.3212890625,2.8427734375,-2.08203125,
0.069,-0.9208984375,2.8427734375,-2.642578125,
0.0695,-0.4404296875,2.6826171875,-3.123046875,
0.07,0.16015625,2.2822265625,-3.3232421875,
0.0705,0.9208984375,1.5615234375,-3.4833984375,
0.071,1.681640625,1.12109375,-3.68359375,
0.0715,2.3623046875,0.4404296875,-3.8837890625,
0.072,2.7626953125,0.0400390625,-3.9638671875,
0.0725,2.9228515625,-0.4404296875,-3.6435546875,
0.073,2.9228515625,-0.9208984375,-3.1630859375,
0.0735,3.04296875,-1.5615234375,-2.5625,
0.074,3.2431640625,-2.2421875,-1.921875,
0.0745,3.2431640625,-2.642578125,-1.4013671875,
0.075,3.1630859375,-2.9228515625,-0.9208984375,
0.0755,2.72265625,-2.9228515625,-0.3203125,
0.076,2.08203125,-2.8828125,0.48046875,
0.0765,1.5615234375,-2.962890625,1.28125,
0.077,0.9609375,-2.962890625,2.0419921875,
0.0775,0.5205078125,-2.8828125,2.5224609375,
0.078,0,-2.5625,2.802734375,
0.0785,-0.640625,-2.001953125,2.962890625,
0.079,-1.44140625,-1.361328125,3.0029296875,
0.0795,-2.162109375,-0.80078125,3.3232421875,
0.08,-2.642578125,-0.2802734375,3.3232421875,
0.0805,-2.962890625,0.16015625,3.3232421875,
0.081,-2.962890625,0.6005859375,2.8427734375,
0.0815,-2.962890625,1.12109375,2.2822265625,
0.082,-3.0830078125,1.76171875,1.681640625,
0.0825,-3.203125,2.322265625,1.12109375,
0.083,-3.203125,2.642578125,0.640625,
0.0835,-3.0830078125,2.8427734375,0.16015625,
0.084,-2.6025390625,2.7626953125,-0.48046875,
0.0845,-1.9619140625,2.6826171875,-1.201171875,
0.085,-1.361328125,2.802734375,-1.9619140625,
0.0855,-0.8408203125,2.7626953125,-2.6025390625,
0.086,-0.4404296875,2.72265625,-3.0830078125,
0.0865,0.1201171875,2.2822265625,-3.283203125,
0.087,0.7607421875,1.841796875,-3.36328125,
0.0875,1.5615234375,1.0810546875,-3.68359375,
0.088,2.2021484375,0.560546875,-3.84375,
0.0885,2.642578125,0.16015625,-3.8837890625,
0.089,2.9228515625,-0.2802734375,-3.84375,
0.0895,2.9228515625,-0.7607421875,-3.3232421875,
0.09,2.962890625,-1.3212890625,-2.72265625,
0.0905,3.1630859375,-2.001953125,-2.2021484375,
0.091,3.283203125,-2.5625,-1.6015625,
0.0915,3.283203125,-2.8427734375,-1.1611328125,
0.092,2.962890625,-2.962890625,-0.6005859375,
0.0925,2.5224609375,-2.9228515625,0.1201171875,
0.093,1.76171875,-2.962890625,0.9609375,
0.0935,1.2412109375,-3.04296875,1.76171875,
0.094,0.720703125,-2.962890625,2.3623046875,
0.0945,0.3203125,-2.8828125,2.8427734375,
0.095,-0.400390625,-2.40234375,2.8427734375,
0.0955,-1.1611328125,-1.681640625,3.1630859375,
0.096,-2.0419921875,-1.0009765625,3.36328125,
0.0965,-2.6025390625,-0.4404296875,3.5234375,
0.097,-2.962890625,0.0400390625,3.443359375,
0.0975,-3.203125,0.48046875,3.1630859375,
0.098,-3.203125,1.041015625,2.5625,
0.0985,-3.203125,1.7216796875,1.841796875,
0.099,-3.36328125,2.3623046875,1.28125,
0.0995,-3.36328125,2.802734375,0.640625,
0.1,-3.2431640625,3.0029296875,0.2001953125,
0.1005,-2.6826171875,2.8828125,-0.5205078125,
0.101,-2.08203125,2.8427734375,-1.201171875,
0.1015,-1.3212890625,2.8828125,-2.1220703125,
0.102,-0.80078125,2.8427734375,-2.72265625,
0.1025,-0.3203125,2.6826171875,-3.203125,
0.103,0.16015625,2.5224609375,-3.4833984375,
0.1035,0.8408203125,1.681640625,-3.5634765625,
0.104,1.6015625,1.0009765625,-3.7236328125,
0.1045,2.40234375,0.4404296875,-3.8837890625,
0.105,2.8427734375,0,-3.923828125,
0.1055,3.04296875,-0.400390625,-3.84375,
0.106,3.04296875,-0.8408203125,-3.36328125,
0.1065,3.04296875,-1.3212890625,-2.8427734375,
0.107,3.123046875,-2.001953125,-2.08203125,
0.1075,3.203125,-2.5224609375,-1.6015625,
0.108,3.203125,-2.8828125,-1.041015625,
0.1085,3.123046875,-3.0029296875,-0.640625,
0.109,2.482421875,-2.8828125,0.0400390625,
0.1095,1.921875,-2.8828125,0.7607421875,
0.11,1.28125,-2.962890625,1.6015625,
0.1105,0.80078125,-2.8828125,2.2021484375,
0.111,0.3603515625,-2.8828125,2.6025390625,
0.1115,-0.16015625,-2.5625,2.9228515625,
0.112,-0.80078125,-1.921875,3.04296875,
0.1125,-1.6416015625,-1.2412109375,3.2431640625,
0.113,-2.3623046875,-0.640625,3.443359375,
0.1135,-2.8828125,-0.2001953125,3.5234375,
0.114,-3.1630859375,0.2802734375,3.4033203125,
0.1145,-3.1630859375,0.7607421875,2.8828125,
0.115,-3.203125,1.3212890625,2.322265625,
0.1155,-3.36328125,2.1220703125,1.5615234375,
0.116,-3.4833984375,2.6025390625,1.0810546875,
0.1165,-3.4033203125,2.9228515625,0.5205078125,
0.117,-3.203125,3.0830078125,0,
0.1175,-2.5224609375,2.9228515625,-0.7607421875,
0.118,-1.8017578125,3.0029296875,-1.6416015625,
0.1185,-1.12109375,3.0029296875,-2.5224609375,
0.119,-0.640625,2.962890625,-3.123046875,
0.1195,-0.16015625,2.6826171875,-3.4833984375,
0.12,0.48046875,2.1220703125,-3.603515625,
0.1205,1.28125,1.44140625,-3.763671875,
0.121,2.2421875,0.6806640625,-4.00390625,
0.1215,2.72265625,0.2001953125,-4.00390625,
0.122,3.0830078125,-0.2802734375,-3.9638671875,
0.1225,3.203125,-0.6806640625,-3.68359375,
0.123,3.0830078125,-1.2412109375,-2.962890625,
0.1235,3.1630859375,-1.841796875,-2.3623046875,
0.124,3.283203125,-2.5224609375,-1.6416015625,
0.1245,3.2431640625,-2.8427734375,-1.201171875,
0.125,3.0830078125,-3.0029296875,-0.640625,
0.1255,2.6826171875,-2.9228515625,-0.16015625,
0.126,2.001953125,-2.8828125,0.6005859375,
0.1265,1.361328125,-2.8828125,1.44140625,
0.127,0.80078125,-2.9228515625,2.0419921875,
0.1275,0.4404296875,-2.8427734375,2.5625,
0.128,0,-2.6025390625,2.8427734375,
0.1285,-0.640625,-1.9619140625,2.9228515625,
0.129,-1.3212890625,-1.361328125,3.123046875,
0.1295,-2.162109375,-0.6806640625,3.283203125,
0.13,-2.6025390625,-0.3203125,3.36328125,
0.1305,-2.9228515625,0.16015625,3.3232421875,
0.131,-3.04296875,0.5205078125,3.04296875,
0.1315,-3.0029296875,1.0009765625,2.4423828125,
0.132,-3.1630859375,1.6416015625,1.921875,
0.1325,-3.283203125,2.2421875,1.28125,
0.133,-3.36328125,2.6826171875,0.80078125,
0.1335,-3.203125,2.8427734375,0.3203125,
0.134,-2.72265625,2.8427734375,-0.3203125,
0.1345,-2.2421875,2.8427734375,-1.0009765625,
0.135,-1.4814453125,2.8828125,-1.8818359375,
0.1355,-1.041015625,2.8427734375,-2.5224609375,
0.136,-0.6005859375,2.802734375,-3.0830078125,
0.1365,-0.1201171875,2.5224609375,-3.36328125,
0.137,0.6005859375,1.841796875,-3.4833984375,
0.1375,1.4013671875,1.28125,-3.7236328125,
0.138,2.2421875,0.640625,-3.923828125,
0.1385,2.6826171875,0.240234375,-4.00390625,
0.139,2.9228515625,-0.2802734375,-3.84375,
0.1395,3.0029296875,-0.720703125,-3.443359375,
0.14,3.04296875,-1.3212890625,-2.7626953125,
0.1405,3.203125,-2.001953125,-2.2021484375,
0.141,3.283203125,-2.5625,-1.6015625,
0.1415,3.283203125,-2.8828125,-1.0810546875,
0.142,3.0029296875,-2.9228515625,-0.6005859375,
0.1425,2.40234375,-2.8828125,0.16015625,
0.143,1.76171875,-3.0029296875,0.9609375,
0.1435,1.1611328125,-3.0029296875,1.76171875,
0.144,0.6806640625,-2.9228515625,2.2822265625,
0.1445,0.2802734375,-2.7626953125,2.72265625,
0.145,-0.3203125,-2.2822265625,2.8828125,
0.1455,-1.041015625,-1.5615234375,3.0029296875,
0.146,-1.8818359375,-1.0009765625,3.2431640625,
0.1465,-2.5224609375,-0.4404296875,3.3232421875,
0.147,-2.8828125,0,3.36328125,
0.1475,-2.962890625,0.400390625,3.123046875,
0.148,-2.962890625,0.8408203125,2.5625,
0.1485,-3.0830078125,1.44140625,2.001953125,
0.149,-3.203125,2.1220703125,1.361328125,
0.1495,-3.2431640625,2.5224609375,0.880859375,
0.15,-3.203125,2.8427734375,0.400390625,
0.1505,-2.8828125,2.8427734375,-0.16015625,
0.151,-2.2021484375,2.72265625,-0.8408203125,
0.1515,-1.681640625,2.7626953125,-1.6416015625,
0.152,-1.041015625,2.802734375,-2.4423828125,
0.1525,-0.640625,2.802734375,-2.9228515625,
0.153,-0.2001953125,2.5625,-3.2431640625,
0.1535,0.400390625,2.08203125,-3.4033203125,
0.154,1.1611328125,1.4013671875,-3.5634765625,
0.1545,1.9619140625,0.80078125,-3.84375,
0.155,2.5224609375,0.2802734375,-3.8837890625,
0.1555,2.8828125,-0.1201171875,-3.923828125,
0.156,2.9228515625,-0.5205078125,-3.5634765625,
0.1565,2.9228515625,-1.041015625,-3.0029296875,
0.157,3.123046875,-1.681640625,-2.4423828125,
0.1575,3.2431640625,-2.3623046875,-1.8017578125,
0.158,3.283203125,-2.72265625,-1.361328125,
0.1585,3.123046875,-2.9228515625,-0.80078125,
0.159,2.6826171875,-2.962890625,-0.2802734375,
0.1595,2.0419921875,-2.8828125,0.560546875,
0.16,1.4814453125,-3.04296875,1.361328125,
0.1605,0.9208984375,-2.962890625,2.0419921875,
0.161,0.560546875,-2.9228515625,2.5224609375,
0.1615,0,-2.482421875,2.72265625,
0.162,-0.640625,-1.9619140625,2.8828125,
0.1625,-1.44140625,-1.3212890625,3.123046875,
0.163,-2.2021484375,-0.720703125,3.283203125,
0.1635,-2.6025390625,-0.2802734375,3.3232421875,
0.164,-2.9228515625,0.1201171875,3.2431640625,
0.1645,-2.9228515625,0.560546875,2.8427734375,
0.165,-2.9228515625,1.12109375,2.2021484375,
0.1655,-3.1630859375,1.76171875,1.7216796875,
0.166,-3.203125,2.322265625,1.12109375,
0.1665,-3.203125,2.6826171875,0.640625,
0.167,-2.962890625,2.7626953125,0.1201171875,
0.1675,-2.5625,2.72265625,-0.5205078125,
0.168,-1.8818359375,2.72265625,-1.3212890625,
0.1685,-1.3212890625,2.8427734375,-2.08203125,
0.169,-0.80078125,2.802734375,-2.642578125,
0.1695,-0.4404296875,2.7626953125,-3.1630859375,
0.17,0.16015625,2.2421875,-3.283203125,
0.1705,0.8408203125,1.6015625,-3.4833984375,
0.171,1.6416015625,1.0009765625,-3.7236328125,
0.1715,2.2822265625,0.5205078125,-3.8837890625,
0.172,2.6826171875,0.1201171875,-3.8837890625,
0.1725,2.8828125,-0.3603515625,-3.68359375,
0.173,2.9228515625,-0.8408203125,-3.203125,
0.1735,2.962890625,-1.44140625,-2.5625,
0.174,3.1630859375,-2.08203125,-2.0419921875,
0.1745,3.203125,-2.5625,-1.44140625,
0.175,3.1630859375,-2.9228515625,-1.0009765625,
0.1755,2.7626953125,-2.8828125,-0.48046875,
0.176,2.2421875,-2.8828125,0.2001953125,
0.1765,1.6416015625,-2.8828125,1.0810546875,
0.177,1.12109375,-2.8828125,1.76171875,
0.1775,0.640625,-2.8427734375,2.2822265625,
0.178,0.2802734375,-2.72265625,2.6826171875,
0.1785,-0.3603515625,-2.162109375,2.802734375,
0.179,-1.12109375,-1.521484375,2.9228515625,
0.1795,-1.8818359375,-0.9609375,3.1630859375,
0.18,-2.4423828125,-0.48046875,3.283203125,
0.1805,-2.7626953125,0,3.283203125,
0.181,-2.8427734375,0.3603515625,2.962890625,
0.1815,-2.8828125,0.8408203125,2.5224609375,
0.182,-3.0029296875,1.4814453125,1.921875,
0.1825,-3.1630859375,2.0419921875,1.361328125,
0.183,-3.203125,2.482421875,0.880859375,
0.1835,-3.1630859375,2.6826171875,0.400390625,
0.184,-2.72265625,2.6826171875,-0.2001953125,
0.1845,-2.162109375,2.6826171875,-0.9208984375,
0.185,-1.6015625,2.8427734375,-1.7216796875,
0.1855,-1.0810546875,2.8427734375,-2.40234375,
0.186,-0.640625,2.7626953125,-2.8828125,
0.1865,-0.2001953125,2.482421875,-3.203125,
0.187,0.48046875,1.921875,-3.36328125,
0.1875,1.28125,1.28125,-3.5634765625,
0.188,1.9619140625,0.7607421875,-3.8037109375,
0.1885,2.5224609375,0.2802734375,-3.8837890625,
0.189,2.8427734375,-0.1201171875,-3.84375,
0.1895,2.8427734375,-0.6005859375,-3.36328125,
0.19,2.8828125,-1.1611328125,-2.8828125,
0.1905,3.123046875,-1.841796875,-2.2822265625,
0.191,3.1630859375,-2.40234375,-1.681640625,
0.1915,3.203125,-2.7626953125,-1.2412109375,
0.192,3.0029296875,-2.9228515625,-0.720703125,
0.1925,2.482421875,-2.8427734375,-0.16015625,
0.193,1.921875,-2.8427734375,0.6806640625,
0.1935,1.3212890625,-2.8828125,1.521484375,
0.194,0.880859375,-2.9228515625,2.08203125,
0.1945,0.4404296875,-2.802734375,2.5224609375,
0.195,-0.16015625,-2.3623046875,2.6826171875,
0.1955,-0.80078125,-1.8017578125,2.9228515625,
0.196,-1.6416015625,-1.1611328125,3.1630859375,
0.1965,-2.2421875,-0.640625,3.283203125,
0.197,-2.642578125,-0.2001953125,3.3232421875,
0.1975,-2.9228515625,0.2001953125,3.1630859375,
0.198,-2.8828125,0.6806640625,2.6025390625,
0.1985,-2.9228515625,1.28125,2.08203125,
0.199,-3.123046875,1.921875,1.521484375,
0.1995,-3.203125,2.3623046875,1.0009765625,
0.2,-3.203125,2.642578125,0.560546875,
0.2005,-2.8427734375,2.72265625,0,
0.201,-2.3623046875,2.6826171875,-0.640625,
0.2015,-1.7216796875,2.72265625,-1.44140625,
0.202,-1.2412109375,2.72265625,-2.1220703125,
0.2025,-0.80078125,2.7626953125,-2.72265625,
0.203,-0.3603515625,2.5625,-3.0830078125,
0.2035,0.240234375,2.08203125,-3.203125,
0.204,0.9208984375,1.5615234375,-3.4033203125,
0.2045,1.7216796875,0.9208984375,-3.6435546875,
0.205,2.2421875,0.48046875,-3.8037109375,
0.2055,2.6025390625,0.080078125,-3.763671875,
0.206,2.7626953125,-0.3603515625,-3.5634765625,
0.2065,2.802734375,-0.8408203125,-3.04296875,
0.207,2.8828125,-1.4814453125,-2.482421875,
0.2075,3.123046875,-2.08203125,-1.9619140625,
0.208,3.1630859375,-2.5625,-1.44140625,
0.2085,3.123046875,-2.7626953125,-1.041015625,
0.209,2.6826171875,-2.7626953125,-0.48046875,
0.2095,2.2021484375,-2.802734375,0.240234375,
0.21,1.6015625,-2.8828125,1.12109375,
0.2105,1.12109375,-2.8828125,1.7216796875,
0.211,0.720703125,-2.8828125,2.2421875,
0.2115,0.2802734375,-2.642578125,2.6025390625,
0.212,-0.400390625,-2.08203125,2.72265625,
0.2125,-1.201171875,-1.4814453125,3.04296875,
0.213,-1.9619140625,-0.9208984375,3.2431640625,
0.2135,-2.5224609375,-0.48046875,3.3232421875,
0.214,-2.802734375,0,3.283203125,
0.2145,-2.8828125,0.4404296875,2.9228515625,
0.215,-2.962890625,0.9609375,2.40234375,
0.2155,-3.123046875,1.681640625,1.76171875,
0.216,-3.203125,2.2021484375,1.2412109375,
0.2165,-3.283203125,2.642578125,0.720703125,
0.217,-3.123046875,2.8427734375,0.240234375,
0.2175,-2.5625,2.72265625,-0.4404296875,
0.218,-1.9619140625,2.802734375,-1.201171875,
0.2185,-1.3212890625,2.8427734375,-2.08203125,
0.219,-0.880859375,2.8427734375,-2.642578125,
0.2195,-0.4404296875,2.6826171875,-3.0830078125,
0.22,0.1201171875,2.2822265625,-3.283203125,
0.2205,0.8408203125,1.6416015625,-3.4033203125,
0.221,1.6416015625,1.0009765625,-3.68359375,
0.2215,2.2421875,0.48046875,-3.8037109375,
0.222,2.6826171875,0.080078125,-3.84375,
0.2225,2.8427734375,-0.3603515625,-3.603515625,
0.223,2.802734375,-0.8408203125,-3.0830078125,
0.2235,2.8828125,-1.4013671875,-2.6025390625,
0.224,3.04296875,-2.08203125,-1.9619140625,
0.2245,3.123046875,-2.4423828125,-1.521484375,
0.225,3.123046875,-2.7626953125,-1.041015625,
0.2255,2.802734375,-2.802734375,-0.560546875,
0.226,2.2421875,-2.72265625,0.1201171875,
0.2265,1.76171875,-2.8427734375,0.880859375,
0.227,1.201171875,-2.8427734375,1.5615234375,
0.2275,0.7607421875,-2.8427734375,2.1220703125,
0.228,0.3603515625,-2.6826171875,2.482421875,
0.2285,-0.2001953125,-2.2822265625,2.6826171875,
0.229,-0.8408203125,-1.681640625,2.8427734375,
0.2295,-1.681640625,-1.041015625,3.123046875,
0.23,-2.2021484375,-0.640625,3.2431640625,
0.2305,-2.642578125,-0.240234375,3.3232421875,
0.231,-2.8427734375,0.16015625,3.0830078125,
0.2315,-2.8427734375,0.6806640625,2.5625,
0.232,-3.0029296875,1.28125,2.162109375,
0.2325,-3.203125,1.9619140625,1.521484375,
0.233,-3.283203125,2.40234375,1.041015625,
0.2335,-3.203125,2.6826171875,0.560546875,
0.234,-2.8828125,2.7626953125,0,
0.2345,-2.322265625,2.802734375,-0.7607421875,
0.235,-1.7216796875,2.8427734375,-1.6015625,
0.2355,-1.1611328125,2.8427734375,-2.2822265625,
0.236,-0.720703125,2.8828125,-2.8828125,
0.2365,-0.2802734375,2.5625,-3.203125,
0.237,0.4404296875,2.001953125,-3.36328125,
0.2375,1.2412109375,1.4013671875,-3.603515625,
0.238,2.08203125,0.7607421875,-3.8837890625,
0.2385,2.5625,0.2802734375,-3.8837890625,
0.239,2.8828125,-0.2001953125,-3.84375,
0.2395,2.9228515625,-0.6806640625,-3.4033203125,
0.24,3.0029296875,-1.1611328125,-2.802734375,
0.2405,3.123046875,-1.8818359375,-2.2421875,
0.241,3.203125,-2.482421875,-1.6416015625,
0.2415,3.2431640625,-2.802734375,-1.1611328125,
0.242,2.9228515625,-2.8828125,-0.640625,
0.2425,2.4423828125,-2.8427734375,0.0400390625,
0.243,1.8017578125,-2.8427734375,0.80078125,
0.2435,1.201171875,-2.8828125,1.6015625,
0.244,0.720703125,-2.8427734375,2.162109375,
0.2445,0.3203125,-2.7626953125,2.6025390625,
0.245,-0.240234375,-2.2822265625,2.7626953125,
0.2455,-0.9208984375,-1.6416015625,2.8427734375,
0.246,-1.6416015625,-1.0810546875,3.123046875,
0.2465,-2.322265625,-0.560546875,3.2431640625,
0.247,-2.72265625,-0.16015625,3.2431640625,
0.2475,-2.8828125,0.240234375,3.0830078125,
0.248,-3.04296875,0.6005859375,2.6826171875,
0.2485,-2.962890625,1.2412109375,2.08203125,
0.249,-3.123046875,1.921875,1.521484375,
0.2495,-3.203125,2.3623046875,1.0009765625,
0.25,-3.203125,2.72265625,0.560546875,
0.2505,-2.9228515625,2.7626953125,0.080078125,
0.251,-2.4423828125,2.6826171875,-0.6005859375,
0.2515,-1.8818359375,2.7626953125,-1.361328125,
0.252,-1.2412109375,2.802734375,-2.1220703125,
0.2525,-0.8408203125,2.802734375,-2.72265625,
0.253,-0.400390625,2.6826171875,-3.1630859375,
0.2535,0.16015625,2.2421875,-3.3232421875,
0.254,0.9208984375,1.5615234375,-3.4833984375,
0.2545,1.7216796875,1.0009765625,-3.8037109375,
0.255,2.3623046875,0.4404296875,-3.8837890625,
0.2555,2.7626953125,0.0400390625,-3.9638671875,
0.256,3.04296875,-0.400390625,-3.7236328125,
0.2565,2.9228515625,-0.9609375,-3.1630859375,
0.257,3.123046875,-1.6015625,-2.5625,
0.2575,3.2431640625,-2.2822265625,-1.9619140625,
0.258,3.3232421875,-2.6826171875,-1.44140625,
0.2585,3.203125,-2.962890625,-0.9208984375,
0.259,2.7626953125,-2.9228515625,-0.3603515625,
0.2595,2.1220703125,-2.8828125,0.48046875,
0.26,1.5615234375,-3.04296875,1.3212890625,
0.2605,0.9609375,-3.0029296875,2.0419921875,
0.261,0.560546875,-2.9228515625,2.5224609375,
0.2615,0.0400390625,-2.6025390625,2.802734375,
0.262,-0.640625,-2.001953125,2.962890625,
0.2625,-1.4814453125,-1.28125,3.123046875,
0.263,-2.2421875,-0.7607421875,3.3232421875,
0.2635,-2.642578125,-0.2802734375,3.3232421875,
0.264,-3.04296875,0.2001953125,3.4033203125,
0.2645,-2.962890625,0.640625,2.802734375,
0.265,-2.962890625,1.201171875,2.2021484375,
0.2655,-3.123046875,1.841796875,1.6015625,
0.266,-3.203125,2.40234375,1.041015625,
0.2665,-3.203125,2.6826171875,0.560546875,
0.267,-3.04296875,2.8427734375,0.080078125,
0.2675,-2.5224609375,2.7626953125,-0.5205078125,
0.268,-1.841796875,2.6826171875,-1.28125,
0.2685,-1.28125,2.802734375,-2.0419921875,
0.269,-0.80078125,2.7626953125,-2.6826171875,
0.2695,-0.400390625,2.6826171875,-3.123046875,
0.27,0.16015625,2.2421875,-3.283203125,
0.2705,0.7607421875,1.6416015625,-3.4033203125,
0.271,1.5615234375,1.0009765625,-3.6435546875,
0.2715,2.2421875,0.48046875,-3.8037109375,
0.272,2.6025390625,0,-3.923828125,
0.2725,2.8828125,-0.3203125,-3.7236328125,
0.273,2.9228515625,-0.80078125,-3.283203125,
0.2735,2.9228515625,-1.3212890625,-2.642578125,
0.274,3.1630859375,-1.9619140625,-2.162109375,
0.2745,3.2431640625,-2.5224609375,-1.6015625,
0.275,3.2431640625,-2.8427734375,-1.1611328125,
0.2755,2.9228515625,-2.9228515625,-0.6005859375,
0.276,2.4423828125,-2.8828125,0.1201171875,
0.2765,1.8017578125,-2.9228515625,0.9208984375,
0.277,1.2412109375,-3.0029296875,1.7216796875,
0.2775,0.7607421875,-2.962890625,2.322265625,
0.278,0.3203125,-2.8828125,2.7626953125,
0.2785,-0.3603515625,-2.322265625,2.9228515625,
0.279,-1.0810546875,-1.681640625,3.123046875,
0.2795,-2.001953125,-1.0009765625,3.36328125,
0.28,-2.5625,-0.48046875,3.5234375,
0.2805,-2.962890625,0.0400390625,3.443359375,
0.281,-3.1630859375,0.48046875,3.1630859375,
0.2815,-3.1630859375,1.0009765625,2.5625,
0.282,-3.203125,1.7216796875,1.8818359375,
0.2825,-3.36328125,2.322265625,1.28125,
0.283,-3.443359375,2.802734375,0.720703125,
0.2835,-3.283203125,3.04296875,0.240234375,
0.284,-2.72265625,2.9228515625,-0.48046875,
0.2845,-2.08203125,2.8828125,-1.2412109375,
0.285,-1.3212890625,3.0029296875,-2.2021484375,
0.2855,-0.80078125,2.8828125,-2.8427734375,
0.286,-0.3203125,2.7626953125,-3.283203125,
0.2865,0.240234375,2.482421875,-3.5634765625,
0.287,0.9208984375,1.6416015625,-3.603515625,
0.2875,1.7216796875,0.9609375,-3.763671875,
0.288,2.40234375,0.3203125,-3.8837890625,
0.2885,2.8828125,0,-3.923828125,
0.289,3.123046875,-0.48046875,-3.8037109375,
0.2895,3.0830078125,-0.9208984375,-3.283203125,
0.29,3.04296875,-1.44140625,-2.642578125,
0.2905,3.123046875,-2.1220703125,-1.9619140625,
0.291,3.203125,-2.5625,-1.4814453125,
0.2915,3.203125,-2.8828125,-1.0009765625,
0.292,3.0029296875,-3.04296875,-0.5205078125,
0.2925,2.40234375,-2.8828125,0.1201171875,
0.293,1.841796875,-2.8427734375,0.880859375,
0.2935,1.201171875,-2.9228515625,1.681640625,
0.294,0.720703125,-2.8427734375,2.2421875,
0.2945,0.3203125,-2.7626953125,2.642578125,
0.295,-0.2001953125,-2.4423828125,2.8828125,
0.2955,-0.880859375,-1.8017578125,3.04296875,
0.296,-1.681640625,-1.201171875,3.1630859375,
0.2965,-2.322265625,-0.640625,3.36328125,
0.297,-2.8427734375,-0.16015625,3.443359375,
0.2975,-3.0830078125,0.2802734375,3.3232421875,
0.298,-3.0830078125,0.7607421875,2.8427734375,
0.2985,-3.1630859375,1.28125,2.2822265625,
0.299,-3.283203125,2.0419921875,1.6015625,
0.2995,-3.36328125,2.5224609375,1.0810546875,
0.3,-3.36328125,2.8427734375,0.560546875,
0.3005,-3.123046875,3.0029296875,0.0400390625,
0.301,-2.5224609375,2.8828125,-0.6806640625,
0.3015,-1.841796875,2.962890625,-1.5615234375,
0.302,-1.201171875,2.962890625,-2.40234375,
0.3025,-0.720703125,2.962890625,-3.0029296875,
0.303,-0.240234375,2.72265625,-3.36328125,
0.3035,0.4404296875,2.2021484375,-3.5634765625,
0.304,1.2412109375,1.4814453125,-3.7236328125,
0.3045,2.162109375,0.80078125,-4.00390625,
0.305,2.642578125,0.2802734375,-4.00390625,
0.3055,3.04296875,-0.2001953125,-4.00390625,
0.306,3.1630859375,-0.640625,-3.68359375,
0.3065,3.04296875,-1.201171875,-2.962890625,
0.307,3.1630859375,-1.841796875,-2.322265625,
0.3075,3.283203125,-2.5224609375,-1.6416015625,
0.308,3.3232421875,-2.8828125,-1.1611328125,
0.3085,3.0830078125,-3.04296875,-0.640625,
0.309,2.642578125,-2.962890625,0,
0.3095,1.9619140625,-2.8828125,0.640625,
0.31,1.3212890625,-2.9228515625,1.521484375,
0.3105,0.7607421875,-2.8828125,2.162109375,
0.311,0.3603515625,-2.8828125,2.5625,
0.3115,-0.16015625,-2.5625,2.8427734375,
0.312,-0.720703125,-1.9619140625,2.8828125,
0.3125,-1.44140625,-1.28125,3.0830078125,
0.313,-2.2421875,-0.640625,3.283203125,
0.3135,-2.642578125,-0.240234375,3.3232421875,
0.314,-2.9228515625,0.2001953125,3.2431640625,
0.3145,-2.962890625,0.560546875,2.8828125,
0.315,-2.962890625,1.0810546875,2.322265625,
0.3155,-3.0830078125,1.681640625,1.76171875,
0.316,-3.203125,2.2421875,1.2412109375,
0.3165,-3.2431640625,2.6826171875,0.720703125,
0.317,-3.1630859375,2.8427734375,0.2802734375,
0.3175,-2.6826171875,2.802734375,-0.3603515625,
0.318,-2.1220703125,2.802734375,-1.041015625,
0.3185,-1.4814453125,2.8427734375,-1.921875,
0.319,-1.0009765625,2.802734375,-2.5224609375,
0.3195,-0.6005859375,2.802734375,-3.04296875,
0.32,0,2.40234375,-3.36328125,
0.3205,0.6005859375,1.8818359375,-3.443359375,
0.321,1.4013671875,1.28125,-3.7236328125,
0.3215,2.2021484375,0.640625,-3.923828125,
0.322,2.642578125,0.240234375,-4.00390625,
0.3225,2.9228515625,-0.2802734375,-3.8837890625,
0.323,3.0029296875,-0.720703125,-3.443359375,
0.3235,3.04296875,-1.3212890625,-2.8427734375,
0.324,3.203125,-2.0419921875,-2.2021484375,
0.3245,3.3232421875,-2.5625,-1.6015625,
0.325,3.3232421875,-2.9228515625,-1.12109375,
0.3255,3.0029296875,-3.0029296875,-0.6005859375,
0.326,2.4423828125,-2.9228515625,0.1201171875,
0.3265,1.841796875,-3.04296875,0.9609375,
0.327,1.1611328125,-3.0830078125,1.841796875,
0.3275,0.6806640625,-3.0029296875,2.3623046875,
0.328,0.240234375,-2.8828125,2.72265625,
0.3285,-0.400390625,-2.2822265625,2.8828125,
0.329,-1.1611328125,-1.5615234375,3.04296875,
0.3295,-1.9619140625,-1.0009765625,3.283203125,
0.33,-2.5625,-0.400390625,3.36328125,
0.3305,-2.8828125,0,3.36328125,
0.331,-3.0029296875,0.48046875,3.04296875,
0.3315,-2.962890625,0.9208984375,2.5224609375,
0.332,-3.0830078125,1.521484375,1.921875,
0.3325,-3.203125,2.2021484375,1.28125,
0.333,-3.203125,2.5224609375,0.80078125,
0.3335,-3.1630859375,2.802734375,0.3203125,
0.334,-2.7626953125,2.802734375,-0.2802734375,
0.3345,-2.162109375,2.6826171875,-0.9208984375,
0.335,-1.6015625,2.7626953125,-1.7216796875,
0.3355,-1.0009765625,2.72265625,-2.4423828125,
0.336,-0.640625,2.6826171875,-2.9228515625,
0.3365,-0.16015625,2.482421875,-3.203125,
0.337,0.4404296875,1.9619140625,-3.36328125,
0.3375,1.2412109375,1.3212890625,-3.5634765625,
0.338,1.921875,0.7607421875,-3.8037109375,
0.3385,2.482421875,0.2802734375,-3.8037109375,
0.339,2.8427734375,-0.16015625,-3.84375,
0.3395,2.8828125,-0.560546875,-3.4833984375,
0.34,2.8828125,-1.041015625,-2.962890625,
0.3405,3.0830078125,-1.681640625,-2.4423828125,
0.341,3.203125,-2.2822265625,-1.8017578125,
0.3415,3.2431640625,-2.6826171875,-1.3212890625,
0.342,3.123046875,-2.8828125,-0.8408203125,
0.3425,2.6826171875,-2.8828125,-0.3203125,
0.343,2.0419921875,-2.8828125,0.5205078125,
0.3435,1.521484375,-3.04296875,1.28125,
0.344,0.9609375,-2.962890625,1.9619140625,
0.3445,0.560546875,-2.9228515625,2.482421875,
0.345,0.0400390625,-2.5224609375,2.6826171875,
0.3455,-0.640625,-1.9619140625,2.8828125,
0.346,-1.4814453125,-1.3212890625,3.123046875,
0.3465,-2.162109375,-0.7607421875,3.3232421875,
0.347,-2.6025390625,-0.3203125,3.3232421875,
0.3475,-2.8828125,0.1201171875,3.2431640625,
0.348,-2.9228515625,0.6005859375,2.802734375,
0.3485,-2.962890625,1.1611328125,2.2421875,
0.349,-3.1630859375,1.841796875,1.6416015625,
0.3495,-3.2431640625,2.40234375,1.0810546875,
0.35,-3.2431640625,2.6826171875,0.6005859375,
0.3505,-2.962890625,2.802734375,0.1201171875,
0.351,-2.482421875,2.72265625,-0.560546875,
0.3515,-1.841796875,2.802734375,-1.4013671875,
0.352,-1.28125,2.802734375,-2.2021484375,
0.3525,-0.7607421875,2.802734375,-2.7626953125,
0.353,-0.3603515625,2.72265625,-3.203125,
0.3535,0.2802734375,2.162109375,-3.3232421875,
0.354,0.9609375,1.5615234375,-3.4833984375,
0.3545,1.76171875,0.9609375,-3.763671875,
0.355,2.40234375,0.4404296875,-3.8837890625,
0.3555,2.72265625,0.0400390625,-3.84375,
0.356,2.8828125,-0.4404296875,-3.603515625,
0.3565,2.9228515625,-0.9609375,-3.123046875,
0.357,2.962890625,-1.5615234375,-2.482421875,
0.3575,3.1630859375,-2.1220703125,-1.9619140625,
0.358,3.203125,-2.6025390625,-1.4013671875,
0.3585,3.1630859375,-2.8828125,-0.9609375,
0.359,2.72265625,-2.8828125,-0.3603515625,
0.3595,2.2021484375,-2.8828125,0.2802734375,
0.36,1.5615234375,-2.962890625,1.1611328125,
0.3605,1.041015625,-2.8828125,1.8017578125,
0.361,0.6005859375,-2.8427734375,2.322265625,
0.3615,0.2001953125,-2.642578125,2.6826171875,
0.362,-0.48046875,-2.08203125,2.802734375,
0.3625,-1.1611328125,-1.44140625,2.962890625,
0.363,-1.921875,-0.9208984375,3.203125,
0.3635,-2.4423828125,-0.4404296875,3.2431640625,
0.364,-2.7626953125,0,3.283203125,
0.3645,-2.8427734375,0.400390625,2.9228515625,
0.365,-2.8828125,0.880859375,2.482421875,
0.3655,-3.04296875,1.521484375,1.921875,
0.366,-3.1630859375,2.0419921875,1.361328125,
0.3665,-3.203125,2.5224609375,0.880859375,
0.367,-3.1630859375,2.6826171875,0.400390625,
0.3675,-2.6826171875,2.6826171875,-0.2001953125,
0.368,-2.162109375,2.6826171875,-0.9208984375,
0.3685,-1.6015625,2.8427734375,-1.681640625,
0.369,-1.12109375,2.802734375,-2.3623046875,
0.3695,-0.640625,2.7626953125,-2.8828125,
0.37,-0.2001953125,2.482421875,-3.1630859375,
0.3705,0.48046875,1.921875,-3.36328125,
0.371,1.28125,1.28125,-3.5634765625,
0.3715,1.9619140625,0.7607421875,-3.8037109375,
0.372,2.482421875,0.3203125,-3.84375,
0.3725,2.802734375,-0.1201171875,-3.84375,
0.373,2.802734375,-0.640625,-3.36328125,
0.3735,2.8828125,-1.1611328125,-2.8427734375,
0.374,3.0830078125,-1.8818359375,-2.2421875,
0.3745,3.1630859375,-2.3623046875,-1.681640625,
0.375,3.1630859375,-2.7626953125,-1.2412109375,
0.3755,2.962890625,-2.8828125,-0.6806640625,
0.376,2.40234375,-2.8828125,0,
0.3765,1.8818359375,-2.8828125,0.7607421875,
0.377,1.28125,-2.9228515625,1.5615234375,
0.3775,0.8408203125,-2.8828125,2.162109375,
0.378,0.400390625,-2.7626953125,2.5625,
0.3785,-0.16015625,-2.2822265625,2.6826171875,
0.379,-0.880859375,-1.7216796875,2.8828125,
0.3795,-1.7216796875,-1.0810546875,3.1630859375,
0.38,-2.2822265625,-0.6005859375,3.2431640625,
0.3805,-2.6826171875,-0.16015625,3.2431640625,
0.381,-2.8828125,0.2802734375,3.123046875,
0.3815,-2.8828125,0.7607421875,2.5625,
0.382,-2.962890625,1.28125,2.0419921875,
0.3825,-3.1630859375,1.921875,1.4814453125,
0.383,-3.203125,2.3623046875,0.9609375,
0.3835,-3.1630859375,2.6025390625,0.5205078125,
0.384,-2.8427734375,2.6025390625,0,
0.3845,-2.2822265625,2.6826171875,-0.6806640625,
0.385,-1.681640625,2.72265625,-1.4814453125,
0.3855,-1.201171875,2.7626953125,-2.162109375,
0.386,-0.720703125,2.72265625,-2.72265625,
0.3865,-0.3603515625,2.6025390625,-3.0830078125,
0.387,0.2802734375,2.0419921875,-3.203125,
0.3875,0.9609375,1.521484375,-3.4033203125,
0.388,1.76171875,0.9208984375,-3.68359375,
0.3885,2.2421875,0.48046875,-3.8037109375,
0.389,2.6025390625,0.080078125,-3.8037109375,
0.3895,2.7626953125,-0.400390625,-3.5234375,
0.39,2.8427734375,-0.9208984375,-3.0029296875,
0.3905,2.9228515625,-1.521484375,-2.482421875,
0.391,3.123046875,-2.1220703125,-1.9619140625,
0.3915,3.203125,-2.6025390625,-1.44140625,
0.392,3.0830078125,-2.8828125,-1.0009765625,
0.3925,2.6826171875,-2.7626953125,-0.400390625,
0.393,2.2021484375,-2.8427734375,0.2802734375,
0.3935,1.5615234375,-2.9228515625,1.1611328125,
0.394,1.12109375,-2.8828125,1.76171875,
0.3945,0.6806640625,-2.8828125,2.2822265625,
0.395,0.240234375,-2.6025390625,2.6025390625,
0.3955,-0.5205078125,-2.001953125,2.802734375,
0.396,-1.28125,-1.44140625,3.04296875,
0.3965,-2.001953125,-0.8408203125,3.2431640625,
0.397,-2.5224609375,-0.4404296875,3.36328125,
0.3975,-2.8427734375,0,3.2431640625,
0.398,-2.8828125,0.48046875,2.8427734375,
0.3985,-2.962890625,1.0810546875,2.3623046875,
0.399,-3.123046875,1.76171875,1.681640625,
0.3995,-3.203125,2.2421875,1.201171875,
0.4,-3.2431640625,2.6025390625,0.6806640625,
0.4005,-3.0830078125,2.802734375,0.2001953125,
0.401,-2.5224609375,2.6826171875,-0.48046875,
0.4015,-1.9619140625,2.802734375,-1.28125,
0.402,-1.28125,2.8427734375,-2.08203125,
0.4025,-0.8408203125,2.8427734375,-2.642578125,
0.403,-0.400390625,2.642578125,-3.0830078125,
0.4035,0.1201171875,2.2421875,-3.2431640625,
0.404,0.880859375,1.5615234375,-3.4033203125,
0.4045,1.6416015625,1.0009765625,-3.68359375,
0.405,2.2421875,0.48046875,-3.763671875,
0.4055,2.642578125,0.1201171875,-3.84375,
0.406,2.8427734375,-0.3603515625,-3.603515625,
0.4065,2.802734375,-0.8408203125,-3.0830078125,
0.407,2.8828125,-1.4013671875,-2.6025390625,
0.4075,3.04296875,-2.08203125,-1.9619140625,
0.408,3.123046875,-2.482421875,-1.5615234375,
0.4085,3.04296875,-2.72265625,-1.0009765625,
0.409,2.7626953125,-2.7626953125,-0.560546875,
0.4095,2.2421875,-2.72265625,0.16015625,
0.41,1.7216796875,-2.8427734375,0.9208984375,
0.4105,1.1611328125,-2.8427734375,1.6015625,
0.411,0.7607421875,-2.8427734375,2.162109375,
0.4115,0.3203125,-2.642578125,2.482421875,
0.412,-0.2001953125,-2.2021484375,2.6826171875,
0.4125,-0.9208984375,-1.6416015625,2.8828125,
0.413,-1.681640625,-1.041015625,3.1630859375,
0.4135,-2.2421875,-0.6005859375,3.203125,
0.414,-2.642578125,-0.2001953125,3.283203125,
0.4145,-2.8427734375,0.2802734375,3.04296875,
0.415,-2.8427734375,0.720703125,2.5224609375,
0.4155,-3.04296875,1.28125,2.08203125,
0.416,-3.203125,1.9619140625,1.44140625,
0.4165,-3.2431640625,2.4423828125,1.0009765625,
0.417,-3.203125,2.6826171875,0.5205078125,
0.4175,-2.8427734375,2.72265625,0,
0.418,-2.2822265625,2.802734375,-0.80078125,
0.4185,-1.6416015625,2.8427734375,-1.681640625,
0.419,-1.1611328125,2.8427734375,-2.3623046875,
0.4195,-0.720703125,2.8828125,-2.9228515625,
0.42,-0.2001953125,2.5224609375,-3.203125,
0.4205,0.5205078125,1.9619140625,-3.36328125,
0.421,1.3212890625,1.4013671875,-3.68359375,
0.4215,2.162109375,0.720703125,-3.8837890625,
0.422,2.5625,0.2802734375,-3.923828125,
0.4225,2.8828125,-0.2001953125,-3.8037109375,
0.423,2.9228515625,-0.6806640625,-3.4033203125,
0.4235,2.9228515625,-1.3212890625,-2.72265625,
0.424,3.123046875,-2.001953125,-2.2021484375,
0.4245,3.203125,-2.5625,-1.6015625,
0.425,3.2431640625,-2.802734375,-1.12109375,
0.4255,2.9228515625,-2.8828125,-0.6005859375,
0.426,2.40234375,-2.8427734375,0.080078125,
0.4265,1.76171875,-2.8828125,0.9208984375,
0.427,1.201171875,-2.9228515625,1.681640625,
0.4275,0.6806640625,-2.8427734375,2.2021484375,
0.428,0.3203125,-2.72265625,2.6025390625,
0.4285,-0.2802734375,-2.2822265625,2.802734375,
0.429,-0.9609375,-1.6015625,2.8427734375,
0.4295,-1.681640625,-1.041015625,3.123046875,
0.43,-2.322265625,-0.5205078125,3.2431640625,
0.4305,-2.72265625,-0.16015625,3.2431640625,
0.431,-2.8828125,0.2802734375,3.04296875,
0.4315,-2.8828125,0.640625,2.6025390625,
0.432,-2.962890625,1.2412109375,2.0419921875,
0.4325,-3.123046875,1.921875,1.521484375,
0.433,-3.1630859375,2.3623046875,1.0009765625,
0.4335,-3.203125,2.6826171875,0.560546875,
0.434,-2.8828125,2.6826171875,0.0400390625,
0.4345,-2.3623046875,2.6826171875,-0.640625,
0.435,-1.841796875,2.802734375,-1.361328125,
0.4355,-1.28125,2.802734375,-2.162109375,
0.436,-0.8408203125,2.802734375,-2.642578125,
0.4365,-0.400390625,2.642578125,-3.123046875,
0.437,0.2001953125,2.2421875,-3.283203125,
0.4375,0.9609375,1.5615234375,-3.4833984375,
0.438,1.7216796875,1.0009765625,-3.8037109375,
0.4385,2.322265625,0.48046875,-3.8837890625,
0.439,2.72265625,0.080078125,-3.923828125,
0.4395,2.8427734375,-0.4404296875,-3.5634765625,
0.44,2.8828125,-1.0009765625,-3.1630859375,
0.4405,3.123046875,-1.6015625,-2.5625,
0.441,3.2431640625,-2.2421875,-1.9619140625,
0.4415,3.283203125,-2.642578125,-1.4013671875,
0.442,3.1630859375,-2.9228515625,-0.9208984375,
0.4425,2.72265625,-2.9228515625,-0.3203125,
0.443,2.08203125,-2.8828125,0.48046875,
0.4435,1.5615234375,-3.04296875,1.3212890625,
0.444,0.9609375,-3.0029296875,2.0419921875,
0.4445,0.560546875,-2.9228515625,2.5224609375,
0.445,0,-2.5625,2.802734375,
0.4455,-0.6806640625,-1.9619140625,2.9228515625,
0.446,-1.6015625,-1.2412109375,3.1630859375,
0.4465,-2.2822265625,-0.6806640625,3.3232421875,
0.447,-2.72265625,-0.240234375,3.3232421875,
0.4475,-3.0029296875,0.16015625,3.2431640625,
0.448,-3.0029296875,0.640625,2.72265625,
0.4485,-2.962890625,1.2412109375,2.162109375,
0.449,-3.1630859375,1.8818359375,1.5615234375,
0.4495,-3.203125,2.40234375,1.0009765625,
0.45,-3.203125,2.6826171875,0.560546875,
0.4505,-2.9228515625,2.802734375,0.0400390625,
0.451,-2.4423828125,2.72265625,-0.6005859375,
0.4515,-1.8017578125,2.6826171875,-1.361328125,
0.452,-1.28125,2.7626953125,-2.08203125,
0.4525,-0.720703125,2.72265625,-2.72265625,
0.453,-0.3603515625,2.6826171875,-3.1630859375,
0.4535,0.240234375,2.2021484375,-3.283203125,
0.454,0.8408203125,1.6015625,-3.443359375,
0.4545,1.6416015625,0.9609375,-3.68359375,
0.455,2.2421875,0.48046875,-3.84375,
0.4555,2.642578125,0.0400390625,-3.8837890625,
0.456,2.8828125,-0.400390625,-3.7236328125,
0.4565,2.8828125,-0.80078125,-3.203125,
0.457,2.962890625,-1.4013671875,-2.642578125,
0.4575,3.1630859375,-2.001953125,-2.1220703125,
0.458,3.2431640625,-2.5625,-1.5615234375,
0.4585,3.203125,-2.8427734375,-1.12109375,
0.459,2.8828125,-2.8828125,-0.560546875,
0.4595,2.40234375,-2.8828125,0.1201171875,
0.46,1.76171875,-2.962890625,1.041015625,
0.4605,1.2412109375,-2.962890625,1.76171875,
0.461,0.720703125,-2.962890625,2.322265625,
0.4615,0.3203125,-2.8427734375,2.72265625,
0.462,-0.3603515625,-2.2822265625,2.8828125,
0.4625,-1.1611328125,-1.6015625,3.123046875,
0.463,-1.9619140625,-1.0009765625,3.36328125,
0.4635,-2.5625,-0.5205078125,3.4833984375,
0.464,-2.962890625,0,3.443359375,
0.4645,-3.0830078125,0.48046875,3.123046875,
0.465,-3.123046875,1.041015625,2.5625,
0.4655,-3.203125,1.76171875,1.841796875,
0.466,-3.36328125,2.322265625,1.28125,
0.4665,-3.36328125,2.802734375,0.6806640625,
0.467,-3.283203125,3.0029296875,0.240234375,
0.4675,-2.6826171875,2.8828125,-0.5205078125,
0.468,-2.0419921875,2.8427734375,-1.2412109375,
0.4685,-1.3212890625,2.962890625,-2.2421875,
0.469,-0.80078125,2.8828125,-2.7626953125,
0.4695,-0.3203125,2.72265625,-3.2431640625,
0.47,0.240234375,2.40234375,-3.5234375,
0.4705,0.9609375,1.7216796875,-3.603515625,
0.471,1.7216796875,0.9609375,-3.763671875,
0.4715,2.40234375,0.3603515625,-3.8837890625,
0.472,2.8427734375,-0.16015625,-3.9638671875,
0.4725,3.04296875,-0.48046875,-3.8037109375,
0.473,3.04296875,-0.9208984375,-3.2431640625,
0.4735,3.04296875,-1.44140625,-2.642578125,
0.474,3.1630859375,-2.1220703125,-1.9619140625,
0.4745,3.203125,-2.5625,-1.4814453125,
0.475,3.1630859375,-2.8828125,-0.9609375,
0.4755,2.962890625,-3.0029296875,-0.5205078125,
0.476,2.3623046875,-2.8828125,0.16015625,
0.4765,1.76171875,-2.8828125,0.9208984375,
0.477,1.12109375,-2.9228515625,1.76171875,
0.4775,0.720703125,-2.8828125,2.2822265625,
0.478,0.2802734375,-2.72265625,2.6826171875,
0.4785,-0.2802734375,-2.3623046875,2.8427734375,
0.479,-0.9609375,-1.8017578125,3.04296875,
0.4795,-1.76171875,-1.0810546875,3.2431640625,
0.48,-2.40234375,-0.640625,3.36328125,
0.4805,-2.8427734375,-0.1201171875,3.443359375,
0.481,-3.0830078125,0.3203125,3.3232421875,
0.4815,-3.0830078125,0.80078125,2.72265625,
0.482,-3.1630859375,1.3212890625,2.2421875,
0.4825,-3.3232421875,2.08203125,1.5615234375,
0.483,-3.4033203125,2.5625,1.041015625,
0.4835,-3.3232421875,2.8828125,0.48046875,
0.484,-3.0830078125,2.962890625,0,
0.4845,-2.482421875,2.8828125,-0.7607421875,
0.485,-1.8017578125,2.9228515625,-1.6416015625,
0.4855,-1.1611328125,2.962890625,-2.4423828125,
0.486,-0.6806640625,2.962890625,-3.04296875,
0.4865,-0.2001953125,2.72265625,-3.4033203125,
0.487,0.48046875,2.08203125,-3.5634765625,
0.4875,1.28125,1.4013671875,-3.7236328125,
0.488,2.2021484375,0.6806640625,-4.00390625,
0.4885,2.6826171875,0.240234375,-4.0439453125,
0.489,3.0830078125,-0.2802734375,-3.9638671875,
0.4895,3.1630859375,-0.640625,-3.6435546875,
0.49,3.123046875,-1.28125,-2.9228515625,
0.4905,3.1630859375,-1.8818359375,-2.2822265625,
0.491,3.3232421875,-2.5625,-1.6416015625,
0.4915,3.3232421875,-2.8828125,-1.1611328125,
0.492,3.0830078125,-3.04296875,-0.640625,
0.4925,2.5625,-2.9228515625,0,
0.493,1.921875,-2.9228515625,0.7607421875,
0.4935,1.28125,-2.9228515625,1.6416015625,
0.494,0.720703125,-2.8828125,2.2021484375,
0.4945,0.3203125,-2.802734375,2.6826171875,
0.495,-0.16015625,-2.5224609375,2.8828125,
0.4955,-0.80078125,-1.841796875,2.9228515625,
0.496,-1.5615234375,-1.28125,3.123046875,
0.4965,-2.2822265625,-0.6005859375,3.3232421875,
0.497,-2.6826171875,-0.2001953125,3.3232421875,
0.4975,-2.962890625,0.2802734375,3.203125,
0.498,-3.0029296875,0.6005859375,2.8828125,
0.4985,-3.0029296875,1.1611328125,2.2822265625,
0.499,-3.123046875,1.76171875,1.7216796875,
0.4995,-3.203125,2.2822265625,1.201171875,
0.5,-3.283203125,2.6826171875,0.6806640625,
0.5005,-3.123046875,2.8427734375,0.240234375,
0.501,-2.6025390625,2.802734375,-0.400390625,
0.5015,-2.08203125,2.802734375,-1.12109375,
0.502,-1.44140625,2.8427734375,-1.9619140625,
0.5025,-1.0009765625,2.8427734375,-2.5625,
0.503,-0.5205078125,2.72265625,-3.0830078125,
0.5035,0,2.40234375,-3.3232421875,
0.504,0.640625,1.76171875,-3.4833984375,
0.5045,1.4814453125,1.2412109375,-3.763671875,
0.505,2.2421875,0.6005859375,-3.923828125,
0.5055,2.6826171875,0.2001953125,-4.00390625,
0.506,2.9228515625,-0.3203125,-3.84375,
0.5065,3.0029296875,-0.7607421875,-3.36328125,
0.507,3.0830078125,-1.361328125,-2.7626953125,
0.5075,3.203125,-2.08203125,-2.162109375,
0.508,3.3232421875,-2.5625,-1.6015625,
0.5085,3.283203125,-2.9228515625,-1.0810546875,
0.509,2.962890625,-2.962890625,-0.560546875,
0.5095,2.3623046875,-2.8828125,0.2001953125,
0.51,1.76171875,-2.962890625,1.0009765625,
0.5105,1.12109375,-3.04296875,1.8818359375,
0.511,0.6806640625,-3.0029296875,2.3623046875,
0.5115,0.240234375,-2.7626953125,2.72265625,
0.512,-0.400390625,-2.2822265625,2.8828125,
0.5125,-1.2412109375,-1.521484375,3.04296875,
0.513,-1.9619140625,-0.9208984375,3.2431640625,
0.5135,-2.5625,-0.3603515625,3.3232421875,
0.514,-2.8828125,0.0400390625,3.3232421875,
0.5145,-2.962890625,0.48046875,3.0029296875,
0.515,-2.9228515625,0.9609375,2.482421875,
0.5155,-3.0830078125,1.5615234375,1.921875,
0.516,-3.203125,2.2021484375,1.2412109375,
0.5165,-3.203125,2.5625,0.80078125,
0.517,-3.1630859375,2.8427734375,0.2802734375,
0.5175,-2.72265625,2.7626953125,-0.2802734375,
0.518,-2.08203125,2.6826171875,-1.0009765625,
0.5185,-1.5615234375,2.802734375,-1.8017578125,
0.519,-0.9609375,2.7626953125,-2.5224609375,
0.5195,-0.6005859375,2.6826171875,-2.962890625,
0.52,-0.1201171875,2.40234375,-3.2431640625,
0.5205,0.5205078125,1.921875,-3.36328125,
0.521,1.28125,1.28125,-3.5634765625,
0.5215,2.0419921875,0.720703125,-3.8037109375,
0.522,2.5224609375,0.2802734375,-3.8837890625,
0.5225,2.8427734375,-0.16015625,-3.8837890625,
0.523,2.8828125,-0.6005859375,-3.4833984375,
0.5235,2.9228515625,-1.1611328125,-2.8828125,
0.524,3.123046875,-1.7216796875,-2.40234375,
0.5245,3.2431640625,-2.4423828125,-1.76171875,
0.525,3.283203125,-2.72265625,-1.3212890625,
0.5255,3.123046875,-2.962890625,-0.7607421875,
0.526,2.642578125,-2.8828125,-0.240234375,
0.5265,2.001953125,-2.8828125,0.640625,
0.527,1.44140625,-3.04296875,1.4013671875,
0.5275,0.9208984375,-2.962890625,2.08203125,
0.528,0.5205078125,-2.9228515625,2.5625,
0.5285,0,-2.4423828125,2.72265625,
0.529,-0.720703125,-1.841796875,2.8828125,
0.5295,-1.5615234375,-1.2412109375,3.1630859375,
0.53,-2.2822265625,-0.640625,3.3232421875,
0.5305,-2.642578125,-0.2802734375,3.3232421875,
0.531,-2.9228515625,0.240234375,3.203125,
0.5315,-2.9228515625,0.640625,2.7626953125,
0.532,-2.962890625,1.2412109375,2.162109375,
0.5325,-3.203125,1.841796875,1.6015625,
0.533,-3.2431640625,2.40234375,1.041015625,
0.5335,-3.203125,2.6826171875,0.6005859375,
0.534,-2.8828125,2.7626953125,0.0400390625,
0.5345,-2.4423828125,2.72265625,-0.6005859375,
0.535,-1.8017578125,2.72265625,-1.4013671875,
0.5355,-1.28125,2.72265625,-2.1220703125,
0.536,-0.80078125,2.6826171875,-2.72265625,
0.5365,-0.3603515625,2.6826171875,-3.1630859375,
0.537,0.240234375,2.162109375,-3.283203125,
0.5375,0.9609375,1.5615234375,-3.443359375,
0.538,1.7216796875,0.9609375,-3.7236328125,
0.5385,2.3623046875,0.4404296875,-3.84375,
0.539,2.6826171875,0.080078125,-3.8837890625,
0.5395,2.8427734375,-0.400390625,-3.5634765625,
0.54,2.8828125,-0.8408203125,-3.1630859375,
0.5405,2.962890625,-1.4814453125,-2.5224609375,
0.541,3.1630859375,-2.1220703125,-2.001953125,
0.5415,3.203125,-2.6025390625,-1.44140625,
0.542,3.1630859375,-2.8828125,-1.0009765625,
0.5425,2.6826171875,-2.8427734375,-0.400390625,
0.543,2.2021484375,-2.8828125,0.3203125,
0.5435,1.6015625,-2.962890625,1.1611328125,
0.544,1.0810546875,-2.962890625,1.841796875,
0.5445,0.6005859375,-2.8828125,2.322265625,
0.545,0.2001953125,-2.6025390625,2.6826171875,
0.5455,-0.5205078125,-2.08203125,2.8427734375,
0.546,-1.2412109375,-1.44140625,3.0029296875,
0.5465,-1.9619140625,-0.9208984375,3.203125,
0.547,-2.482421875,-0.400390625,3.283203125,
0.5475,-2.802734375,0,3.283203125,
0.548,-2.8427734375,0.48046875,2.8427734375,
0.5485,-2.8828125,0.9208984375,2.40234375,
0.549,-3.04296875,1.6015625,1.841796875,
0.5495,-3.203125,2.1220703125,1.28125,
0.55,-3.203125,2.5224609375,0.80078125,
0.5505,-3.0830078125,2.72265625,0.3203125,
0.551,-2.6025390625,2.6025390625,-0.2802734375,
0.5515,-2.08203125,2.642578125,-1.0009765625,
0.552,-1.5615234375,2.72265625,-1.8017578125,
0.5525,-1.0009765625,2.802734375,-2.4423828125,
0.553,-0.640625,2.72265625,-2.8828125,
0.5535,-0.1201171875,2.3623046875,-3.1630859375,
0.554,0.560546875,1.8818359375,-3.3232421875,
0.5545,1.361328125,1.2412109375,-3.5634765625,
0.555,1.9619140625,0.7607421875,-3.763671875,
0.5555,2.482421875,0.2802734375,-3.84375,
0.556,2.802734375,-0.16015625,-3.8037109375,
0.5565,2.802734375,-0.640625,-3.283203125,
0.557,2.8828125,-1.1611328125,-2.802734375,
0.5575,3.0830078125,-1.841796875,-2.2421875,
0.558,3.203125,-2.40234375,-1.681640625,
0.5585,3.1630859375,-2.6826171875,-1.2412109375,
0.559,2.9228515625,-2.8828125,-0.6806640625,
0.5595,2.482421875,-2.8427734375,0,
0.56,1.841796875,-2.9228515625,0.7607421875,
0.5605,1.3212890625,-2.9228515625,1.521484375,
0.561,0.80078125,-2.9228515625,2.162109375,
0.5615,0.4404296875,-2.8427734375,2.5224609375,
0.562,-0.2001953125,-2.2822265625,2.6826171875,
0.5625,-0.8408203125,-1.76171875,2.8828125,
0.563,-1.7216796875,-1.0810546875,3.1630859375,
0.5635,-2.2822265625,-0.640625,3.283203125,
0.564,-2.6826171875,-0.16015625,3.2431640625,
0.5645,-2.8828125,0.2802734375,3.123046875,
0.565,-2.8828125,0.7607421875,2.5625,
0.5655,-2.962890625,1.3212890625,2.0419921875,
0.566,-3.1630859375,1.9619140625,1.521484375,
0.5665,-3.2431640625,2.482421875,0.9609375,
0.567,-3.203125,2.6025390625,0.5205078125,
0.5675,-2.7626953125,2.6826171875,0,
0.568,-2.2822265625,2.642578125,-0.720703125,
0.5685,-1.6416015625,2.7626953125,-1.6015625,
0.569,-1.1611328125,2.7626953125,-2.2421875,
0.5695,-0.720703125,2.72265625,-2.7626953125,
0.57,-0.3203125,2.5625,-3.0830078125,
0.5705,0.3203125,1.9619140625,-3.203125,
0.571,1.041015625,1.44140625,-3.443359375,
0.5715,1.841796875,0.880859375,-3.7236328125,
0.572,2.322265625,0.4404296875,-3.8037109375,
0.5725,2.642578125,0.0400390625,-3.763671875,
0.573,2.7626953125,-0.48046875,-3.443359375,
0.5735,2.8427734375,-0.9609375,-2.962890625,
0.574,2.9228515625,-1.6015625,-2.40234375,
0.5745,3.123046875,-2.08203125,-1.921875,
0.575,3.1630859375,-2.6025390625,-1.361328125,
0.5755,3.04296875,-2.802734375,-0.9609375,
0.576,2.5625,-2.802734375,-0.3603515625,
0.5765,2.1220703125,-2.802734375,0.3603515625,
0.577,1.5615234375,-2.8828125,1.2412109375,
0.5775,1.0810546875,-2.8828125,1.841796875,
0.578,0.640625,-2.8427734375,2.2822265625,
0.5785,0.2001953125,-2.5625,2.5625,
0.579,-0.5205078125,-2.001953125,2.7626953125,
0.5795,-1.28125,-1.4013671875,3.04296875,
0.58,-1.9619140625,-0.8408203125,3.2431640625,
0.5805,-2.5224609375,-0.400390625,3.3232421875,
0.581,-2.802734375,0,3.2431640625,
0.5815,-2.8828125,0.5205078125,2.8427734375,
0.582,-2.962890625,1.041015625,2.3623046875,
0.5825,-3.1630859375,1.76171875,1.7216796875,
0.583,-3.2431640625,2.2421875,1.2412109375,
0.5835,-3.2431640625,2.6025390625,0.6806640625,
0.584,-3.0830078125,2.72265625,0.2001953125,
0.5845,-2.5224609375,2.72265625,-0.48046875,
0.585,-1.9619140625,2.802734375,-1.28125,
0.5855,-1.3212890625,2.8427734375,-2.08203125,
0.586,-0.880859375,2.8427734375,-2.642578125,
0.5865,-0.400390625,2.6826171875,-3.0830078125,
0.587,0.16015625,2.2421875,-3.2431640625,
0.5875,0.880859375,1.6015625,-3.443359375,
0.588,1.76171875,0.9609375,-3.7236328125,
0.5885,2.2822265625,0.48046875,-3.84375,
0.589,2.72265625,0.080078125,-3.8837890625,
0.5895,2.8427734375,-0.3603515625,-3.603515625,
0.59,2.8427734375,-0.880859375,-3.0830078125,
0.5905,2.9228515625,-1.44140625,-2.5625,
0.591,3.123046875,-2.2021484375,-1.9619140625,
0.5915,3.1630859375,-2.5625,-1.44140625,
0.592,3.04296875,-2.8427734375,-1.0009765625,
0.5925,2.72265625,-2.802734375,-0.48046875,
0.593,2.162109375,-2.72265625,0.240234375,
0.5935,1.6015625,-2.8427734375,1.041015625,
0.594,1.0810546875,-2.8427734375,1.7216796875,
0.5945,0.6806640625,-2.8427734375,2.2421875,
0.595,0.2802734375,-2.6025390625,2.5224609375,
0.5955,-0.3203125,-2.1220703125,2.6826171875,
0.596,-1.0009765625,-1.5615234375,2.8828125,
0.5965,-1.841796875,-0.9609375,3.1630859375,
0.597,-2.2822265625,-0.5205078125,3.203125,
0.5975,-2.6826171875,-0.16015625,3.203125,
0.598,-2.802734375,0.2802734375,3.0029296875,
0.5985,-2.8427734375,0.80078125,2.482421875,
0.599,-2.962890625,1.361328125,1.9619140625,
0.5995,-3.1630859375,1.9619140625,1.44140625,
0.6,-3.2431640625,2.40234375,0.9609375,
0.6005,-3.1630859375,2.642578125,0.5205078125,
0.601,-2.72265625,2.6826171875,-0.1201171875,
0.6015,-2.2822265625,2.72265625,-0.80078125,
0.602,-1.6416015625,2.802734375,-1.6416015625,
0.6025,-1.1611328125,2.802734375,-2.2822265625,
0.603,-0.720703125,2.8427734375,-2.8828125,
0.6035,-0.2802734375,2.5224609375,-3.1630859375,
0.604,0.4404296875,1.921875,-3.283203125,
0.6045,1.2412109375,1.4013671875,-3.603515625,
0.605,2.0419921875,0.7607421875,-3.84375,
0.6055,2.5224609375,0.3603515625,-3.923828125,
0.606,2.802734375,-0.16015625,-3.84375,
0.6065,2.8828125,-0.640625,-3.443359375,
0.607,2.9228515625,-1.28125,-2.802734375,
0.6075,3.1630859375,-1.9619140625,-2.2822265625,
0.608,3.2431640625,-2.5224609375,-1.6416015625,
0.6085,3.283203125,-2.8427734375,-1.1611328125,
0.609,2.962890625,-2.8828125,-0.640625,
0.6095,2.40234375,-2.8828125,0.0400390625,
0.61,1.841796875,-2.9228515625,0.880859375,
0.6105,1.201171875,-2.962890625,1.7216796875,
0.611,0.6806640625,-2.8828125,2.2421875,
0.6115,0.2802734375,-2.7626953125,2.6826171875,
0.612,-0.3203125,-2.2822265625,2.802734375,
0.6125,-1.0009765625,-1.6015625,2.8828125,
0.613,-1.8017578125,-1.0009765625,3.1630859375,
0.6135,-2.4423828125,-0.4404296875,3.2431640625,
0.614,-2.7626953125,0,3.283203125,
0.6145,-2.8828125,0.3603515625,3.04296875,
0.615,-2.8828125,0.80078125,2.5224609375,
0.6155,-2.962890625,1.3212890625,1.9619140625,
0.616,-3.1630859375,1.9619140625,1.3212890625,
0.6165,-3.203125,2.40234375,0.9208984375,
0.617,-3.1630859375,2.72265625,0.4404296875,
0.6175,-2.802734375,2.72265625,0,
0.618,-2.2421875,2.642578125,-0.7607421875,
0.6185,-1.681640625,2.7626953125,-1.521484375,
0.619,-1.12109375,2.7626953125,-2.2822265625,
0.6195,-0.720703125,2.72265625,-2.7626953125,
0.62,-0.3203125,2.5224609375,-3.1630859375,
0.6205,0.2802734375,2.1220703125,-3.283203125,
0.621,1.0009765625,1.44140625,-3.5234375,
0.6215,1.8017578125,0.9208984375,-3.7236328125,
0.622,2.3623046875,0.4404296875,-3.84375,
0.6225,2.802734375,0,-3.8837890625,
0.623,2.8427734375,-0.5205078125,-3.5634765625,
0.6235,2.9228515625,-1.0009765625,-3.0830078125,
0.624,3.04296875,-1.6416015625,-2.5625,
0.6245,3.2431640625,-2.2822265625,-1.8818359375,
0.625,3.3232421875,-2.6826171875,-1.44140625,
0.6255,3.1630859375,-2.9228515625,-0.880859375,
0.626,2.72265625,-2.9228515625,-0.3203125,
0.6265,2.08203125,-2.8828125,0.48046875,
0.627,1.521484375,-3.0029296875,1.3212890625,
0.6275,0.9609375,-3.0029296875,2.0419921875,
0.628,0.560546875,-2.9228515625,2.5625,
0.6285,0,-2.5625,2.802734375,
0.629,-0.6806640625,-1.9619140625,2.962890625,
0.6295,-1.5615234375,-1.28125,3.1630859375,
0.63,-2.2822265625,-0.720703125,3.36328125,
0.6305,-2.72265625,-0.240234375,3.36328125,
0.631,-3.04296875,0.16015625,3.283203125,
0.6315,-3.0029296875,0.640625,2.802734375,
0.632,-3.04296875,1.2412109375,2.1220703125,
0.6325,-3.203125,1.921875,1.6015625,
0.633,-3.2431640625,2.482421875,1.0009765625,
0.6335,-3.2431640625,2.72265625,0.560546875,
0.634,-2.9228515625,2.8427734375,0,
0.6345,-2.4423828125,2.72265625,-0.640625,
0.635,-1.76171875,2.72265625,-1.44140625,
0.6355,-1.201171875,2.802734375,-2.2021484375,
0.636,-0.6806640625,2.72265625,-2.7626953125,
0.6365,-0.3203125,2.642578125,-3.203125,
0.637,0.2802734375,2.162109375,-3.283203125,
0.6375,0.9609375,1.5615234375,-3.443359375,
0.638,1.7216796875,0.9208984375,-3.68359375,
0.6385,2.3623046875,0.4404296875,-3.84375,
0.639,2.6826171875,0,-3.84375,
0.6395,2.8828125,-0.48046875,-3.603515625,
0.64,2.9228515625,-0.9208984375,-3.203125,
0.6405,2.9228515625,-1.44140625,-2.5625,
0.641,3.1630859375,-2.0419921875,-2.0419921875,
0.6415,3.203125,-2.5625,-1.4814453125,
0.642,3.203125,-2.8828125,-1.0009765625,
0.6425,2.8427734375,-2.8828125,-0.5205078125,
0.643,2.322265625,-2.8427734375,0.2001953125,
0.6435,1.76171875,-2.9228515625,1.0009765625,
0.644,1.1611328125,-2.9228515625,1.76171875,
0.6445,0.6806640625,-2.8828125,2.322265625,
0.645,0.2802734375,-2.7626953125,2.72265625,
0.6455,-0.3603515625,-2.2421875,2.8427734375,
0.646,-1.1611328125,-1.6015625,3.04296875,
0.6465,-1.9619140625,-1.0009765625,3.3232421875,
0.647,-2.6025390625,-0.5205078125,3.443359375,
0.6475,-2.9228515625,0,3.443359375,
0.648,-3.0830078125,0.400390625,3.04296875,
0.6485,-3.123046875,1.0009765625,2.5625,
0.649,-3.203125,1.7216796875,1.8818359375,
0.6495,-3.36328125,2.322265625,1.28125,
0.65,-3.4033203125,2.7626953125,0.720703125,
0.6505,-3.283203125,3.0029296875,0.240234375,
0.651,-2.72265625,2.9228515625,-0.48046875,
0.6515,-2.08203125,2.8828125,-1.28125,
0.652,-1.361328125,2.962890625,-2.162109375,
0.6525,-0.80078125,2.9228515625,-2.8427734375,
0.653,-0.3203125,2.7626953125,-3.2431640625,
0.6535,0.240234375,2.40234375,-3.5634765625,
0.654,0.9609375,1.681640625,-3.603515625,
0.6545,1.841796875,0.9609375,-3.8037109375,
0.655,2.482421875,0.3603515625,-3.923828125,
0.6555,2.9228515625,-0.16015625,-4.00390625,
0.656,3.1630859375,-0.560546875,-3.84375,
0.6565,3.0830078125,-1.0009765625,-3.203125,
0.657,3.0830078125,-1.521484375,-2.6025390625,
0.6575,3.1630859375,-2.2421875,-1.921875,
0.658,3.2431640625,-2.6826171875,-1.361328125,
0.6585,3.1630859375,-2.9228515625,-0.8408203125,
0.659,2.9228515625,-3.04296875,-0.400390625,
0.6595,2.2822265625,-2.8828125,0.2802734375,
0.66,1.6416015625,-2.8828125,1.0810546875,
0.6605,1.041015625,-2.8828125,1.841796875,
0.661,0.6005859375,-2.8427734375,2.40234375,
0.6615,0.16015625,-2.72265625,2.7626953125,
0.662,-0.3603515625,-2.2421875,2.9228515625,
0.6625,-1.041015625,-1.6015625,3.04296875,
0.663,-1.8818359375,-1.0009765625,3.203125,
0.6635,-2.4423828125,-0.5205078125,3.3232421875,
0.664,-2.8828125,0,3.3232421875,
0.6645,-3.0830078125,0.400390625,3.2431640625,
0.665,-3.04296875,0.880859375,2.6826171875,
0.6655,-3.0830078125,1.4013671875,2.1220703125,
0.666,-3.283203125,2.08203125,1.521484375,
0.6665,-3.36328125,2.5625,0.9609375,
0.667,-3.283203125,2.8427734375,0.5205078125,
0.6675,-3.0029296875,2.9228515625,0,
0.668,-2.4423828125,2.8427734375,-0.7607421875,
0.6685,-1.76171875,2.8828125,-1.6416015625,
0.669,-1.1611328125,2.8828125,-2.40234375,
0.6695,-0.6806640625,2.9228515625,-2.962890625,
0.67,-0.2802734375,2.72265625,-3.36328125,
0.6705,0.4404296875,2.162109375,-3.5234375,
0.671,1.201171875,1.44140625,-3.7236328125,
0.6715,2.1220703125,0.720703125,-3.9638671875,
0.672,2.642578125,0.2802734375,-4.1240234375,
0.6725,3.04296875,-0.2001953125,-4.00390625,
0.673,3.1630859375,-0.640625,-3.68359375,
0.6735,3.123046875,-1.2412109375,-2.962890625,
0.674,3.2431640625,-1.921875,-2.3623046875,
0.6745,3.36328125,-2.5625,-1.681640625,
0.675,3.4033203125,-2.962890625,-1.1611328125,
0.6755,3.1630859375,-3.0830078125,-0.640625,
0.676,2.5625,-3.0029296875,0.0400390625,
0.6765,1.921875,-2.962890625,0.80078125,
0.677,1.28125,-3.04296875,1.7216796875,
0.6775,0.6806640625,-2.9228515625,2.2822265625,
0.678,0.2802734375,-2.8427734375,2.72265625,
0.6785,-0.2802734375,-2.4423828125,2.962890625,
0.679,-0.9208984375,-1.76171875,3.0029296875,
0.6795,-1.681640625,-1.1611328125,3.1630859375,
0.68,-2.4423828125,-0.5205078125,3.3232421875,
0.6805,-2.8828125,0,3.36328125,
0.681,-3.04296875,0.3603515625,3.1630859375,
0.6815,-3.0830078125,0.7607421875,2.802734375,
0.682,-3.0029296875,1.28125,2.162109375,
0.6825,-3.123046875,1.921875,1.5615234375,
0.683,-3.203125,2.3623046875,1.041015625,
0.6835,-3.2431640625,2.72265625,0.560546875,
0.684,-3.04296875,2.8427734375,0.1201171875,
0.6845,-2.482421875,2.7626953125,-0.560546875,
0.685,-1.9619140625,2.7626953125,-1.2412109375,
0.6855,-1.3212890625,2.802734375,-2.08203125,
0.686,-0.880859375,2.802734375,-2.642578125,
0.6865,-0.4404296875,2.6826171875,-3.0830078125,
0.687,0.080078125,2.2822265625,-3.3232421875,
0.6875,0.720703125,1.681640625,-3.4833984375,
0.688,1.5615234375,1.0810546875,-3.7236328125,
0.6885,2.2421875,0.6005859375,-3.8837890625,
0.689,2.72265625,0.16015625,-4.00390625,
0.6895,2.9228515625,-0.3203125,-3.84375,
0.69,3.0029296875,-0.80078125,-3.36328125,
0.6905,3.123046875,-1.361328125,-2.8427734375,
0.691,3.2431640625,-2.08203125,-2.1220703125,
0.6915,3.3232421875,-2.6025390625,-1.6015625,
0.692,3.283203125,-2.9228515625,-1.0810546875,
0.6925,3.0029296875,-3.0029296875,-0.560546875,
0.693,2.40234375,-2.9228515625,0.2001953125,
0.6935,1.8017578125,-3.04296875,1.041015625,
0.694,1.12109375,-3.0830078125,1.8818359375,
0.6945,0.6806640625,-3.04296875,2.40234375,
0.695,0.240234375,-2.802734375,2.802734375,
0.6955,-0.400390625,-2.2822265625,2.962890625,
0.696,-1.2412109375,-1.6015625,3.0830078125,
0.6965,-2.0419921875,-0.9208984375,3.36328125,
0.697,-2.6025390625,-0.3603515625,3.36328125,
0.6975,-2.962890625,0.0400390625,3.4033203125,
0.698,-3.04296875,0.5205078125,3.0029296875,
0.6985,-2.962890625,1.0009765625,2.4423828125,
0.699,-3.123046875,1.6015625,1.8818359375,
0.6995,-3.2431640625,2.2822265625,1.201171875,
0.7,-3.283203125,2.642578125,0.720703125,
0.7005,-3.123046875,2.8427734375,0.240234375,
0.701,-2.6826171875,2.802734375,-0.3603515625,
0.7015,-2.001953125,2.6826171875,-1.041015625,
0.702,-1.44140625,2.802734375,-1.921875,
0.7025,-0.880859375,2.7626953125,-2.5625,
0.703,-0.5205078125,2.6826171875,-3.0830078125,
0.7035,0.0400390625,2.322265625,-3.2431640625,
0.704,0.6005859375,1.8017578125,-3.4033203125,
0.7045,1.361328125,1.2412109375,-3.5634765625,
0.705,2.08203125,0.640625,-3.8037109375,
0.7055,2.5625,0.2001953125,-3.84375,
0.706,2.8427734375,-0.240234375,-3.8037109375,
0.7065,2.9228515625,-0.640625,-3.443359375,
0.707,2.9228515625,-1.1611328125,-2.8427734375,
0.7075,3.0830078125,-1.76171875,-2.3623046875,
0.708,3.203125,-2.40234375,-1.7216796875,
0.7085,3.2431640625,-2.7626953125,-1.28125,
0.709,3.04296875,-2.8828125,-0.720703125,
0.7095,2.6025390625,-2.8828125,-0.2001953125,
0.71,1.9619140625,-2.8828125,0.6005859375,
0.7105,1.4013671875,-2.9228515625,1.44140625,
0.711,0.9208984375,-2.9228515625,2.0419921875,
0.7115,0.48046875,-2.9228515625,2.5625,
0.712,0,-2.5224609375,2.72265625,
0.7125,-0.720703125,-1.8818359375,2.8828125,
0.713,-1.5615234375,-1.28125,3.1630859375,
0.7135,-2.2421875,-0.6806640625,3.3232421875,
0.714,-2.6826171875,-0.2802734375,3.36328125,
0.7145,-2.9228515625,0.240234375,3.203125,
0.715,-2.962890625,0.640625,2.802734375,
0.7155,-3.0029296875,1.2412109375,2.162109375,
0.716,-3.203125,1.921875,1.6015625,
0.7165,-3.283203125,2.40234375,1.041015625,
0.717,-3.283203125,2.7626953125,0.560546875,
0.7175,-2.9228515625,2.7626953125,0.0400390625,
0.718,-2.4423828125,2.7626953125,-0.640625,
0.7185,-1.8017578125,2.8427734375,-1.4814453125,
0.719,-1.201171875,2.802734375,-2.2421875,
0.7195,-0.720703125,2.7626953125,-2.7626953125,
0.72,-0.3203125,2.6025390625,-3.203125,
0.7205,0.3203125,2.162109375,-3.36328125,
0.721,1.041015625,1.44140625,-3.4833984375,
0.7215,1.841796875,0.9609375,-3.763671875,
0.722,2.40234375,0.400390625,-3.8837890625,
0.7225,2.802734375,0.0400390625,-3.8837890625,
0.723,2.8828125,-0.5205078125,-3.5634765625,
0.7235,2.9228515625,-1.0009765625,-3.0830078125,
0.724,3.04296875,-1.6015625,-2.4423828125,
0.7245,3.1630859375,-2.2021484375,-1.8818359375,
0.725,3.203125,-2.642578125,-1.361328125,
0.7255,3.1630859375,-2.9228515625,-0.880859375,
0.726,2.6826171875,-2.8828125,-0.3203125,
0.7265,2.1220703125,-2.8427734375,0.4404296875,
0.727,1.521484375,-2.962890625,1.28125,
0.7275,0.9609375,-2.9228515625,1.921875,
0.728,0.560546875,-2.8828125,2.40234375,
0.7285,0.1201171875,-2.5625,2.72265625,
0.729,-0.6005859375,-2.001953125,2.8427734375,
0.7295,-1.3212890625,-1.3212890625,3.04296875,
0.73,-2.001953125,-0.80078125,3.203125,
0.7305,-2.5625,-0.3203125,3.283203125,
0.731,-2.8828125,0.080078125,3.3232421875,
0.7315,-2.8828125,0.560546875,2.8427734375,
0.732,-2.9228515625,1.0009765625,2.3623046875,
0.7325,-3.0830078125,1.6416015625,1.76171875,
0.733,-3.203125,2.2021484375,1.28125,
0.7335,-3.203125,2.5224609375,0.7607421875,
0.734,-3.0830078125,2.72265625,0.2802734375,
0.7345,-2.6025390625,2.6826171875,-0.3203125,
0.735,-2.001953125,2.6826171875,-1.041015625,
0.7355,-1.4814453125,2.72265625,-1.841796875,
0.736,-1.0009765625,2.72265625,-2.4423828125,
0.7365,-0.6005859375,2.7626953125,-2.9228515625,
0.737,0,2.3623046875,-3.1630859375,
0.7375,0.6005859375,1.841796875,-3.36328125,
0.738,1.4013671875,1.2412109375,-3.603515625,
0.7385,2.0419921875,0.7607421875,-3.84375,
0.739,2.5224609375,0.240234375,-3.84375,
0.7395,2.8427734375,-0.2001953125,-3.8037109375,
0.74,2.8427734375,-0.6806640625,-3.283203125,
0.7405,2.9228515625,-1.2412109375,-2.7626953125,
0.741,3.123046875,-1.8818359375,-2.2421875,
0.7415,3.203125,-2.4423828125,-1.6416015625,
0.742,3.203125,-2.7626953125,-1.1611328125,
0.7425,2.9228515625,-2.8828125,-0.640625,
0.743,2.40234375,-2.9228515625,0.0400390625,
0.7435,1.8017578125,-2.962890625,0.880859375,
0.744,1.2412109375,-3.0029296875,1.6015625,
0.7445,0.7607421875,-2.9228515625,2.2421875,
0.745,0.3203125,-2.8427734375,2.6826171875,
0.7455,-0.3203125,-2.2421875,2.802734375,
0.746,-1.0009765625,-1.6416015625,3.0029296875,
0.7465,-1.8818359375,-1.0009765625,3.203125,
0.747,-2.4423828125,-0.5205078125,3.3232421875,
0.7475,-2.7626953125,0,3.283203125,
0.748,-2.9228515625,0.3603515625,3.04296875,
0.7485,-2.9228515625,0.880859375,2.5224609375,
0.749,-3.0029296875,1.4814453125,1.921875,
0.7495,-3.1630859375,2.0419921875,1.361328125,
0.75,-3.203125,2.5224609375,0.880859375,
0.7505,-3.1630859375,2.72265625,0.400390625,
0.751,-2.72265625,2.6826171875,-0.2001953125,
0.7515,-2.2021484375,2.6826171875,-0.8408203125,
0.752,-1.5615234375,2.72265625,-1.76171875,
0.7525,-1.041015625,2.7626953125,-2.322265625,
0.753,-0.640625,2.6826171875,-2.8427734375,
0.7535,-0.2001953125,2.5224609375,-3.203125,
0.754,0.48046875,1.921875,-3.283203125,
0.7545,1.1611328125,1.3212890625,-3.5234375,
0.755,1.921875,0.7607421875,-3.7236328125,
0.7555,2.40234375,0.3203125,-3.84375,
0.756,2.72265625,0,-3.8037109375,
0.7565,2.802734375,-0.5205078125,-3.4033203125,
0.757,2.8427734375,-1.0009765625,-2.9228515625,
0.7575,2.962890625,-1.681640625,-2.322265625,
0.758,3.1630859375,-2.2021484375,-1.8818359375,
0.7585,3.1630859375,-2.6025390625,-1.3212890625,
0.759,3.0830078125,-2.8828125,-0.880859375,
0.7595,2.5625,-2.8427734375,-0.2802734375,
0.76,2.0419921875,-2.8828125,0.4404296875,
0.7605,1.4814453125,-2.8828125,1.28125,
0.761,1.0009765625,-2.8828125,1.921875,
0.7615,0.6005859375,-2.8427734375,2.40234375,
0.762,0.1201171875,-2.5625,2.6826171875,
0.7625,-0.6005859375,-1.9619140625,2.8427734375,
0.763,-1.4013671875,-1.3212890625,3.0830078125,
0.7635,-2.08203125,-0.80078125,3.283203125,
0.764,-2.6025390625,-0.3603515625,3.36328125,
0.7645,-2.8828125,0.1201171875,3.283203125,
0.765,-2.8828125,0.6005859375,2.802734375,
0.7655,-3.0029296875,1.12109375,2.322265625,
0.766,-3.203125,1.8818359375,1.6416015625,
0.7665,-3.2431640625,2.322265625,1.1611328125,
0.767,-3.2431640625,2.642578125,0.6005859375,
0.7675,-3.04296875,2.7626953125,0.1201171875,
0.768,-2.482421875,2.6826171875,-0.640625,
0.7685,-1.8818359375,2.8427734375,-1.361328125,
0.769,-1.2412109375,2.8427734375,-2.2021484375,
0.7695,-0.80078125,2.8427734375,-2.72265625,
0.77,-0.3203125,2.642578125,-3.1630859375,
0.7705,0.2802734375,2.2021484375,-3.283203125,
0.771,1.0009765625,1.5615234375,-3.4833984375,
0.7715,1.841796875,0.9208984375,-3.7236328125,
0.772,2.3623046875,0.4404296875,-3.84375,
0.7725,2.72265625,0,-3.84375,
0.773,2.9228515625,-0.4404296875,-3.603515625,
0.7735,2.8427734375,-0.9609375,-2.962890625,
0.774,2.962890625,-1.521484375,-2.5224609375,
0.7745,3.123046875,-2.162109375,-1.8818359375,
0.775,3.1630859375,-2.6025390625,-1.361328125,
0.7755,3.04296875,-2.8427734375,-0.880859375,
0.776,2.6826171875,-2.8828125,-0.400390625,
0.7765,2.1220703125,-2.7626953125,0.3203125,
0.777,1.5615234375,-2.8828125,1.12109375,
0.7775,1.041015625,-2.8427734375,1.76171875,
0.778,0.640625,-2.8427734375,2.2822265625,
0.7785,0.2001953125,-2.6025390625,2.6025390625,
0.779,-0.400390625,-2.0419921875,2.72265625,
0.7795,-1.12109375,-1.521484375,2.962890625,
0.78,-1.921875,-0.880859375,3.1630859375,
0.7805,-2.3623046875,-0.48046875,3.2431640625,
0.781,-2.72265625,0,3.2431640625,
0.7815,-2.8427734375,0.3603515625,2.962890625,
0.782,-2.8828125,0.880859375,2.4423828125,
0.7825,-3.04296875,1.4814453125,1.921875,
0.783,-3.203125,2.0419921875,1.361328125,
0.7835,-3.203125,2.482421875,0.880859375,
0.784,-3.1630859375,2.6826171875,0.4404296875,
0.7845,-2.6826171875,2.72265625,-0.2001953125,
0.785,-2.2021484375,2.7626953125,-0.9208984375,
0.7855,-1.6015625,2.8427734375,-1.76171875,
0.786,-1.12109375,2.8427734375,-2.3623046875,
0.7865,-0.6806640625,2.802734375,-2.9228515625,
0.787,-0.16015625,2.5224609375,-3.203125,
0.7875,0.560546875,1.921875,-3.36328125,
0.788,1.361328125,1.3212890625,-3.68359375,
0.7885,2.1220703125,0.720703125,-3.8837890625,
0.789,2.5625,0.2802734375,-3.9638671875,
0.7895,2.8828125,-0.2001953125,-3.84375,
0.79,2.9228515625,-0.6806640625,-3.4033203125,
0.7905,3.04296875,-1.3212890625,-2.7626953125,
0.791,3.203125,-2.0419921875,-2.162109375,
0.7915,3.283203125,-2.5625,-1.6015625,
0.792,3.2431640625,-2.9228515625,-1.12109375,
0.7925,2.962890625,-2.9228515625,-0.560546875,
0.793,2.3623046875,-2.8828125,0.2001953125,
0.7935,1.76171875,-2.962890625,1.0009765625,
0.794,1.12109375,-2.962890625,1.841796875,
0.7945,0.640625,-2.8828125,2.322265625,
0.795,0.240234375,-2.72265625,2.72265625,
0.7955,-0.400390625,-2.2421875,2.8828125,
0.796,-1.1611328125,-1.4814453125,2.962890625,
0.7965,-1.921875,-0.9609375,3.203125,
0.797,-2.5224609375,-0.400390625,3.283203125,
0.7975,-2.8427734375,0,3.283203125,
0.798,-2.962890625,0.4404296875,3.0029296875,
0.7985,-2.8828125,0.880859375,2.482421875,
0.799,-3.04296875,1.4013671875,1.921875,
0.7995,-3.1630859375,2.0419921875,1.3212890625,
0.8,-3.203125,2.40234375,0.8408203125,
0.8005,-3.123046875,2.72265625,0.3603515625,
0.801,-2.7626953125,2.72265625,-0.2001953125,
0.8015,-2.162109375,2.642578125,-0.8408203125,
0.802,-1.6416015625,2.7626953125,-1.6015625,
0.8025,-1.0810546875,2.72265625,-2.2822265625,
0.803,-0.720703125,2.72265625,-2.802734375,
0.8035,-0.240234375,2.5224609375,-3.1630859375,
0.804,0.3203125,2.0419921875,-3.3232421875,
0.8045,1.0810546875,1.4013671875,-3.4833984375,
0.805,1.8017578125,0.880859375,-3.763671875,
0.8055,2.3623046875,0.400390625,-3.84375,
0.806,2.7626953125,0,-3.8837890625,
0.8065,2.8828125,-0.48046875,-3.5634765625,
0.807,2.8828125,-1.041015625,-3.04296875,
0.8075,3.123046875,-1.6416015625,-2.5625,
0.808,3.203125,-2.3623046875,-1.921875,
0.8085,3.283203125,-2.6826171875,-1.4013671875,
0.809,3.1630859375,-2.9228515625,-0.8408203125,
0.8095,2.72265625,-2.9228515625,-0.3203125,
0.81,2.0419921875,-2.9228515625,0.560546875,
0.8105,1.521484375,-3.04296875,1.4013671875,
0.811,0.9609375,-3.04296875,2.0419921875,
0.8115,0.560546875,-2.962890625,2.5625,
0.812,0,-2.5224609375,2.802734375,
0.8125,-0.7607421875,-1.9619140625,2.962890625,
0.813,-1.6416015625,-1.2412109375,3.203125,
0.8135,-2.322265625,-0.6806640625,3.36328125,
0.814,-2.7626953125,-0.2001953125,3.36328125,
0.8145,-3.04296875,0.240234375,3.283203125,
0.815,-3.0830078125,0.720703125,2.7626953125,
0.8155,-3.04296875,1.28125,2.1220703125,
0.816,-3.203125,1.921875,1.521484375,
0.8165,-3.2431640625,2.5224609375,0.9208984375,
0.817,-3.203125,2.7626953125,0.48046875,
0.8175,-2.8828125,2.802734375,-0.1201171875,
0.818,-2.3623046875,2.7626953125,-0.720703125,
0.8185,-1.6416015625,2.7626953125,-1.5615234375,
0.819,-1.1611328125,2.7626953125,-2.2822265625,
0.8195,-0.640625,2.72265625,-2.8427734375,
0.82,-0.2802734375,2.6025390625,-3.203125,
0.8205,0.3603515625,2.0419921875,-3.36328125,
0.821,1.041015625,1.44140625,-3.4833984375,
0.8215,1.8017578125,0.880859375,-3.7236328125,
0.822,2.40234375,0.3603515625,-3.84375,
0.8225,2.72265625,0,-3.84375,
0.823,2.8828125,-0.5205078125,-3.5634765625,
0.8235,2.9228515625,-1.0009765625,-3.123046875,
0.824,2.9228515625,-1.6015625,-2.5224609375,
0.8245,3.1630859375,-2.1220703125,-1.9619140625,
0.825,3.203125,-2.5625,-1.44140625,
0.8255,3.1630859375,-2.8427734375,-1.0009765625,
0.826,2.7626953125,-2.8828125,-0.4404296875,
0.8265,2.2421875,-2.8427734375,0.2802734375,
0.827,1.6416015625,-2.9228515625,1.12109375,
0.8275,1.12109375,-2.9228515625,1.8017578125,
0.828,0.640625,-2.8828125,2.3623046875,
0.8285,0.240234375,-2.72265625,2.72265625,
0.829,-0.48046875,-2.2021484375,2.9228515625,
0.8295,-1.2412109375,-1.521484375,3.123046875,
0.83,-2.001953125,-0.9609375,3.3232421875,
0.8305,-2.6025390625,-0.4404296875,3.443359375,
0.831,-2.9228515625,0,3.443359375,
0.8315,-3.04296875,0.48046875,3.04296875,
0.832,-3.123046875,1.0009765625,2.482421875,
0.8325,-3.2431640625,1.76171875,1.841796875,
0.833,-3.36328125,2.3623046875,1.28125,
0.8335,-3.36328125,2.7626953125,0.6806640625,
0.834,-3.2431640625,3.0029296875,0.240234375,
0.8345,-2.642578125,2.8828125,-0.5205078125,
0.835,-1.9619140625,2.8828125,-1.3212890625,
0.8355,-1.3212890625,2.962890625,-2.2421875,
0.836,-0.80078125,2.9228515625,-2.8427734375,
0.8365,-0.3203125,2.7626953125,-3.283203125,
0.837,0.2802734375,2.322265625,-3.5634765625,
0.8375,1.0009765625,1.6416015625,-3.603515625,
0.838,1.8818359375,0.9208984375,-3.84375,
0.8385,2.482421875,0.400390625,-3.923828125,
0.839,2.8828125,-0.16015625,-3.923828125,
0.8395,3.1630859375,-0.5205078125,-3.8037109375,
0.84,3.04296875,-1.041015625,-3.203125,
0.8405,3.04296875,-1.5615234375,-2.5625,
0.841,3.203125,-2.2421875,-1.8818359375,
0.8415,3.2431640625,-2.642578125,-1.361328125,
0.842,3.123046875,-2.962890625,-0.8408203125,
0.8425,2.8427734375,-2.962890625,-0.3603515625,
0.843,2.2822265625,-2.8828125,0.3203125,
0.8435,1.5615234375,-2.8828125,1.12109375,
0.844,1.0009765625,-2.8828125,1.8818359375,
0.8445,0.6005859375,-2.8828125,2.40234375,
0.845,0.16015625,-2.6826171875,2.802734375,
0.8455,-0.400390625,-2.2021484375,2.9228515625,
0.846,-1.0810546875,-1.6015625,3.04296875,
0.8465,-1.9619140625,-0.9208984375,3.2431640625,
0.847,-2.4423828125,-0.5205078125,3.36328125,
0.8475,-2.8828125,0.0400390625,3.36328125,
0.848,-3.0830078125,0.3603515625,3.1630859375,
0.8485,-3.0830078125,0.9208984375,2.642578125,
0.849,-3.1630859375,1.4814453125,2.08203125,
0.8495,-3.283203125,2.162109375,1.44140625,
0.85,-3.36328125,2.6025390625,0.9609375,
0.8505,-3.283203125,2.8427734375,0.48046875,
0.851,-2.9228515625,2.9228515625,-0.16015625,
0.8515,-2.40234375,2.8828125,-0.8408203125,
0.852,-1.7216796875,2.8828125,-1.76171875,
0.8525,-1.1611328125,2.9228515625,-2.4423828125,
0.853,-0.640625,2.8828125,-3.04296875,
0.8535,-0.16015625,2.6826171875,-3.4033203125,
0.854,0.560546875,2.0419921875,-3.5634765625,
0.8545,1.3212890625,1.4013671875,-3.763671875,
0.855,2.2021484375,0.640625,-4.00390625,
0.8555,2.72265625,0.16015625,-4.1240234375,
0.856,3.04296875,-0.3203125,-4.00390625,
0.8565,3.1630859375,-0.720703125,-3.603515625,
0.857,3.1630859375,-1.3212890625,-2.9228515625,
0.8575,3.2431640625,-2.001953125,-2.2822265625,
0.858,3.36328125,-2.6025390625,-1.6015625,
0.8585,3.36328125,-3.0029296875,-1.12109375,
0.859,3.123046875,-3.123046875,-0.6005859375,
0.8595,2.5224609375,-3.04296875,0.1201171875,
0.86,1.8818359375,-3.0029296875,0.9208984375,
0.8605,1.201171875,-3.0830078125,1.841796875,
0.861,0.640625,-2.9228515625,2.3623046875,
0.8615,0.240234375,-2.8427734375,2.8427734375,
0.862,-0.3203125,-2.40234375,3.0029296875,
0.8625,-1.0009765625,-1.6416015625,3.04296875,
0.863,-1.8017578125,-1.041015625,3.2431640625,
0.8635,-2.5224609375,-0.4404296875,3.36328125,
0.864,-2.8828125,0,3.3232421875,
0.8645,-3.0830078125,0.400390625,3.1630859375,
0.865,-3.04296875,0.80078125,2.72265625,
0.8655,-3.0830078125,1.361328125,2.1220703125,
0.866,-3.1630859375,2.001953125,1.4814453125,
0.8665,-3.203125,2.40234375,0.9609375,
0.867,-3.203125,2.7626953125,0.48046875,
0.8675,-3.0029296875,2.8427734375,0.0400390625,
0.868,-2.4423828125,2.72265625,-0.640625,
0.8685,-1.921875,2.7626953125,-1.3212890625,
0.869,-1.28125,2.802734375,-2.162109375,
0.8695,-0.8408203125,2.7626953125,-2.6826171875,
0.87,-0.400390625,2.642578125,-3.1630859375,
0.8705,0.1201171875,2.2822265625,-3.36328125,
0.871,0.80078125,1.6416015625,-3.5234375,
0.8715,1.6015625,1.0810546875,-3.763671875,
0.872,2.2421875,0.48046875,-3.8837890625,
0.8725,2.72265625,0.16015625,-4.00390625,
0.873,2.9228515625,-0.3203125,-3.8037109375,
0.8735,3.0029296875,-0.80078125,-3.283203125,
0.874,3.0830078125,-1.4013671875,-2.7626953125,
0.8745,3.2431640625,-2.1220703125,-2.08203125,
0.875,3.3232421875,-2.6025390625,-1.6015625,
0.8755,3.283203125,-2.962890625,-1.041015625,
0.876,2.9228515625,-2.962890625,-0.5205078125,
0.8765,2.322265625,-2.9228515625,0.2802734375,
0.877,1.76171875,-3.0830078125,1.0810546875,
0.8775,1.12109375,-3.04296875,1.921875,
0.878,0.6806640625,-3.04296875,2.40234375,
0.8785,0.2001953125,-2.72265625,2.802734375,
0.879,-0.48046875,-2.2822265625,2.962890625,
0.8795,-1.3212890625,-1.5615234375,3.123046875,
0.88,-2.08203125,-0.9609375,3.36328125,
0.8805,-2.6025390625,-0.3603515625,3.36328125,
0.881,-2.962890625,0.1201171875,3.4033203125,
0.8815,-3.04296875,0.5205078125,2.962890625,
0.882,-3.0029296875,1.0810546875,2.3623046875,
0.8825,-3.1630859375,1.681640625,1.8017578125,
0.883,-3.283203125,2.322265625,1.1611328125,
0.8835,-3.2431640625,2.642578125,0.6806640625,
0.884,-3.0830078125,2.8427734375,0.16015625,
0.8845,-2.642578125,2.802734375,-0.400390625,
0.885,-1.9619140625,2.72265625,-1.1611328125,
0.8855,-1.4013671875,2.8427734375,-1.9619140625,
0.886,-0.8408203125,2.7626953125,-2.6025390625,
0.8865,-0.5205078125,2.72265625,-3.0830078125,
0.887,0.1201171875,2.2822265625,-3.283203125,
0.8875,0.6806640625,1.7216796875,-3.4033203125,
0.888,1.44140625,1.12109375,-3.6435546875,
0.8885,2.2021484375,0.6005859375,-3.84375,
0.889,2.6025390625,0.16015625,-3.84375,
0.8895,2.8828125,-0.2802734375,-3.763671875,
0.89,2.9228515625,-0.720703125,-3.36328125,
0.8905,2.962890625,-1.28125,-2.72265625,
0.891,3.123046875,-1.8818359375,-2.2822265625,
0.8915,3.2431640625,-2.4423828125,-1.6416015625,
0.892,3.2431640625,-2.802734375,-1.201171875,
0.8925,3.0029296875,-2.9228515625,-0.640625,
0.893,2.5224609375,-2.8828125,0,
0.8935,1.921875,-2.9228515625,0.80078125,
0.894,1.3212890625,-2.962890625,1.5615234375,
0.8945,0.80078125,-2.9228515625,2.2021484375,
0.895,0.4404296875,-2.9228515625,2.642578125,
0.8955,-0.2001953125,-2.4423828125,2.8427734375,
0.896,-0.9208984375,-1.8017578125,2.962890625,
0.8965,-1.681640625,-1.1611328125,3.2431640625,
0.897,-2.3623046875,-0.6005859375,3.36328125,
0.8975,-2.7626953125,-0.2001953125,3.36328125,
0.898,-2.962890625,0.2802734375,3.1630859375,
0.8985,-3.04296875,0.7607421875,2.6826171875,
0.899,-3.0830078125,1.4013671875,2.0419921875,
0.8995,-3.203125,2.001953125,1.521484375,
0.9,-3.283203125,2.5224609375,0.9609375,
0.9005,-3.2431640625,2.802734375,0.5205078125,
0.901,-2.8427734375,2.7626953125,0,
0.9015,-2.322265625,2.7626953125,-0.7607421875,
0.902,-1.681640625,2.8427734375,-1.6015625,
0.9025,-1.1611328125,2.8427734375,-2.2822265625,
0.903,-0.640625,2.6826171875,-2.802734375,
0.9035,-0.2802734375,2.5224609375,-3.203125,
0.904,0.400390625,1.9619140625,-3.36328125,
0.9045,1.1611328125,1.4013671875,-3.5234375,
0.905,1.8818359375,0.880859375,-3.7236328125,
0.9055,2.40234375,0.3203125,-3.84375,
0.906,2.7626953125,0,-3.84375,
0.9065,2.8427734375,-0.5205078125,-3.4833984375,
0.907,2.8828125,-1.0009765625,-2.962890625,
0.9075,3.04296875,-1.6416015625,-2.40234375,
0.908,3.1630859375,-2.2421875,-1.8818359375,
0.9085,3.1630859375,-2.642578125,-1.3212890625,
0.909,3.1630859375,-2.8828125,-0.8408203125,
0.9095,2.642578125,-2.8427734375,-0.2802734375,
0.91,2.0419921875,-2.8427734375,0.48046875,
0.9105,1.521484375,-2.9228515625,1.28125,
0.911,0.9609375,-2.962890625,1.921875,
0.9115,0.560546875,-2.8828125,2.4423828125,
0.912,0.0400390625,-2.6025390625,2.6826171875,
0.9125,-0.6005859375,-2.001953125,2.8828125,
0.913,-1.44140625,-1.3212890625,3.123046875,
0.9135,-2.08203125,-0.80078125,3.283203125,
0.914,-2.6025390625,-0.3203125,3.3232421875,
0.9145,-2.9228515625,0.1201171875,3.3232421875,
0.915,-2.9228515625,0.6005859375,2.8427734375,
0.9155,-2.962890625,1.12109375,2.2822265625,
0.916,-3.1630859375,1.76171875,1.7216796875,
0.9165,-3.2431640625,2.2822265625,1.1611328125,
0.917,-3.203125,2.6025390625,0.720703125,
0.9175,-3.04296875,2.802734375,0.2001953125,
0.918,-2.5625,2.7626953125,-0.48046875,
0.9185,-1.921875,2.72265625,-1.2412109375,
0.919,-1.361328125,2.7626953125,-1.9619140625,
0.9195,-0.9208984375,2.7626953125,-2.6025390625,
0.92,-0.5205078125,2.6826171875,-3.04296875,
0.9205,0.1201171875,2.2421875,-3.203125,
0.921,0.7607421875,1.7216796875,-3.4033203125,
0.9215,1.5615234375,1.0810546875,-3.68359375,
0.922,2.162109375,0.6005859375,-3.8037109375,
0.9225,2.5625,0.16015625,-3.84375,
0.923,2.8427734375,-0.2802734375,-3.7236328125,
0.9235,2.8427734375,-0.7607421875,-3.203125,
0.924,2.9228515625,-1.3212890625,-2.642578125,
0.9245,3.123046875,-1.9619140625,-2.1220703125,
0.925,3.203125,-2.5224609375,-1.5615234375,
0.9255,3.203125,-2.7626953125,-1.12109375,
0.926,2.8427734375,-2.8828125,-0.560546875,
0.9265,2.3623046875,-2.8427734375,0.1201171875,
0.927,1.7216796875,-2.962890625,1.0009765625,
0.9275,1.201171875,-2.962890625,1.681640625,
0.928,0.720703125,-2.962890625,2.2421875,
0.9285,0.3203125,-2.7626953125,2.6826171875,
0.929,-0.3203125,-2.2021484375,2.802734375,
0.9295,-1.041015625,-1.6015625,3.0029296875,
0.93,-1.8818359375,-1.0009765625,3.2431640625,
0.9305,-2.4423828125,-0.5205078125,3.3232421875,
0.931,-2.7626953125,0,3.3232421875,
0.9315,-2.9228515625,0.3603515625,3.04296875,
0.932,-2.9228515625,0.880859375,2.5224609375,
0.9325,-3.0830078125,1.5615234375,1.921875,
0.933,-3.203125,2.08203125,1.361328125,
0.9335,-3.2431640625,2.5224609375,0.880859375,
0.934,-3.203125,2.7626953125,0.400390625,
0.9345,-2.72265625,2.72265625,-0.240234375,
0.935,-2.162109375,2.6826171875,-0.9208984375,
0.9355,-1.521484375,2.802734375,-1.8017578125,
0.936,-1.0810546875,2.72265625,-2.40234375,
0.9365,-0.640625,2.72265625,-2.8828125,
0.937,-0.2001953125,2.482421875,-3.203125,
0.9375,0.5205078125,1.8818359375,-3.283203125,
0.938,1.28125,1.28125,-3.5634765625,
0.9385,1.9619140625,0.7607421875,-3.7236328125,
0.939,2.4423828125,0.2802734375,-3.84375,
0.9395,2.72265625,-0.1201171875,-3.763671875,
0.94,2.802734375,-0.6005859375,-3.36328125,
0.9405,2.8427734375,-1.0810546875,-2.8828125,
0.941,3.0029296875,-1.76171875,-2.2822265625,
0.9415,3.123046875,-2.2421875,-1.8017578125,
0.942,3.1630859375,-2.6025390625,-1.28125,
0.9425,3.04296875,-2.8427734375,-0.8408203125,
0.943,2.482421875,-2.8427734375,-0.2001953125,
0.9435,1.9619140625,-2.8828125,0.560546875,
0.944,1.4013671875,-2.9228515625,1.3212890625,
0.9445,0.9609375,-2.8828125,1.921875,
0.945,0.560546875,-2.802734375,2.40234375,
0.9455,0.0400390625,-2.4423828125,2.642578125,
0.946,-0.640625,-1.921875,2.8427734375,
0.9465,-1.44140625,-1.28125,3.0830078125,
0.947,-2.08203125,-0.80078125,3.2431640625,
0.9475,-2.5625,-0.3603515625,3.3232421875,
0.948,-2.8427734375,0.080078125,3.2431640625,
0.9485,-2.8427734375,0.6005859375,2.72265625,
0.949,-2.962890625,1.12109375,2.2421875,
0.9495,-3.1630859375,1.8818359375,1.6015625,
0.95,-3.283203125,2.322265625,1.1611328125,
0.9505,-3.203125,2.642578125,0.640625,
0.951,-2.962890625,2.72265625,0.16015625,
0.9515,-2.4423828125,2.6826171875,-0.6005859375,
0.952,-1.8818359375,2.7626953125,-1.4013671875,
0.9525,-1.28125,2.8427734375,-2.162109375,
0.953,-0.8408203125,2.8427734375,-2.72265625,
0.9535,-0.400390625,2.642578125,-3.123046875,
0.954,0.2802734375,2.2021484375,-3.283203125,
0.9545,0.9609375,1.5615234375,-3.5234375,
0.955,1.841796875,0.9208984375,-3.8037109375,
0.9555,2.3623046875,0.48046875,-3.84375,
0.956,2.7626953125,0.0400390625,-3.84375,
0.9565,2.8828125,-0.400390625,-3.5634765625,
0.957,2.8427734375,-1.0009765625,-2.962890625,
0.9575,3.0029296875,-1.6015625,-2.4423828125,
0.958,3.1630859375,-2.2421875,-1.8017578125,
0.9585,3.203125,-2.642578125,-1.361328125,
0.959,3.04296875,-2.8828125,-0.8408203125,
0.9595,2.642578125,-2.8828125,-0.3603515625,
0.96,2.0419921875,-2.8828125,0.400390625,
0.9605,1.4814453125,-2.8828125,1.28125,
0.961,1.0009765625,-2.8427734375,1.921875,
0.9615,0.6005859375,-2.8427734375,2.40234375,
0.962,0.1201171875,-2.5625,2.6826171875,
0.9625,-0.5205078125,-1.9619140625,2.7626953125,
0.963,-1.28125,-1.4013671875,3.0029296875,
0.9635,-2.0419921875,-0.80078125,3.203125,
0.964,-2.482421875,-0.400390625,3.2431640625,
0.9645,-2.7626953125,0.0400390625,3.203125,
0.965,-2.8427734375,0.48046875,2.8427734375,
0.9655,-2.8828125,0.9609375,2.322265625,
0.966,-3.04296875,1.6015625,1.8017578125,
0.9665,-3.1630859375,2.1220703125,1.28125,
0.967,-3.203125,2.482421875,0.80078125,
0.9675,-3.0830078125,2.642578125,0.3603515625,
0.968,-2.6025390625,2.6025390625,-0.3203125,
0.9685,-2.08203125,2.6826171875,-1.0009765625,
0.969,-1.4814453125,2.802734375,-1.8017578125,
0.9695,-1.041015625,2.7626953125,-2.40234375,
0.97,-0.640625,2.7626953125,-2.8828125,
0.9705,-0.16015625,2.40234375,-3.1630859375,
0.971,0.6005859375,1.841796875,-3.283203125,
0.9715,1.3212890625,1.28125,-3.6435546875,
0.972,2.0419921875,0.720703125,-3.8037109375,
0.9725,2.5224609375,0.3203125,-3.923828125,
0.973,2.802734375,-0.2001953125,-3.763671875,
0.9735,2.8828125,-0.640625,-3.36328125,
0.974,2.962890625,-1.28125,-2.7626953125,
0.9745,3.1630859375,-1.9619140625,-2.2021484375,
0.975,3.2431640625,-2.482421875,-1.6416015625,
0.9755,3.283203125,-2.8828125,-1.1611328125,
0.976,2.9228515625,-2.962890625,-0.640625,
0.9765,2.3623046875,-2.8828125,0.1201171875,
0.977,1.76171875,-2.962890625,0.9609375,
0.9775,1.1611328125,-3.0029296875,1.76171875,
0.978,0.720703125,-2.9228515625,2.2822265625,
0.9785,0.240234375,-2.72265625,2.6826171875,
0.979,-0.400390625,-2.2421875,2.8427734375,
0.9795,-1.1611328125,-1.4814453125,3.0029296875,
0.98,-1.9619140625,-0.9609375,3.283203125,
0.9805,-2.5224609375,-0.3603515625,3.283203125,
0.981,-2.8828125,0.0400390625,3.3232421875,
0.9815,-2.962890625,0.48046875,2.9228515625,
0.982,-2.9228515625,0.9609375,2.40234375,
0.9825,-3.0830078125,1.5615234375,1.841796875,
0.983,-3.203125,2.162109375,1.28125,
0.9835,-3.203125,2.5224609375,0.80078125,
0.984,-3.0830078125,2.72265625,0.2802734375,
0.9845,-2.72265625,2.72265625,-0.2802734375,
0.985,-2.0419921875,2.6826171875,-1.0009765625,
0.9855,-1.521484375,2.7626953125,-1.76171875,
0.986,-1.0009765625,2.72265625,-2.4423828125,
0.9865,-0.6005859375,2.72265625,-2.8828125,
0.987,-0.080078125,2.40234375,-3.203125,
0.9875,0.48046875,1.921875,-3.3232421875,
0.988,1.28125,1.28125,-3.5234375,
0.9885,1.9619140625,0.7607421875,-3.763671875,
0.989,2.4423828125,0.2802734375,-3.84375,
0.9895,2.8427734375,-0.1201171875,-3.84375,
0.99,2.8828125,-0.560546875,-3.4833984375,
0.9905,2.8828125,-1.0810546875,-2.9228515625,
0.991,3.123046875,-1.76171875,-2.4423828125,
0.9915,3.203125,-2.40234375,-1.8017578125,
0.992,3.283203125,-2.72265625,-1.3212890625,
0.9925,3.123046875,-2.9228515625,-0.80078125,
0.993,2.642578125,-2.8828125,-0.2001953125,
0.9935,2.001953125,-2.8828125,0.6005859375,
0.994,1.4814453125,-3.0029296875,1.4013671875,
0.9945,0.9208984375,-2.962890625,2.0419921875,
0.995,0.560546875,-2.962890625,2.6025390625,
0.9955,0,-2.482421875,2.802734375,
0.996,-0.80078125,-1.8818359375,2.962890625,
0.9965,-1.6416015625,-1.2412109375,3.203125,
0.997,-2.322265625,-0.640625,3.4033203125,
0.9975,-2.7626953125,-0.240234375,3.4033203125,
0.998,-3.04296875,0.2802734375,3.283203125,
0.9985,-3.0830078125,0.6806640625,2.7626953125,
0.999,-3.0830078125,1.3212890625,2.08203125,
0.9995,-3.203125,1.9619140625,1.521484375,