Date,2020-11-25 14:18:12
Filename,STFMK-20201105-LW17-8125_20201125_141812_004.dat
Data Label,정상
Label_No,00
Motor Spec,L-EF-04, 1760,2.2, 4.7,
Period,3SEC
Sample Rate,4000
RMS,0.005487,
Data Length,12000,
0,-0.0000777591,
0.00025,-0.0014773266,
0.0005,-0.0064717461,
0.00075,-0.0066775898,
0.001,0.0024160771,
0.00125,0.0044902721,
0.0015,-0.0102499491,
0.00175,-0.0110532939,
0.002,0.0052490961,
0.00225,-0.0000310419,
0.0025,-0.0026997088,
0.00275,-0.0068924800,
0.003,-0.0016037121,
0.00325,0.0067724511,
0.0035,-0.0058252136,
0.00375,-0.0065897536,
0.004,0.0073217219,
0.00425,0.0074213487,
0.0045,0.0010223812,
0.00475,0.0001141230,
0.005,0.0008420568,
0.00525,0.0070685167,
0.0055,0.0022385011,
0.00575,-0.0015126164,
0.006,0.0034201075,
0.00625,0.0064187618,
0.0065,0.0028507793,
0.00675,0.0004954240,
0.007,0.0005511706,
0.00725,0.0051971613,
0.0075,0.0105361752,
0.00775,0.0017014205,
0.008,0.0026918633,
0.00825,0.0061717993,
0.0085,0.0095175384,
0.00875,0.0076840124,
0.009,-0.0014551901,
0.00925,0.0071989596,
0.0095,0.0168437455,
0.00975,0.0094203763,
0.01,-0.0070085977,
0.01025,0.0008586054,
0.0105,0.0140548320,
0.01075,-0.0006426602,
0.011,-0.0038392795,
0.01125,0.0032244418,
0.0115,0.0088205086,
0.01175,0.0082735261,
0.012,-0.0037323954,
0.01225,0.0020246448,
0.0125,0.0114342580,
0.01275,0.0026570349,
0.013,-0.0025566905,
0.01325,0.0017959484,
0.0135,0.0019945370,
0.01375,-0.0011396192,
0.014,0.0010256349,
0.01425,-0.0002704403,
0.0145,-0.0012562807,
0.01475,0.0069716251,
0.015,0.0024192715,
0.01525,-0.0011416768,
0.0155,-0.0011454161,
0.01575,0.0032293678,
0.016,0.0056636105,
0.01625,-0.0009399921,
0.0165,-0.0009933244,
0.01675,0.0053263111,
0.017,0.0081482613,
0.01725,-0.0014760740,
0.0175,-0.0064064865,
0.01775,0.0084818117,
0.018,0.0120726563,
0.01825,0.0005156019,
0.0185,-0.0016659582,
0.01875,0.0075187995,
0.019,0.0170542672,
0.01925,0.0041845432,
0.0195,-0.0022903304,
0.01975,0.0071998383,
0.02,0.0132223982,
0.02025,0.0020079545,
0.0205,-0.0014223973,
0.02075,0.0094902162,
0.021,0.0085880756,
0.02125,0.0051366449,
0.0215,-0.0013228345,
0.02175,0.0030524016,
0.022,0.0083869314,
0.02225,0.0040135877,
0.0225,0.0030231075,
0.02275,0.0000759029,
0.023,0.0040250141,
0.02325,0.0024423075,
0.0235,0.0030036408,
0.02375,-0.0001940161,
0.024,-0.0006548000,
0.02425,0.0078029064,
0.0245,-0.0012812882,
0.02475,-0.0031741173,
0.025,0.0015177765,
0.02525,0.0020067571,
0.0255,0.0005283352,
0.02575,-0.0079070432,
0.026,-0.0075093601,
0.02625,0.0034528491,
0.0265,0.0013966088,
0.02675,-0.0113472613,
0.027,-0.0071254489,
0.02725,0.0003868252,
0.0275,-0.0010437928,
0.02775,-0.0089142844,
0.028,-0.0068054260,
0.02825,0.0025280560,
0.0285,-0.0007411309,
0.02875,-0.0097733466,
0.029,-0.0089562163,
0.02925,0.0019468322,
0.0295,0.0007609959,
0.02975,-0.0063302452,
0.03,-0.0031384323,
0.03025,-0.0018974785,
0.0305,-0.0017085518,
0.03075,-0.0046230378,
0.031,-0.0055836099,
0.03125,-0.0023156502,
0.0315,-0.0016397598,
0.03175,0.0012832404,
0.032,-0.0029825610,
0.03225,-0.0010353943,
0.0325,0.0033693819,
0.03275,0.0067511229,
0.033,0.0035203828,
0.03325,-0.0009887387,
0.0335,0.0058391993,
0.03375,0.0053227339,
0.034,0.0006299019,
0.03425,-0.0008296795,
0.0345,0.0038289963,
0.03475,0.0092175379,
0.035,0.0029404536,
0.03525,-0.0068971799,
0.0355,0.0009247343,
0.03575,0.0081454515,
0.036,-0.0001322819,
0.03625,-0.0030089773,
0.0365,-0.0041244640,
0.03675,0.0021068617,
0.037,0.0015138153,
0.03725,-0.0083545120,
0.0375,-0.0018111885,
0.03775,0.0074515496,
0.038,0.0002705456,
0.03825,-0.0077015599,
0.0385,-0.0053678947,
0.03875,-0.0041980986,
0.039,-0.0023998776,
0.03925,-0.0062679891,
0.0395,-0.0086429212,
0.03975,-0.0045495699,
0.04,-0.0040422725,
0.04025,-0.0080231559,
0.0405,-0.0061554513,
0.04075,-0.0094624944,
0.041,-0.0057357084,
0.04125,0.0030474763,
0.0415,-0.0123180561,
0.04175,-0.0082093831,
0.042,0.0001398072,
0.04225,-0.0071190302,
0.0425,-0.0077828863,
0.04275,-0.0109451404,
0.043,0.0022117395,
0.04325,0.0051092491,
0.0435,-0.0125254001,
0.04375,-0.0114095733,
0.044,0.0046533202,
0.04425,-0.0001245894,
0.0445,-0.0140710268,
0.04475,-0.0067594135,
0.045,-0.0001640205,
0.04525,-0.0014669081,
0.0455,-0.0028124647,
0.04575,-0.0069779521,
0.046,0.0029725269,
0.04625,0.0024854592,
0.0465,-0.0059760986,
0.04675,-0.0002412105,
0.047,-0.0000346770,
0.04725,-0.0000627284,
0.0475,0.0001573347,
0.04775,-0.0028985748,
0.048,-0.0054175928,
0.04825,-0.0018392520,
0.0485,0.0037248968,
0.04875,0.0002320213,
0.049,0.0002016756,
0.04925,0.0010809831,
0.0495,0.0046723527,
0.04975,0.0031341168,
0.05,-0.0047220504,
0.05025,-0.0008749734,
0.0505,0.0069685206,
0.05075,0.0012123035,
0.051,-0.0059097130,
0.05125,-0.0005884253,
0.0515,0.0113018276,
0.05175,-0.0020499413,
0.052,-0.0090528084,
0.05225,0.0001700719,
0.0525,0.0102228113,
0.05275,0.0024135155,
0.053,-0.0092381490,
0.05325,0.0029913147,
0.0535,0.0053038001,
0.05375,-0.0022314228,
0.054,-0.0032672132,
0.05425,-0.0032769586,
0.0545,0.0060838051,
0.05475,-0.0022554377,
0.055,-0.0111381067,
0.05525,-0.0055573145,
0.0555,-0.0033768648,
0.05575,-0.0030126327,
0.056,0.0022688818,
0.05625,-0.0055218772,
0.0565,-0.0081991041,
0.05675,0.0030018827,
0.057,-0.0006397330,
0.05725,-0.0013557019,
0.0575,0.0035321843,
0.05775,-0.0010613397,
0.058,0.0023576361,
0.05825,-0.0038538410,
0.0585,-0.0064432966,
0.05875,0.0089116404,
0.059,0.0034502060,
0.05925,-0.0074919714,
0.0595,-0.0065416843,
0.05975,0.0003867114,
0.06,0.0053468109,
0.06025,-0.0027241199,
0.0605,0.0006162068,
0.06075,0.0118442522,
0.061,0.0133870449,
0.06125,0.0011928629,
0.0615,-0.0071896031,
0.06175,0.0081306174,
0.062,0.0061432095,
0.06225,0.0002310403,
0.0625,0.0014361773,
0.06275,0.0052019134,
0.063,0.0051635103,
0.06325,-0.0017703291,
0.0635,0.0006693776,
0.06375,0.0033427048,
0.064,0.0078541171,
0.06425,0.0022823582,
0.0645,0.0001294702,
0.06475,-0.0021819377,
0.065,-0.0061522382,
0.06525,0.0012596529,
0.0655,0.0019288717,
0.06575,0.0011084834,
0.066,0.0051676626,
0.06625,0.0064316113,
0.0665,0.0045729238,
0.06675,-0.0039266823,
0.067,0.0000401187,
0.06725,0.0030482302,
0.0675,0.0027068006,
0.06775,-0.0097511150,
0.068,-0.0101748994,
0.06825,0.0042442577,
0.0685,-0.0017754174,
0.06875,-0.0097318795,
0.069,-0.0011953046,
0.06925,0.0030198358,
0.0695,0.0018268870,
0.06975,-0.0050915754,
0.07,-0.0036120676,
0.07025,0.0047119176,
0.0705,0.0050722072,
0.07075,-0.0036468266,
0.071,-0.0018995483,
0.07125,0.0065504690,
0.0715,-0.0028439544,
0.07175,-0.0019739252,
0.072,-0.0013968432,
0.07225,-0.0016959575,
0.0725,0.0068346080,
0.07275,-0.0028084673,
0.073,-0.0022011667,
0.07325,-0.0022581376,
0.0735,-0.0012106583,
0.07375,0.0089270845,
0.074,0.0029185251,
0.07425,0.0017849311,
0.0745,0.0066344673,
0.07475,0.0058024041,
0.075,0.0036695765,
0.07525,-0.0035957280,
0.0755,0.0025208797,
0.07575,0.0150503293,
0.076,0.0023078765,
0.07625,-0.0048853825,
0.0765,0.0048050345,
0.07675,0.0104737338,
0.077,-0.0014341155,
0.07725,-0.0061248061,
0.0775,0.0065165013,
0.07775,0.0116351042,
0.078,0.0019288645,
0.07825,-0.0101010399,
0.0785,0.0025322479,
0.07875,0.0076153246,
0.079,-0.0001069050,
0.07925,0.0032160506,
0.0795,0.0061997939,
0.07975,0.0056909816,
0.08,0.0005410566,
0.08025,-0.0035043901,
0.0805,-0.0032839617,
0.08075,-0.0016454980,
0.081,-0.0040228693,
0.08125,0.0044941627,
0.0815,-0.0007238607,
0.08175,-0.0056130290,
0.082,0.0072281221,
0.08225,0.0003340298,
0.0825,-0.0019916166,
0.08275,-0.0016501388,
0.083,0.0005532287,
0.08325,0.0029767719,
0.0835,-0.0073376759,
0.08375,-0.0088809971,
0.084,0.0013467408,
0.08425,0.0025205766,
0.0845,-0.0103518842,
0.08475,-0.0129137598,
0.085,0.0004336701,
0.08525,0.0001407197,
0.0855,-0.0077898242,
0.08575,-0.0082605174,
0.086,-0.0005465155,
0.08625,0.0018565870,
0.0865,-0.0042449278,
0.08675,-0.0103459125,
0.087,-0.0001127713,
0.08725,0.0029913455,
0.0875,-0.0082195150,
0.08775,-0.0058294781,
0.088,-0.0002764177,
0.08825,0.0002351154,
0.0885,-0.0010838869,
0.08875,-0.0064334627,
0.089,-0.0029710236,
0.08925,0.0020095152,
0.0895,0.0012391300,
0.08975,-0.0016150640,
0.09,-0.0083804531,
0.09025,-0.0028496527,
0.0905,-0.0019136613,
0.09075,-0.0016745124,
0.091,-0.0040603424,
0.09125,-0.0007110616,
0.0915,0.0099153817,
0.09175,0.0015189208,
0.092,-0.0021947471,
0.09225,-0.0002499159,
0.0925,0.0028968244,
0.09275,0.0051256390,
0.093,-0.0110731926,
0.09325,-0.0034847683,
0.0935,0.0068512307,
0.09375,0.0001460206,
0.094,-0.0063706515,
0.09425,-0.0061610593,
0.0945,0.0025967101,
0.09475,-0.0021844825,
0.095,-0.0081629874,
0.09525,-0.0062710815,
0.0955,0.0032826138,
0.09575,0.0019478011,
0.096,-0.0040882346,
0.09625,-0.0049411179,
0.0965,0.0005594519,
0.09675,0.0017156044,
0.097,-0.0051273322,
0.09725,-0.0080307350,
0.0975,-0.0067504682,
0.09775,-0.0054638204,
0.098,-0.0065796589,
0.09825,-0.0076932372,
0.0985,-0.0077264453,
0.09875,-0.0073119109,
0.099,0.0002701953,
0.09925,-0.0046165148,
0.0995,-0.0080882441,
0.09975,0.0001592641,
0.1,0.0008516725,
0.10025,-0.0043006432,
0.1005,-0.0091662575,
0.10075,-0.0046647284,
0.101,0.0031984227,
0.10125,0.0041336622,
0.1015,-0.0069561363,
0.10175,-0.0026596247,
0.102,0.0090415841,
0.10225,-0.0016289739,
0.1025,-0.0049809511,
0.10275,-0.0026231408,
0.103,0.0029534716,
0.10325,0.0014196520,
0.1035,-0.0061140624,
0.10375,-0.0035372423,
0.104,0.0025450671,
0.10425,0.0066108955,
0.1045,-0.0046399976,
0.10475,-0.0013632495,
0.105,0.0055163163,
0.10525,0.0016562624,
0.1055,-0.0000458196,
0.10575,-0.0027533895,
0.106,-0.0010129593,
0.10625,0.0077660847,
0.1065,0.0047712512,
0.10675,-0.0034212412,
0.107,-0.0021814052,
0.10725,0.0030642268,
0.1075,0.0039540012,
0.10775,0.0000822868,
0.108,-0.0013051787,
0.10825,0.0005876550,
0.1085,0.0084682545,
0.10875,-0.0048184632,
0.109,-0.0115562081,
0.10925,0.0060199206,
0.1095,0.0080720745,
0.10975,0.0002662533,
0.11,-0.0073510148,
0.11025,-0.0030315118,
0.1105,0.0075326758,
0.11075,-0.0054602306,
0.111,-0.0125608575,
0.11125,0.0008862408,
0.1115,0.0037719028,
0.11175,-0.0061111087,
0.112,-0.0076549146,
0.11225,-0.0008412220,
0.1125,0.0031863134,
0.11275,-0.0003513297,
0.113,-0.0045112991,
0.11325,-0.0023393338,
0.1135,-0.0011710961,
0.11375,-0.0062542977,
0.114,-0.0025309066,
0.11425,-0.0033585872,
0.1145,-0.0016961033,
0.11475,0.0064882692,
0.115,0.0015076180,
0.11525,-0.0040157996,
0.1155,-0.0036691423,
0.11575,0.0027323889,
0.116,0.0062522870,
0.11625,-0.0003421860,
0.1165,0.0005120840,
0.11675,0.0096002668,
0.117,0.0090260692,
0.11725,-0.0026990555,
0.1175,0.0012303421,
0.11775,0.0141155953,
0.118,0.0118966065,
0.11825,0.0033110764,
0.1185,-0.0075748977,
0.11875,0.0056692483,
0.119,0.0101705939,
0.11925,0.0002863353,
0.1195,0.0013974839,
0.11975,0.0098354146,
0.12,0.0162021946,
0.12025,0.0055975076,
0.1205,0.0005564615,
0.12075,0.0096495729,
0.121,0.0119079854,
0.12125,0.0072594713,
0.1215,-0.0005260500,
0.12175,0.0038302704,
0.122,0.0082826735,
0.12225,0.0030261709,
0.1225,0.0014263529,
0.12275,0.0054269326,
0.123,0.0047260616,
0.12325,0.0036161847,
0.1235,0.0012374551,
0.12375,-0.0065421597,
0.124,0.0015383870,
0.12425,0.0073743155,
0.1245,0.0005673191,
0.12475,-0.0025913655,
0.125,-0.0034661968,
0.12525,0.0034453664,
0.1255,0.0062986952,
0.12575,-0.0059708897,
0.126,-0.0022195585,
0.12625,0.0113672242,
0.1265,0.0043867920,
0.12675,-0.0061399965,
0.127,-0.0054280716,
0.12725,0.0083449241,
0.1275,0.0109837474,
0.12775,-0.0018749252,
0.128,-0.0006062889,
0.12825,0.0059810863,
0.1285,0.0037771561,
0.12875,-0.0003277909,
0.129,-0.0014752120,
0.12925,0.0103256088,
0.1295,0.0094746817,
0.12975,0.0030235234,
0.13,0.0038134106,
0.13025,0.0066950265,
0.1305,0.0079790698,
0.13075,0.0002330813,
0.131,0.0051185554,
0.13125,-0.0020537626,
0.1315,0.0035532075,
0.13175,0.0103527484,
0.132,-0.0039592413,
0.13225,0.0047271228,
0.1325,0.0052006408,
0.13275,0.0061187651,
0.133,0.0118383849,
0.13325,0.0005620107,
0.1335,0.0059057856,
0.13375,0.0124591859,
0.134,0.0038731282,
0.13425,-0.0056131529,
0.1345,0.0051968121,
0.13475,0.0081286468,
0.135,0.0055929315,
0.13525,-0.0006165431,
0.1355,-0.0056679216,
0.13575,0.0114860767,
0.136,0.0012412370,
0.13625,-0.0089197550,
0.1365,-0.0016316990,
0.13675,0.0021254723,
0.137,0.0059343413,
0.13725,-0.0028669576,
0.1375,-0.0052412557,
0.13775,0.0020144752,
0.138,0.0054674181,
0.13825,-0.0039266907,
0.1385,-0.0087141497,
0.13875,0.0023086069,
0.139,-0.0032003680,
0.13925,-0.0036932630,
0.1395,-0.0086406954,
0.13975,-0.0121338014,
0.14,-0.0022208313,
0.14025,-0.0023332443,
0.1405,-0.0070704012,
0.14075,-0.0044252682,
0.141,-0.0002659386,
0.14125,0.0015280768,
0.1415,-0.0020097664,
0.14175,-0.0061384942,
0.142,0.0005316342,
0.14225,0.0098143928,
0.1425,-0.0029446648,
0.14275,-0.0086845504,
0.143,0.0038548107,
0.14325,0.0115686851,
0.1435,0.0009084613,
0.14375,-0.0113608120,
0.144,0.0054053878,
0.14425,0.0064779054,
0.1445,-0.0048467345,
0.14475,-0.0061483188,
0.145,0.0030147978,
0.14525,0.0110227372,
0.1455,0.0015338334,
0.14575,-0.0044999770,
0.146,0.0029239776,
0.14625,0.0074944017,
0.1465,0.0017042079,
0.14675,0.0023616224,
0.147,0.0055419421,
0.14725,-0.0019037754,
0.1475,-0.0004299507,
0.14775,0.0023791702,
0.148,-0.0060580485,
0.14825,-0.0029240549,
0.1485,0.0067279930,
0.14875,0.0039704703,
0.149,-0.0057725236,
0.14925,-0.0066671958,
0.1495,0.0006167599,
0.14975,0.0029289755,
0.15,-0.0049671121,
0.15025,-0.0064555956,
0.1505,0.0050121443,
0.15075,0.0059504318,
0.151,-0.0143277543,
0.15125,-0.0138016883,
0.1515,0.0059251073,
0.15175,0.0006425668,
0.152,-0.0115871038,
0.15225,-0.0080059972,
0.1525,0.0022928962,
0.15275,-0.0004843178,
0.153,-0.0079270620,
0.15325,-0.0100230714,
0.1535,0.0012644463,
0.15375,0.0042650406,
0.154,-0.0067409319,
0.15425,-0.0038798435,
0.1545,0.0031400230,
0.15475,-0.0002061904,
0.155,0.0022187808,
0.15525,-0.0037001984,
0.1555,-0.0059041372,
0.15575,0.0049923277,
0.156,0.0012696555,
0.15625,-0.0021659993,
0.1565,-0.0009949008,
0.15675,-0.0045568002,
0.157,0.0042798887,
0.15725,0.0009278897,
0.1575,-0.0055795806,
0.15775,0.0109531367,
0.158,0.0054084761,
0.15825,0.0011347209,
0.1585,0.0017656835,
0.15875,-0.0021001087,
0.159,0.0085919928,
0.15925,0.0078397635,
0.1595,-0.0080906637,
0.15975,0.0007108338,
0.16,0.0096006021,
0.16025,-0.0002767007,
0.1605,-0.0089591332,
0.16075,-0.0006878427,
0.161,0.0065933587,
0.16125,0.0034008650,
0.1615,-0.0074275350,
0.16175,-0.0089881122,
0.162,0.0082201529,
0.16225,-0.0048885029,
0.1625,-0.0053718332,
0.16275,0.0017701529,
0.163,0.0004934317,
0.16325,-0.0016936024,
0.1635,-0.0113137960,
0.16375,-0.0059210691,
0.164,-0.0011966664,
0.16425,-0.0018637289,
0.1645,-0.0011569615,
0.16475,-0.0082475059,
0.165,-0.0120644942,
0.16525,-0.0051805568,
0.1655,-0.0008091913,
0.16575,-0.0071719079,
0.166,-0.0022846861,
0.16625,-0.0011235854,
0.1665,-0.0015485585,
0.16675,-0.0047533941,
0.167,-0.0117779635,
0.16725,0.0039700535,
0.1675,0.0045451825,
0.16775,-0.0008934244,
0.168,-0.0049756095,
0.16825,-0.0006768118,
0.1685,0.0069389488,
0.16875,-0.0007124774,
0.169,-0.0022853301,
0.16925,0.0083473921,
0.1695,0.0082212370,
0.16975,0.0025865410,
0.17,-0.0027338085,
0.17025,-0.0005045994,
0.1705,0.0072788848,
0.17075,0.0039447467,
0.171,0.0018603392,
0.17125,0.0076715788,
0.1715,0.0101460982,
0.17175,0.0040019462,
0.172,0.0022647509,
0.17225,0.0021757127,
0.1725,0.0057825535,
0.17275,0.0080590416,
0.173,0.0055706240,
0.17325,-0.0003493570,
0.1735,0.0015771426,
0.17375,0.0059450134,
0.174,0.0063420092,
0.17425,0.0028972086,
0.1745,0.0038979286,
0.17475,0.0100750867,
0.175,0.0048918040,
0.17525,-0.0025906377,
0.1755,0.0009470236,
0.17575,0.0057158777,
0.176,0.0071708909,
0.17625,-0.0023223630,
0.1765,-0.0031986227,
0.17675,0.0114010973,
0.177,0.0033112245,
0.17725,-0.0042966390,
0.1775,-0.0004727496,
0.17775,0.0073230881,
0.178,0.0074885343,
0.17825,-0.0073131714,
0.1785,-0.0073651187,
0.17875,0.0045689340,
0.179,-0.0008689029,
0.17925,-0.0001639767,
0.1795,-0.0012540782,
0.17975,0.0026021493,
0.18,-0.0013690891,
0.18025,-0.0076124510,
0.1805,-0.0049239327,
0.18075,-0.0014298287,
0.181,0.0005370793,
0.18125,-0.0000969917,
0.1815,0.0037356245,
0.18175,-0.0072395792,
0.182,-0.0023146146,
0.18225,0.0008701874,
0.1825,-0.0029676510,
0.18275,-0.0022923041,
0.183,0.0003529878,
0.18325,0.0057306024,
0.1835,-0.0014352513,
0.18375,-0.0070427489,
0.184,0.0003037772,
0.18425,0.0093617123,
0.1845,0.0055190390,
0.18475,-0.0069022370,
0.185,0.0062231487,
0.18525,0.0112134581,
0.1855,-0.0021485714,
0.18575,-0.0016553282,
0.186,0.0073434003,
0.18625,0.0083001209,
0.1865,0.0066865226,
0.18675,-0.0042537656,
0.187,-0.0012757091,
0.18725,0.0103006195,
0.1875,-0.0005979686,
0.18775,0.0036620011,
0.188,0.0072600315,
0.18825,0.0036590584,
0.1885,0.0083159301,
0.18875,0.0025264621,
0.189,-0.0034655933,
0.18925,0.0069728652,
0.1895,0.0046697529,
0.18975,0.0030022513,
0.19,0.0043618442,
0.19025,-0.0013605534,
0.1905,0.0077927741,
0.19075,0.0044943895,
0.191,-0.0044668708,
0.19125,0.0034173043,
0.1915,0.0065663923,
0.19175,-0.0030552987,
0.192,-0.0040470618,
0.19225,-0.0070896284,
0.1925,-0.0019394620,
0.19275,0.0015231292,
0.193,-0.0097802486,
0.19325,-0.0084797619,
0.1935,0.0063460553,
0.19375,0.0047015692,
0.194,-0.0056634378,
0.19425,-0.0024743243,
0.1945,-0.0003924061,
0.19475,0.0020654947,
0.195,-0.0038321158,
0.19525,-0.0137011185,
0.1955,0.0022003581,
0.19575,-0.0017218713,
0.196,-0.0115576927,
0.19625,-0.0041132998,
0.1965,0.0000455556,
0.19675,-0.0012099955,
0.197,-0.0023587970,
0.19725,-0.0045556030,
0.1975,-0.0055570626,
0.19775,0.0006659904,
0.198,-0.0022952929,
0.19825,-0.0020496300,
0.1985,-0.0027635403,
0.19875,-0.0036806113,
0.199,0.0010372673,
0.19925,-0.0010940938,
0.1995,-0.0019205421,
0.19975,0.0018964697,
0.2,0.0055364110,
0.20025,0.0015135903,
0.2005,-0.0084547969,
0.20075,-0.0031089429,
0.201,0.0023679626,
0.20125,-0.0031510605,
0.2015,-0.0081805661,
0.20175,-0.0030691293,
0.202,0.0049221893,
0.20225,-0.0012871891,
0.2025,-0.0066655437,
0.20275,-0.0060084285,
0.203,-0.0045740968,
0.20325,0.0001973227,
0.2035,-0.0112819718,
0.20375,-0.0053703575,
0.204,0.0018594668,
0.20425,-0.0043816594,
0.2045,-0.0040368149,
0.20475,-0.0107266158,
0.205,-0.0039230799,
0.20525,-0.0018218118,
0.2055,-0.0074868640,
0.20575,-0.0122116581,
0.206,-0.0101731084,
0.20625,-0.0084880106,
0.2065,-0.0080342274,
0.20675,-0.0066802329,
0.207,-0.0061043836,
0.20725,-0.0004089098,
0.2075,-0.0029820635,
0.20775,-0.0099669229,
0.208,-0.0068722037,
0.20825,-0.0055425381,
0.2085,-0.0019049441,
0.20875,-0.0063055051,
0.209,-0.0127433166,
0.20925,-0.0018410269,
0.2095,0.0035574418,
0.20975,-0.0078834398,
0.21,-0.0111634145,
0.21025,-0.0032407250,
0.2105,0.0063252025,
0.21075,-0.0004180198,
0.211,-0.0086399615,
0.21125,0.0029320130,
0.2115,0.0046943356,
0.21175,-0.0056780358,
0.212,-0.0078679984,
0.21225,-0.0000936241,
0.2125,0.0037999279,
0.21275,0.0003005037,
0.213,-0.0051126210,
0.21325,-0.0008664999,
0.2135,0.0042552482,
0.21375,-0.0087820077,
0.214,-0.0020088225,
0.21425,0.0005152200,
0.2145,-0.0040722187,
0.21475,0.0039331890,
0.215,0.0024766121,
0.21525,-0.0054968847,
0.2155,0.0018310273,
0.21575,0.0055490462,
0.216,0.0006270850,
0.21625,0.0060912273,
0.2165,-0.0026600750,
0.21675,0.0021597098,
0.217,0.0052855918,
0.21725,-0.0128498841,
0.2175,-0.0037184572,
0.21775,0.0051440457,
0.218,0.0021561077,
0.21825,-0.0093373852,
0.2185,-0.0096493401,
0.21875,0.0008260800,
0.219,0.0016777182,
0.21925,-0.0001956534,
0.2195,-0.0058548646,
0.21975,0.0052380683,
0.22,0.0030872121,
0.22025,-0.0056704204,
0.2205,-0.0055529531,
0.22075,0.0009348588,
0.221,0.0044619339,
0.22125,-0.0030560852,
0.2215,-0.0077564800,
0.22175,-0.0060026604,
0.222,-0.0016516423,
0.22225,-0.0031674958,
0.2225,-0.0056070434,
0.22275,-0.0045016785,
0.223,0.0016034838,
0.22325,-0.0032214585,
0.2235,-0.0072755646,
0.22375,-0.0060624583,
0.224,-0.0008214951,
0.22425,0.0045955130,
0.2245,-0.0013016297,
0.22475,-0.0040071164,
0.225,0.0031929445,
0.22525,0.0000135833,
0.2255,0.0017385050,
0.22575,-0.0032633864,
0.226,0.0002583736,
0.22625,0.0132660735,
0.2265,0.0020146698,
0.22675,-0.0082117058,
0.227,-0.0031556750,
0.22725,0.0062152417,
0.2275,0.0071904045,
0.22775,-0.0020484601,
0.228,0.0000696348,
0.22825,0.0043910397,
0.2285,0.0053087827,
0.22875,-0.0044489740,
0.229,0.0011841529,
0.22925,0.0137776798,
0.2295,0.0058972221,
0.22975,0.0050488329,
0.23,-0.0014549046,
0.23025,0.0062840916,
0.2305,0.0092995577,
0.23075,0.0036583082,
0.231,0.0036099486,
0.23125,0.0026490774,
0.2315,0.0040831808,
0.23175,0.0027805849,
0.232,0.0004827199,
0.23225,-0.0024072696,
0.2325,0.0053712409,
0.23275,0.0052868137,
0.233,-0.0033483407,
0.23325,0.0027390914,
0.2335,0.0026558919,
0.23375,0.0049759438,
0.234,0.0005660243,
0.23425,-0.0072893705,
0.2345,0.0026516942,
0.23475,0.0071840617,
0.235,-0.0001128080,
0.23525,-0.0058729099,
0.2355,-0.0016171277,
0.23575,0.0066994149,
0.236,0.0030224884,
0.23625,-0.0092373984,
0.2365,0.0014350227,
0.23675,0.0038666534,
0.237,0.0012354306,
0.23725,-0.0041265967,
0.2375,-0.0074724974,
0.23775,0.0054965653,
0.238,0.0035746421,
0.23825,-0.0051077385,
0.2385,-0.0006422679,
0.23875,0.0081228819,
0.239,0.0038175173,
0.23925,0.0013947663,
0.2395,-0.0002772660,
0.23975,0.0010646806,
0.24,0.0063584740,
0.24025,0.0037984618,
0.2405,-0.0027197239,
0.24075,0.0017515355,
0.241,0.0050162729,
0.24125,0.0005765387,
0.2415,0.0060263723,
0.24175,-0.0027838128,
0.242,0.0059116590,
0.24225,0.0145099573,
0.2425,-0.0034775333,
0.24275,-0.0016962599,
0.243,0.0090469019,
0.24325,0.0111965220,
0.2435,0.0032918761,
0.24375,-0.0070214402,
0.244,0.0073301978,
0.24425,0.0164649207,
0.2445,-0.0038407668,
0.24475,-0.0060692821,
0.245,0.0083838431,
0.24525,0.0092495726,
0.2455,0.0021525049,
0.24575,-0.0037150648,
0.246,0.0044339402,
0.24625,0.0067013167,
0.2465,-0.0018044234,
0.24675,0.0002052585,
0.247,0.0044949334,
0.24725,0.0025694806,
0.2475,-0.0018478557,
0.24775,-0.0007156987,
0.248,-0.0063114539,
0.24825,-0.0048003099,
0.2485,0.0000359828,
0.24875,0.0011201308,
0.249,-0.0068728384,
0.24925,-0.0114841154,
0.2495,0.0038595719,
0.24975,0.0000530634,
0.25,-0.0089996038,
0.25025,-0.0034525129,
0.2505,0.0047810366,
0.25075,0.0033829906,
0.251,-0.0112538580,
0.25125,-0.0086524794,
0.2515,0.0069774566,
0.25175,0.0075048655,
0.252,-0.0111295423,
0.25225,-0.0089164348,
0.2525,0.0120321792,
0.25275,-0.0002267096,
0.253,-0.0059695845,
0.25325,-0.0053306180,
0.2535,-0.0013480487,
0.25375,0.0110457828,
0.254,-0.0036846758,
0.25425,-0.0036535012,
0.2545,0.0092399847,
0.25475,0.0042595393,
0.255,0.0026438688,
0.25525,0.0009199863,
0.2555,-0.0028871696,
0.25575,0.0063796244,
0.256,0.0032033864,
0.25625,-0.0039102500,
0.2565,0.0031058104,
0.25675,0.0050214678,
0.257,0.0017695526,
0.25725,0.0062484066,
0.2575,-0.0044373814,
0.25775,0.0013042836,
0.258,0.0098165730,
0.25825,0.0033985958,
0.2585,0.0016850329,
0.25875,0.0045984290,
0.259,0.0090292115,
0.25925,0.0043136426,
0.2595,-0.0064973598,
0.25975,-0.0053358274,
0.26,0.0097767180,
0.26025,0.0026646841,
0.2605,-0.0111256652,
0.26075,-0.0039496715,
0.261,0.0021742631,
0.26125,0.0022411437,
0.2615,-0.0100338915,
0.26175,-0.0068036523,
0.262,0.0036792017,
0.26225,-0.0008594938,
0.2625,-0.0071290997,
0.26275,-0.0071513271,
0.263,0.0012123361,
0.26325,-0.0001864383,
0.2635,-0.0069455951,
0.26375,-0.0079366788,
0.264,-0.0040192702,
0.26425,-0.0024813411,
0.2645,-0.0031974101,
0.26475,-0.0079276897,
0.265,-0.0110438410,
0.26525,0.0001463292,
0.2655,0.0002663927,
0.26575,-0.0029207740,
0.266,0.0004885031,
0.26625,0.0011272092,
0.2665,0.0042568920,
0.26675,0.0009413217,
0.267,-0.0062937802,
0.26725,0.0031715655,
0.2675,0.0114289774,
0.26775,0.0029738359,
0.268,-0.0061392868,
0.26825,-0.0014278174,
0.2685,0.0073094228,
0.26875,0.0018586054,
0.269,-0.0066859643,
0.26925,0.0006289168,
0.2695,0.0092053888,
0.26975,0.0010633238,
0.27,-0.0081229499,
0.27025,-0.0003788139,
0.2705,0.0068679405,
0.27075,0.0087731164,
0.271,0.0018463981,
0.27125,-0.0021720573,
0.2715,0.0091817435,
0.27175,0.0021586772,
0.272,-0.0012484498,
0.27225,-0.0004888396,
0.2725,-0.0018063814,
0.27275,0.0053728782,
0.273,-0.0000499374,
0.27325,-0.0048040682,
0.2735,-0.0043611876,
0.27375,-0.0001859066,
0.274,-0.0021848234,
0.27425,-0.0032877198,
0.2745,-0.0042060106,
0.27475,-0.0021854709,
0.275,0.0031806915,
0.27525,-0.0033698662,
0.2755,-0.0092279529,
0.27575,-0.0010884921,
0.276,0.0062152902,
0.27625,-0.0017647708,
0.2765,-0.0117803263,
0.27675,-0.0000443311,
0.277,0.0079733580,
0.27725,-0.0028906851,
0.2775,-0.0109702535,
0.27775,-0.0016568447,
0.278,0.0083334856,
0.27825,-0.0031566522,
0.2785,-0.0101646977,
0.27875,0.0030991510,
0.279,0.0096142758,
0.27925,-0.0013220626,
0.2795,-0.0038045610,
0.27975,0.0033360031,
0.28,0.0078915115,
0.28025,-0.0010522299,
0.2805,0.0016944552,
0.28075,0.0012714290,
0.281,-0.0014971650,
0.28125,0.0041423049,
0.2815,0.0054294514,
0.28175,-0.0000156624,
0.282,0.0015316731,
0.28225,0.0104596261,
0.2825,0.0085079288,
0.28275,0.0012895511,
0.283,0.0031975405,
0.28325,0.0096497023,
0.2835,0.0108362585,
0.28375,-0.0042716172,
0.284,-0.0031038024,
0.28425,0.0148442863,
0.2845,0.0116488263,
0.28475,-0.0081513189,
0.285,-0.0039924784,
0.28525,0.0100773219,
0.2855,0.0070307683,
0.28575,-0.0012910801,
0.286,0.0021429765,
0.28625,0.0087962430,
0.2865,0.0070752166,
0.28675,-0.0027076667,
0.287,-0.0035718142,
0.28725,0.0081234714,
0.2875,0.0077790394,
0.28775,0.0019371578,
0.288,-0.0001093455,
0.28825,0.0023188442,
0.2885,0.0022660086,
0.28875,-0.0030280743,
0.289,-0.0033381660,
0.28925,-0.0051362989,
0.2895,0.0031339854,
0.28975,0.0042091305,
0.29,-0.0014755108,
0.29025,-0.0044153193,
0.2905,-0.0003892152,
0.29075,0.0078204498,
0.291,0.0010088620,
0.29125,0.0018111552,
0.2915,0.0049524223,
0.29175,0.0069096982,
0.292,0.0067129340,
0.29225,-0.0060564084,
0.2925,0.0075301901,
0.29275,0.0148359174,
0.293,0.0068075461,
0.29325,-0.0017171113,
0.2935,0.0020577218,
0.29375,0.0133897075,
0.294,0.0068700491,
0.29425,-0.0003824380,
0.2945,0.0036540127,
0.29475,0.0111484760,
0.295,0.0075035663,
0.29525,-0.0024795879,
0.2955,0.0054677268,
0.29575,0.0078072841,
0.296,0.0084852660,
0.29625,0.0036988186,
0.2965,0.0005783031,
0.29675,0.0141568985,
0.297,0.0064795190,
0.29725,0.0025265706,
0.2975,0.0039750859,
0.29775,0.0002361751,
0.298,0.0031847348,
0.29825,0.0054736212,
0.2985,-0.0030996043,
0.29875,-0.0018794138,
0.299,0.0066141640,
0.29925,-0.0041822302,
0.2995,-0.0000513651,
0.29975,0.0026770274,
0.3,0.0005691493,
0.30025,0.0063366424,
0.3005,-0.0031055578,
0.30075,-0.0075845513,
0.301,0.0020023850,
0.30125,0.0024465823,
0.3015,-0.0047425851,
0.30175,-0.0071147960,
0.302,-0.0005004012,
0.30225,0.0023184179,
0.3025,-0.0015918431,
0.30275,-0.0091561852,
0.303,-0.0069176895,
0.30325,0.0028591752,
0.3035,-0.0051220311,
0.30375,-0.0100966580,
0.304,-0.0025377721,
0.30425,-0.0005984289,
0.3045,-0.0000842216,
0.30475,-0.0078605153,
0.305,-0.0058446615,
0.30525,0.0071396912,
0.3055,0.0004016471,
0.30575,-0.0029786725,
0.306,-0.0001669178,
0.30625,-0.0009899779,
0.3065,0.0006954923,
0.30675,-0.0017750548,
0.307,-0.0031853886,
0.30725,-0.0008574422,
0.3075,0.0020492044,
0.30775,-0.0012336564,
0.308,-0.0018629157,
0.30825,0.0010312881,
0.3085,0.0042919717,
0.30875,0.0088868923,
0.309,0.0007451935,
0.30925,-0.0044739228,
0.3095,0.0102232732,
0.30975,0.0082387645,
0.31,-0.0052544419,
0.31025,-0.0048017027,
0.3105,0.0071494151,
0.31075,0.0080067310,
0.311,-0.0040173926,
0.31125,-0.0078046839,
0.3115,0.0068723946,
0.31175,0.0040286751,
0.312,-0.0082968269,
0.31225,-0.0012987750,
0.3125,0.0080072954,
0.31275,0.0017456344,
0.313,-0.0045089070,
0.31325,-0.0043250150,
0.3135,0.0001489590,
0.31375,-0.0010291276,
0.314,-0.0079222871,
0.31425,-0.0046282043,
0.3145,-0.0026708506,
0.31475,-0.0095811561,
0.315,0.0006488698,
0.31525,-0.0021086205,
0.3155,-0.0100501552,
0.31575,-0.0045929141,
0.316,-0.0020149413,
0.31625,-0.0037255485,
0.3165,-0.0096050752,
0.31675,-0.0067995507,
0.317,-0.0027822589,
0.31725,-0.0052608228,
0.3175,-0.0174650103,
0.31775,-0.0086079994,
0.318,0.0106994612,
0.31825,-0.0126006268,
0.3185,-0.0166701302,
0.31875,-0.0009857231,
0.319,-0.0018035930,
0.31925,-0.0019977323,
0.3195,-0.0131291477,
0.31975,-0.0037196185,
0.32,0.0006514979,
0.32025,-0.0102694370,
0.3205,-0.0122133438,
0.32075,-0.0033390473,
0.321,0.0011568858,
0.32125,-0.0067700353,
0.3215,-0.0016042220,
0.32175,-0.0035316553,
0.322,-0.0043680980,
0.32225,0.0025320577,
0.3225,-0.0029614945,
0.32275,-0.0030263020,
0.323,-0.0011664752,
0.32325,0.0033260169,
0.3235,0.0024785600,
0.32375,-0.0033195168,
0.324,-0.0027975072,
0.32425,0.0061706309,
0.3245,0.0047065257,
0.32475,-0.0055611245,
0.325,0.0046948320,
0.32525,0.0094115930,
0.3255,-0.0000704485,
0.32575,-0.0027689466,
0.326,-0.0035077299,
0.32625,0.0076537482,
0.3265,0.0093051186,
0.32675,-0.0071037058,
0.327,-0.0045827734,
0.32725,0.0072584818,
0.3275,0.0057367147,
0.32775,0.0004828863,
0.328,0.0015802311,
0.32825,0.0030004049,
0.3285,0.0034214621,
0.32875,-0.0043877773,
0.329,-0.0083875731,
0.32925,0.0014362966,
0.3295,0.0033701845,
0.32975,-0.0065394286,
0.33,-0.0030366420,
0.33025,-0.0049232082,
0.3305,-0.0050446489,
0.33075,-0.0031419247,
0.331,-0.0100234468,
0.33125,-0.0055318261,
0.3315,-0.0021378724,
0.33175,-0.0014402380,
0.332,-0.0024472177,
0.33225,-0.0093147568,
0.3325,0.0015779454,
0.33275,0.0001872726,
0.333,-0.0036272407,
0.33325,-0.0030093179,
0.3335,-0.0022491757,
0.33375,0.0006456347,
0.334,-0.0050539598,
0.33425,-0.0076077785,
0.3345,-0.0059858146,
0.33475,0.0064393682,
0.335,-0.0032492492,
0.33525,-0.0081043486,
0.3355,0.0005058833,
0.33575,0.0005747682,
0.336,0.0074490719,
0.33625,-0.0050562765,
0.3365,-0.0026803515,
0.33675,0.0065859742,
0.337,0.0023205429,
0.33725,-0.0005948970,
0.3375,-0.0032021364,
0.33775,0.0073822010,
0.338,0.0032844092,
0.33825,-0.0023284364,
0.3385,-0.0012730407,
0.33875,0.0010254809,
0.339,0.0071090963,
0.33925,0.0002773113,
0.3395,0.0029637637,
0.33975,0.0008773392,
0.34,0.0031887768,
0.34025,0.0002222873,
0.3405,-0.0026093598,
0.34075,0.0034389365,
0.341,-0.0000583785,
0.34125,0.0070136338,
0.3415,0.0011742038,
0.34175,-0.0059457403,
0.342,0.0033810916,
0.34225,0.0030994001,
0.3425,-0.0020170575,
0.34275,-0.0012250026,
0.343,0.0043981322,
0.34325,0.0072587021,
0.3435,-0.0020444000,
0.34375,-0.0147209298,
0.344,0.0036915906,
0.34425,0.0139132189,
0.3445,-0.0017151884,
0.34475,-0.0041955346,
0.345,0.0038078823,
0.34525,0.0021477921,
0.3455,-0.0025474571,
0.34575,-0.0056669898,
0.346,0.0008554570,
0.34625,0.0071447827,
0.3465,-0.0053544831,
0.34675,-0.0068586459,
0.347,0.0042728572,
0.34725,-0.0015451759,
0.3475,0.0002406346,
0.34775,0.0034844140,
0.348,-0.0036818632,
0.34825,-0.0003043448,
0.3485,0.0053127287,
0.34875,0.0039094067,
0.349,0.0039070919,
0.34925,0.0013771520,
0.3495,0.0064852037,
0.34975,0.0082464945,
0.35,-0.0022826851,
0.35025,-0.0004403737,
0.3505,0.0111130355,
0.35075,0.0060773706,
0.351,-0.0043986673,
0.35125,-0.0013840914,
0.3515,0.0095070601,
0.35175,0.0079104491,
0.352,-0.0075931326,
0.35225,-0.0012306949,
0.3525,0.0135035068,
0.35275,0.0080671180,
0.353,-0.0033991642,
0.35325,0.0020463222,
0.3535,0.0074794097,
0.35375,0.0077178301,
0.354,0.0015008978,
0.35425,-0.0017419668,
0.3545,0.0085263290,
0.35475,0.0051711597,
0.355,-0.0047790264,
0.35525,0.0003660565,
0.3555,-0.0011566150,
0.35575,-0.0017331179,
0.356,0.0058128042,
0.35625,-0.0046258043,
0.3565,-0.0021598057,
0.35675,0.0004138378,
0.357,-0.0047510057,
0.35725,0.0010489441,
0.3575,-0.0020810212,
0.35775,-0.0020347829,
0.358,0.0059823459,
0.35825,-0.0018873309,
0.3585,-0.0085315602,
0.35875,0.0003461461,
0.359,0.0011891929,
0.35925,-0.0038983175,
0.3595,-0.0100220265,
0.35975,-0.0064290152,
0.36,0.0064687855,
0.36025,-0.0017697955,
0.3605,-0.0143499449,
0.36075,-0.0027645766,
0.361,0.0101463301,
0.36125,-0.0048081642,
0.3615,-0.0062732790,
0.36175,-0.0036542325,
0.362,0.0015157090,
0.36225,0.0025310728,
0.3625,-0.0097006904,
0.36275,0.0014433821,
0.363,0.0054801600,
0.36325,-0.0011111847,
0.3635,-0.0037888298,
0.36375,-0.0047004474,
0.364,0.0025268740,
0.36425,-0.0002155809,
0.3645,0.0014135260,
0.36475,-0.0021270853,
0.365,-0.0069676004,
0.36525,0.0006434334,
0.3655,-0.0007440376,
0.36575,-0.0030652476,
0.366,-0.0007385560,
0.36625,0.0064802757,
0.3665,0.0023302557,
0.36675,-0.0020065941,
0.367,-0.0029010689,
0.36725,0.0021047709,
0.3675,0.0096460050,
0.36775,0.0001181142,
0.368,-0.0058547715,
0.36825,0.0043922048,
0.3685,0.0024286152,
0.36875,-0.0073808101,
0.369,-0.0100042494,
0.36925,0.0000252169,
0.3695,0.0058967760,
0.36975,-0.0017251619,
0.37,-0.0109206038,
0.37025,-0.0017467857,
0.3705,0.0013514278,
0.37075,-0.0067519145,
0.371,-0.0048542530,
0.37125,-0.0046545924,
0.3715,0.0010682652,
0.37175,0.0003565803,
0.372,-0.0114491433,
0.37225,-0.0056271302,
0.3725,-0.0049177874,
0.37275,-0.0053091627,
0.373,-0.0049719596,
0.37325,-0.0123816095,
0.3735,-0.0099282144,
0.37375,0.0010392152,
0.374,-0.0048456118,
0.37425,-0.0055787079,
0.3745,-0.0005294684,
0.37475,-0.0054732775,
0.375,-0.0001743956,
0.37525,-0.0070177014,
0.3755,-0.0120587312,
0.37575,0.0036305846,
0.376,0.0010319321,
0.37625,-0.0077960039,
0.3765,-0.0055075302,
0.37675,0.0032648551,
0.377,0.0071081491,
0.37725,-0.0027777490,
0.3775,-0.0063932687,
0.37775,0.0037111065,
0.378,0.0071794610,
0.37825,-0.0104971146,
0.3785,-0.0088854469,
0.37875,0.0009019416,
0.379,0.0058453227,
0.37925,0.0001829373,
0.3795,-0.0041853795,
0.37975,0.0045667407,
0.38,0.0035600783,
0.38025,-0.0007697239,
0.3805,-0.0023393161,
0.38075,-0.0014162019,
0.381,0.0023104616,
0.38125,0.0032071082,
0.3815,0.0032908022,
0.38175,-0.0015154192,
0.382,-0.0031871020,
0.38225,0.0062319469,
0.3825,0.0015482890,
0.38275,-0.0081758536,
0.383,0.0028826720,
0.38325,0.0059184050,
0.3835,-0.0004465785,
0.38375,-0.0062135980,
0.384,-0.0038036471,
0.38425,0.0075341323,
0.3845,0.0042318092,
0.38475,-0.0100370627,
0.385,-0.0089719538,
0.38525,0.0092943432,
0.3855,-0.0047897287,
0.38575,-0.0139347259,
0.386,0.0013838656,
0.38625,-0.0019418723,
0.3865,0.0019287148,
0.38675,-0.0082374532,
0.387,-0.0107679963,
0.38725,0.0054512843,
0.3875,0.0000905239,
0.38775,-0.0085806176,
0.388,-0.0056060920,
0.38825,0.0006714569,
0.3885,-0.0022580200,
0.38875,-0.0033252737,
0.389,-0.0059274980,
0.38925,-0.0040710680,
0.3895,0.0063292878,
0.38975,0.0019175382,
0.39,-0.0036069241,
0.39025,-0.0028753595,
0.3905,-0.0006309242,
0.39075,0.0076327571,
0.391,0.0054438035,
0.39125,-0.0003094557,
0.3915,0.0050140680,
0.39175,0.0072876876,
0.392,0.0008838957,
0.39225,-0.0026695114,
0.3925,0.0042916727,
0.39275,0.0113610160,
0.393,0.0087500177,
0.39325,-0.0103622722,
0.3935,-0.0002217584,
0.39375,0.0142137883,
0.394,0.0012915060,
0.39425,0.0013051763,
0.3945,0.0076881768,
0.39475,0.0097466391,
0.395,0.0098499516,
0.39525,-0.0058704652,
0.3955,0.0026573683,
0.39575,0.0150750661,
0.396,0.0079030413,
0.39625,0.0063976347,
0.3965,0.0053605903,
0.39675,0.0063897325,
0.397,0.0044132248,
0.39725,0.0018287910,
0.3975,-0.0008543000,
0.39775,0.0019623807,
0.398,0.0052818605,
0.39825,0.0011081174,
0.3985,-0.0025242474,
0.39875,-0.0042450279,
0.399,0.0056621986,
0.39925,0.0084243333,
0.3995,-0.0013822346,
0.39975,-0.0001064202,
0.4,0.0022370666,
0.40025,0.0012641747,
0.4005,-0.0007238277,
0.40075,-0.0044829021,
0.401,0.0053957840,
0.40125,0.0115162749,
0.4015,-0.0015543109,
0.40175,-0.0078065461,
0.402,0.0002062662,
0.40225,0.0071207359,
0.4025,0.0009359303,
0.40275,-0.0013086842,
0.403,-0.0025880805,
0.40325,0.0019574200,
0.4035,0.0015120676,
0.40375,-0.0069123134,
0.404,0.0039359643,
0.40425,0.0109298350,
0.4045,0.0073887696,
0.40475,0.0034231993,
0.405,0.0011977797,
0.40525,0.0089856312,
0.4055,0.0063049486,
0.40575,-0.0008755113,
0.406,-0.0006582774,
0.40625,0.0070911576,
0.4065,0.0092464117,
0.40675,0.0006757847,
0.407,0.0003504079,
0.40725,0.0029759400,
0.4075,0.0089821704,
0.40775,0.0067839916,
0.408,0.0036559906,
0.40825,0.0060735834,
0.4085,0.0061717448,
0.40875,0.0066123102,
0.409,0.0035655741,
0.40925,-0.0016242133,
0.4095,0.0091933943,
0.40975,0.0134237213,
0.41,0.0036657127,
0.41025,-0.0061400030,
0.4105,0.0060010925,
0.41075,0.0153956395,
0.411,0.0015147324,
0.41125,-0.0030410569,
0.4115,0.0012354531,
0.41175,0.0073226839,
0.412,0.0021624088,
0.41225,-0.0062805312,
0.4125,0.0064548533,
0.41275,0.0112982458,
0.413,-0.0027721117,
0.41325,-0.0030338988,
0.4135,-0.0016268676,
0.41375,-0.0033357295,
0.414,0.0012942096,
0.41425,-0.0027452577,
0.4145,-0.0065139611,
0.41475,-0.0000353298,
0.415,-0.0004838480,
0.41525,-0.0015316873,
0.4155,-0.0061669517,
0.41575,-0.0057857293,
0.416,0.0071218787,
0.41625,0.0046861619,
0.4165,-0.0067741941,
0.41675,-0.0003100527,
0.417,0.0072348001,
0.41725,0.0019640757,
0.4175,-0.0043655261,
0.41775,-0.0010294400,
0.418,0.0114517557,
0.41825,0.0042578126,
0.4185,-0.0115649588,
0.41875,-0.0086846519,
0.419,0.0070967996,
0.41925,0.0035328744,
0.4195,-0.0051148087,
0.41975,-0.0006045598,
0.42,0.0044898796,
0.42025,0.0090316674,
0.4205,0.0005863120,
0.42075,-0.0017470954,
0.421,0.0072658369,
0.42125,0.0041658347,
0.4215,0.0013813134,
0.42175,-0.0041502551,
0.422,0.0038581043,
0.42225,0.0040927446,
0.4225,0.0011437889,
0.42275,-0.0012687214,
0.423,-0.0034289144,
0.42325,0.0052576209,
0.4235,0.0008296187,
0.42375,-0.0028948693,
0.424,-0.0052280682,
0.42425,-0.0004943435,
0.4245,0.0017812215,
0.42475,-0.0015063601,
0.425,-0.0036779882,
0.42525,0.0003004160,
0.4255,0.0063103270,
0.42575,-0.0036466955,
0.426,-0.0094198147,
0.42625,-0.0035000022,
0.4265,0.0032074249,
0.42675,-0.0020584459,
0.427,-0.0147325033,
0.42725,-0.0050909156,
0.4275,0.0090140058,
0.42775,-0.0029040417,
0.428,-0.0104978010,
0.42825,-0.0016761497,
0.4285,0.0013612963,
0.42875,-0.0020423220,
0.429,-0.0054514962,
0.42925,-0.0055196816,
0.4295,0.0087178759,
0.42975,0.0014329315,
0.43,-0.0081179347,
0.43025,0.0048822579,
0.4305,-0.0009428867,
0.43075,0.0000464813,
0.431,0.0039224639,
0.43125,-0.0042535812,
0.4315,0.0008259533,
0.43175,0.0018569723,
0.432,0.0039031894,
0.43225,-0.0028321762,
0.4325,0.0010616415,
0.43275,0.0056099612,
0.433,0.0032172839,
0.43325,0.0012336281,
0.4335,-0.0037711102,
0.43375,0.0084525123,
0.434,0.0048280749,
0.43425,-0.0049334969,
0.4345,-0.0025666936,
0.43475,0.0026824437,
0.435,0.0070697772,
0.43525,-0.0026736362,
0.4355,-0.0066432115,
0.43575,0.0045280731,
0.436,0.0059175096,
0.43625,-0.0024936008,
0.4365,-0.0049713622,
0.43675,-0.0020527907,
0.437,0.0005574970,
0.43725,-0.0018787789,
0.4375,-0.0107281972,
0.43775,-0.0017610948,
0.438,0.0043698489,
0.43825,-0.0035531241,
0.4385,-0.0068055307,
0.43875,-0.0058571752,
0.439,-0.0042892732,
0.43925,-0.0024666635,
0.4395,-0.0106293438,
0.43975,-0.0067195557,
0.44,-0.0034186083,
0.44025,-0.0043408051,
0.4405,-0.0037855767,
0.44075,-0.0075466461,
0.441,-0.0036910377,
0.44125,-0.0027175504,
0.4415,-0.0031663876,
0.44175,-0.0054696724,
0.442,-0.0036366954,
0.44225,-0.0006366291,
0.4425,-0.0000314195,
0.44275,-0.0054309946,
0.443,-0.0056466064,
0.44325,0.0076117581,
0.4435,0.0080383858,
0.44375,-0.0059558665,
0.444,-0.0007694114,
0.44425,0.0073900390,
0.4445,0.0063515226,
0.44475,-0.0037614973,
0.445,-0.0026526456,
0.44525,0.0098306201,
0.4455,0.0064737527,
0.44575,-0.0018934675,
0.446,0.0017731073,
0.44625,0.0068224384,
0.4465,0.0092194052,
0.44675,-0.0005302281,
0.447,0.0016020088,
0.44725,0.0107781226,
0.4475,0.0020186880,
0.44775,0.0066521759,
0.448,0.0052398681,
0.44825,0.0006974710,
0.4485,0.0027897351,
0.44875,0.0075764200,
0.449,0.0013077200,
0.44925,-0.0018187944,
0.4495,0.0014335075,
0.44975,0.0057292022,
0.45,0.0003774962,
0.45025,-0.0048246626,
0.4505,0.0025188087,
0.45075,0.0113448277,
0.451,0.0005855418,
0.45125,-0.0061065559,
0.4515,0.0075754328,
0.45175,0.0086662099,
0.452,-0.0023959633,
0.45225,-0.0068659801,
0.4525,0.0029033511,
0.45275,0.0111297201,
0.453,-0.0057855039,
0.45325,-0.0075239232,
0.4535,0.0032636644,
0.45375,-0.0010003302,
0.454,0.0001675736,
0.45425,-0.0052878312,
0.4545,-0.0019085051,
0.45475,0.0043736552,
0.455,-0.0013487157,
0.45525,-0.0036231545,
0.4555,-0.0011684881,
0.45575,0.0007806785,
0.456,0.0006380861,
0.45625,0.0012358862,
0.4565,-0.0077012838,
0.45675,-0.0038714209,
0.457,0.0043925419,
0.45725,-0.0036693481,
0.4575,-0.0005297741,
0.45775,0.0008022177,
0.458,-0.0002808832,
0.45825,0.0043539293,
0.4585,-0.0032859715,
0.45875,0.0012043004,
0.459,0.0090488195,
0.45925,0.0050070807,
0.4595,-0.0014755129,
0.45975,-0.0015640259,
0.46,0.0042422423,
0.46025,0.0105622392,
0.4605,-0.0009697833,
0.46075,-0.0021329371,
0.461,0.0151509708,
0.46125,0.0073701101,
0.4615,-0.0013536124,
0.46175,0.0027564536,
0.462,0.0053663556,
0.46225,0.0107968301,
0.4625,0.0010137063,
0.46275,0.0005800268,
0.463,0.0104485471,
0.46325,0.0095410235,
0.4635,0.0020978290,
0.46375,0.0029165135,
0.464,0.0073486725,
0.46425,0.0037529971,
0.4645,0.0078249946,
0.46475,0.0040708650,
0.465,-0.0018818000,
0.46525,0.0032007275,
0.4655,0.0035843926,
0.46575,-0.0019474630,
0.466,-0.0012099199,
0.46625,0.0056195548,
0.4665,0.0045342320,
0.46675,0.0018980058,
0.467,-0.0023762628,
0.46725,-0.0010498562,
0.4675,0.0039233500,
0.46775,-0.0052009900,
0.468,-0.0107373344,
0.46825,-0.0028534909,
0.4685,0.0017778473,
0.46875,-0.0053488975,
0.469,-0.0064340564,
0.46925,0.0005635294,
0.4695,0.0033757463,
0.46975,0.0018556737,
0.47,-0.0091827642,
0.47025,-0.0077024698,
0.4705,-0.0004401387,
0.47075,-0.0067751110,
0.471,-0.0094350865,
0.47125,-0.0065871216,
0.4715,-0.0008037372,
0.47175,-0.0018307213,
0.472,-0.0062415069,
0.47225,-0.0070881089,
0.4725,0.0008582417,
0.47275,0.0036204883,
0.473,-0.0018476862,
0.47325,-0.0037232670,
0.4735,-0.0072657522,
0.47375,-0.0029095423,
0.474,-0.0035149304,
0.47425,-0.0049221832,
0.4745,0.0016452463,
0.47475,0.0006266651,
0.475,-0.0007998574,
0.47525,-0.0035605442,
0.4755,-0.0085814837,
0.47575,-0.0014601364,
0.476,0.0045187389,
0.47625,-0.0020655270,
0.4765,-0.0079382779,
0.47675,0.0045079044,
0.477,0.0050607566,
0.47725,-0.0054445486,
0.4775,-0.0063129365,
0.47775,-0.0003303471,
0.478,0.0057916413,
0.47825,0.0003301253,
0.4785,-0.0100909472,
0.47875,0.0038164342,
0.479,0.0062041688,
0.47925,-0.0088423379,
0.4795,-0.0057833218,
0.47975,-0.0019960166,
0.48,-0.0031462128,
0.48025,-0.0020898543,
0.4805,-0.0126782442,
0.48075,-0.0033314480,
0.481,-0.0065716570,
0.48125,-0.0101283286,
0.4815,-0.0003699845,
0.48175,-0.0070627355,
0.482,-0.0058530141,
0.48225,0.0012495662,
0.4825,-0.0003361693,
0.48275,-0.0077761188,
0.483,-0.0070963772,
0.48325,-0.0024968667,
0.4835,-0.0017202577,
0.48375,-0.0119542219,
0.484,-0.0115032410,
0.48425,0.0061714374,
0.4845,-0.0014257350,
0.48475,-0.0157127939,
0.485,-0.0089121722,
0.48525,0.0046174638,
0.4855,-0.0024444575,
0.48575,-0.0144148106,
0.486,-0.0021012926,
0.48625,0.0057715187,
0.4865,-0.0012240112,
0.48675,-0.0089288792,
0.487,-0.0069696782,
0.48725,0.0033197177,
0.4875,-0.0023882375,
0.48775,-0.0080429129,
0.488,0.0002158629,
0.48825,0.0010565720,
0.4885,-0.0015132733,
0.48875,-0.0022063819,
0.489,-0.0060922988,
0.48925,-0.0041021891,
0.4895,0.0017774492,
0.48975,0.0037499191,
0.49,-0.0044012060,
0.49025,-0.0010959879,
0.4905,-0.0010256604,
0.49075,-0.0016690303,
0.491,-0.0000014515,
0.49125,-0.0057369610,
0.4915,0.0035078982,
0.49175,0.0056762383,
0.492,-0.0024538208,
0.49225,-0.0043802513,
0.4925,-0.0013557863,
0.49275,0.0022500902,
0.493,-0.0012362248,
0.49325,-0.0124114556,
0.4935,-0.0038922075,
0.49375,0.0067243241,
0.494,-0.0034662210,
0.49425,-0.0076377522,
0.4945,-0.0023152616,
0.49475,0.0082777748,
0.495,-0.0021433849,
0.49525,-0.0087622842,
0.4955,-0.0051438999,
0.49575,0.0022770059,
0.496,-0.0032816771,
0.49625,-0.0101373307,
0.4965,-0.0037224772,
0.49675,0.0004174587,
0.497,-0.0082835071,
0.49725,-0.0074642180,
0.4975,-0.0047614314,
0.49775,-0.0056412839,
0.498,0.0033014216,
0.49825,-0.0012058873,
0.4985,-0.0075413175,
0.49875,-0.0062041245,
0.499,-0.0017230517,
0.49925,0.0034432437,
0.4995,-0.0035515453,
0.49975,-0.0003783884,
0.5,0.0025441661,
0.50025,-0.0007879775,
0.5005,-0.0032422016,
0.50075,-0.0051264116,
0.501,0.0055970261,
0.50125,0.0076293433,
0.5015,-0.0023222794,
0.50175,-0.0061665801,
0.502,0.0023805948,
0.50225,0.0048599136,
0.5025,-0.0019329246,
0.50275,0.0002840166,
0.503,0.0035090677,
0.50325,0.0034672678,
0.5035,-0.0005141066,
0.50375,-0.0036283582,
0.504,0.0009301556,
0.50425,0.0105403028,
0.5045,0.0040287636,
0.50475,-0.0028747311,
0.505,0.0023954555,
0.50525,0.0061034653,
0.5055,0.0017017333,
0.50575,-0.0012075381,
0.506,-0.0039129723,
0.50625,0.0022676589,
0.5065,0.0036824660,
0.50675,-0.0043326761,
0.507,-0.0038289928,
0.50725,0.0025715032,
0.5075,0.0057770079,
0.50775,0.0033446276,
0.508,-0.0003678344,
0.50825,0.0016952280,
0.5085,-0.0001909114,
0.50875,0.0018967298,
0.509,-0.0016762106,
0.50925,-0.0034800898,
0.5095,0.0102171870,
0.50975,0.0059599634,
0.51,-0.0018085534,
0.51025,-0.0062677306,
0.5105,-0.0002062668,
0.51075,0.0094300397,
0.511,-0.0044902684,
0.51125,-0.0028755181,
0.5115,0.0037695407,
0.51175,0.0064899470,
0.512,-0.0017756699,
0.51225,-0.0058359471,
0.5125,0.0047708703,
0.51275,0.0101182386,
0.513,0.0012578918,
0.51325,-0.0056707347,
0.5135,0.0036460652,
0.51375,0.0027819767,
0.514,0.0001879247,
0.51425,0.0019677884,
0.5145,0.0021803649,
0.51475,0.0047882828,
0.515,0.0060319225,
0.51525,0.0030805708,
0.5155,-0.0032161940,
0.51575,-0.0004733054,
0.516,0.0072852829,
0.51625,0.0020749690,
0.5165,-0.0034923842,
0.51675,0.0018351374,
0.517,0.0099800080,
0.51725,0.0076702498,
0.5175,-0.0023725438,
0.51775,0.0049008960,
0.518,0.0156300906,
0.51825,0.0095325233,
0.5185,-0.0066830283,
0.51875,-0.0021891973,
0.519,0.0140232118,
0.51925,0.0035012374,
0.5195,-0.0052540028,
0.51975,0.0013701632,
0.52,0.0089923739,
0.52025,0.0075373594,
0.5205,-0.0006464013,
0.52075,0.0029187007,
0.521,0.0098900478,
0.52125,0.0080805756,
0.5215,-0.0003787220,
0.52175,-0.0013240378,
0.522,0.0027261747,
0.52225,-0.0011691444,
0.5225,-0.0024502270,
0.52275,-0.0038864973,
0.523,-0.0024628509,
0.52325,0.0031073154,
0.5235,0.0011871436,
0.52375,-0.0049091782,
0.524,-0.0067044972,
0.52425,0.0016128782,
0.5245,0.0027835183,
0.52475,-0.0020187241,
0.525,0.0007292266,
0.52525,-0.0019023009,
0.5255,0.0048019709,
0.52575,-0.0013327952,
0.526,-0.0117986072,
0.52625,0.0022487969,
0.5265,0.0097968504,
0.52675,-0.0003695749,
0.527,-0.0078164237,
0.52725,-0.0040060179,
0.5275,0.0086313337,
0.52775,0.0049842112,
0.528,-0.0067257844,
0.52825,0.0012069405,
0.5285,0.0137912054,
0.52875,0.0033812788,
0.529,-0.0040579271,
0.52925,0.0059357635,
0.5295,0.0089753922,
0.52975,0.0083410274,
0.53,-0.0004949714,
0.53025,0.0014237490,
0.5305,0.0085915262,
0.53075,0.0016446365,
0.531,-0.0004617267,
0.53125,-0.0000838056,
0.5315,-0.0005268694,
0.53175,0.0024978761,
0.532,0.0078906640,
0.53225,-0.0038034846,
0.5325,0.0009990400,
0.53275,0.0050610630,
0.533,0.0041230712,
0.53325,0.0046813390,
0.5335,-0.0028897598,
0.53375,0.0035264597,
0.534,0.0045191748,
0.53425,-0.0086587220,
0.5345,-0.0061101303,
0.53475,0.0046059238,
0.535,0.0071889265,
0.53525,-0.0019602324,
0.5355,-0.0112606008,
0.53575,-0.0035595214,
0.536,0.0063811126,
0.53625,-0.0060011316,
0.5365,-0.0102507751,
0.53675,-0.0024672553,
0.537,-0.0018821978,
0.53725,-0.0043328712,
0.5375,-0.0127026290,
0.53775,-0.0088481139,
0.538,0.0035115154,
0.53825,-0.0024516464,
0.5385,-0.0100452919,
0.53875,-0.0008647278,
0.539,-0.0010385086,
0.53925,-0.0012814027,
0.5395,-0.0039723706,
0.53975,-0.0110885324,
0.54,0.0009828021,
0.54025,-0.0009071876,
0.5405,-0.0021661404,
0.54075,-0.0005998354,
0.541,-0.0029568216,
0.54125,0.0034066176,
0.5415,-0.0004271497,
0.54175,-0.0032444187,
0.542,-0.0004258733,
0.54225,0.0042141937,
0.5425,0.0041605295,
0.54275,-0.0046745604,
0.543,-0.0086150244,
0.54325,-0.0007894313,
0.5435,0.0098575698,
0.54375,-0.0029149440,
0.544,-0.0080922581,
0.54425,0.0100606596,
0.5445,0.0051907906,
0.54475,-0.0019095758,
0.545,-0.0066297483,
0.54525,0.0016492654,
0.5455,0.0145239588,
0.54575,-0.0030879092,
0.546,-0.0060425885,
0.54625,0.0074673379,
0.5465,0.0006598062,
0.54675,-0.0029569610,
0.547,0.0011946398,
0.54725,0.0002155506,
0.5475,0.0026786795,
0.54775,0.0010943791,
0.548,-0.0069961655,
0.54825,-0.0031392358,
0.5485,-0.0019534247,
0.54875,0.0028372752,
0.549,0.0078209303,
0.54925,-0.0065653073,
0.5495,-0.0051693572,
0.54975,0.0075128861,
0.55,0.0025986948,
0.55025,-0.0054846872,
0.5505,0.0005837043,
0.55075,0.0065689725,
0.551,0.0020916297,
0.55125,-0.0144851813,
0.5515,-0.0106839016,
0.55175,0.0118837738,
0.552,0.0008830507,
0.55225,-0.0114691425,
0.5525,-0.0028644435,
0.55275,0.0027322306,
0.553,0.0024730337,
0.55325,-0.0078429449,
0.5535,-0.0081354585,
0.55375,0.0112035116,
0.554,0.0044492055,
0.55425,-0.0062250509,
0.5545,0.0024661233,
0.55475,0.0033138928,
0.555,0.0051470473,
0.55525,0.0024747511,
0.5555,-0.0025916181,
0.55575,0.0029074699,
0.556,0.0037414429,
0.55625,-0.0024146205,
0.5565,0.0002514154,
0.55675,-0.0016800397,
0.557,-0.0038427811,
0.55725,0.0080949981,
0.5575,-0.0000699568,
0.55775,-0.0055736331,
0.558,0.0078110145,
0.55825,0.0060596857,
0.5585,0.0028724738,
0.55875,-0.0008388699,
0.559,0.0025329860,
0.55925,0.0147056663,
0.5595,0.0010051134,
0.55975,-0.0099028004,
0.56,0.0027801348,
0.56025,0.0097763268,
0.5605,-0.0004385549,
0.56075,-0.0073026842,
0.561,0.0028704815,
0.56125,0.0118629187,
0.5615,0.0035774875,
0.56175,-0.0052644960,
0.562,-0.0001294174,
0.56225,0.0073600863,
0.5625,-0.0000707269,
0.56275,-0.0014092849,
0.563,0.0002028025,
0.56325,0.0085293679,
0.5635,0.0037344797,
0.56375,-0.0067397156,
0.564,0.0010421580,
0.56425,-0.0001852318,
0.5645,0.0043592039,
0.56475,0.0045635137,
0.565,-0.0038017191,
0.56525,-0.0021401057,
0.5655,0.0018822248,
0.56575,0.0025100645,
0.566,0.0003333928,
0.56625,0.0068805781,
0.5665,0.0069438522,
0.56675,0.0102498699,
0.567,0.0026151664,
0.56725,-0.0044416999,
0.5675,0.0126233492,
0.56775,0.0091382433,
0.568,0.0027642967,
0.56825,-0.0025998862,
0.5685,0.0070969472,
0.56875,0.0160840917,
0.569,0.0007091863,
0.56925,0.0021598933,
0.5695,0.0103537552,
0.56975,0.0074054976,
0.57,0.0015089808,
0.57025,0.0001121949,
0.5705,0.0056822458,
0.57075,0.0101774205,
0.571,0.0040844507,
0.57125,-0.0028435967,
0.5715,0.0106650051,
0.57175,0.0094154812,
0.572,0.0054598409,
0.57225,0.0063076718,
0.5725,-0.0016824453,
0.57275,0.0056126378,
0.573,0.0030927528,
0.57325,-0.0003407235,
0.5735,-0.0020059948,
0.57375,0.0027097953,
0.574,0.0047997260,
0.57425,0.0013727945,
0.5745,-0.0011312995,
0.57475,0.0000124575,
0.575,0.0055261152,
0.57525,0.0026256391,
0.5755,-0.0025977031,
0.57575,0.0022548439,
0.576,0.0012335408,
0.57625,0.0041720276,
0.5765,-0.0048644692,
0.57675,-0.0114541370,
0.577,0.0095962621,
0.57725,0.0012915932,
0.5775,-0.0099608442,
0.57775,0.0016326415,
0.578,-0.0002796545,
0.57825,0.0072247786,
0.5785,-0.0078580081,
0.57875,-0.0116358940,
0.579,0.0071909903,
0.57925,-0.0005879739,
0.5795,-0.0050743110,
0.57975,-0.0007780344,
0.58,0.0041517718,
0.58025,0.0042502093,
0.5805,-0.0021155253,
0.58075,-0.0010489838,
0.581,-0.0002524755,
0.58125,0.0000484784,
0.5815,0.0036707867,
0.58175,0.0035201684,
0.582,-0.0014521081,
0.58225,-0.0001560040,
0.5825,0.0077027362,
0.58275,-0.0013481351,
0.583,-0.0031474067,
0.58325,0.0045019756,
0.5835,0.0091611911,
0.58375,0.0073653553,
0.584,-0.0056555145,
0.58425,0.0048126657,
0.5845,0.0138317198,
0.58475,-0.0004516031,
0.585,-0.0059205242,
0.58525,0.0045760423,
0.5855,0.0116508165,
0.58575,-0.0051444881,
0.586,-0.0081802374,
0.58625,0.0009503702,
0.5865,0.0040164627,
0.58675,-0.0009519212,
0.587,-0.0066729258,
0.58725,0.0058819377,
0.5875,0.0053261137,
0.58775,-0.0024175309,
0.588,-0.0032479782,
0.58825,0.0004037121,
0.5885,0.0015605649,
0.58875,-0.0025413777,
0.589,-0.0034261260,
0.58925,-0.0033570698,
0.5895,-0.0063822893,
0.58975,-0.0042414628,
0.59,-0.0041961540,
0.59025,-0.0052463734,
0.5905,-0.0046192962,
0.59075,0.0006480954,
0.591,-0.0001803444,
0.59125,-0.0105736274,
0.5915,-0.0059655430,
0.59175,-0.0021914323,
0.592,0.0000172686,
0.59225,-0.0045031081,
0.5925,-0.0078320922,
0.59275,0.0043866984,
0.593,-0.0005146686,
0.59325,-0.0134323649,
0.5935,-0.0103386911,
0.59375,0.0009670672,
0.594,-0.0007329787,
0.59425,-0.0095292637,
0.5945,-0.0070970803,
0.59475,0.0002072525,
0.595,0.0000075957,
0.59525,-0.0075214724,
0.5955,-0.0076101739,
0.59575,-0.0024722933,
0.596,-0.0006919983,
0.59625,-0.0057937428,
0.5965,-0.0045467224,
0.59675,0.0030384115,
0.597,0.0033336263,
0.59725,-0.0016982055,
0.5975,-0.0051544835,
0.59775,-0.0010176789,
0.598,-0.0013490466,
0.59825,0.0023001891,
0.5985,-0.0034356411,
0.59875,-0.0052836910,
0.599,0.0006902399,
0.59925,0.0006182072,
0.5995,-0.0025480427,
0.59975,0.0005472648,
0.6,0.0019013176,
0.60025,0.0026574612,
0.6005,0.0018590291,
0.60075,-0.0087009342,
0.601,0.0017365823,
0.60125,0.0106044821,
0.6015,-0.0027903507,
0.60175,-0.0073891068,
0.602,-0.0036213184,
0.60225,0.0024444042,
0.6025,0.0034992262,
0.60275,-0.0030800388,
0.603,-0.0015519315,
0.60325,0.0035879607,
0.6035,-0.0061221416,
0.60375,-0.0116062872,
0.604,-0.0037140071,
0.60425,-0.0013673778,
0.6045,-0.0039372686,
0.60475,-0.0070037311,
0.605,-0.0105125196,
0.60525,-0.0088564521,
0.6055,-0.0056988802,
0.60575,-0.0098544471,
0.606,-0.0066806101,
0.60625,-0.0054329159,
0.6065,-0.0002364598,
0.60675,-0.0001248288,
0.607,-0.0091525353,
0.60725,-0.0036840835,
0.6075,-0.0007033510,
0.60775,-0.0049474984,
0.608,-0.0058380496,
0.60825,-0.0046730991,
0.6085,-0.0025600751,
0.60875,-0.0018140157,
0.609,-0.0082675824,
0.60925,-0.0096205547,
0.6095,-0.0021181847,
0.60975,0.0009847139,
0.61,-0.0052716471,
0.61025,-0.0066931238,
0.6105,0.0016347878,
0.61075,0.0057154144,
0.611,-0.0001687282,
0.61125,-0.0051698452,
0.6115,0.0013268793,
0.61175,0.0050537474,
0.612,-0.0034743568,
0.61225,-0.0059349136,
0.6125,0.0021163942,
0.61275,0.0077873725,
0.613,-0.0002137502,
0.61325,-0.0044831070,
0.6135,-0.0019601313,
0.61375,-0.0006964380,
0.614,-0.0038695380,
0.61425,-0.0015839406,
0.6145,-0.0026966629,
0.61475,-0.0019068584,
0.615,0.0033586747,
0.61525,-0.0022113407,
0.6155,-0.0008233892,
0.61575,-0.0008059479,
0.616,0.0060223499,
0.61625,0.0075516202,
0.6165,-0.0037639949,
0.61675,0.0005201562,
0.617,0.0046587866,
0.61725,-0.0014722317,
0.6175,-0.0066996524,
0.61775,-0.0021779367,
0.618,0.0093029886,
0.61825,0.0093844030,
0.6185,-0.0131554920,
0.61875,-0.0053444500,
0.619,0.0089595784,
0.61925,-0.0027270357,
0.6195,0.0007513537,
0.61975,0.0005495265,
0.62,0.0088745430,
0.62025,0.0071851294,
0.6205,-0.0082951672,
0.62075,-0.0027577365,
0.621,0.0067304177,
0.62125,-0.0008452260,
0.6215,-0.0013533214,
0.62175,0.0038853833,
0.622,-0.0020950616,
0.62225,0.0011504691,
0.6225,-0.0011140427,
0.62275,-0.0005601082,
0.623,0.0041843634,
0.62325,0.0026433477,
0.6235,0.0063514281,
0.62375,0.0003231395,
0.624,-0.0066068405,
0.62425,0.0005570677,
0.6245,0.0073551317,
0.62475,-0.0030743543,
0.625,0.0003174730,
0.62525,0.0042588646,
0.6255,0.0038031316,
0.62575,0.0036493412,
0.626,-0.0048900484,
0.62625,0.0049005919,
0.6265,0.0143755060,
0.62675,-0.0027048611,
0.627,-0.0059164464,
0.62725,0.0022503235,
0.6275,0.0051734280,
0.62775,0.0065183425,
0.628,-0.0029960766,
0.62825,0.0029501084,
0.6285,0.0112606063,
0.62875,0.0023309337,
0.629,-0.0018960790,
0.62925,0.0043577286,
0.6295,0.0089166034,
0.62975,0.0088923899,
0.63,-0.0001096462,
0.63025,-0.0039937231,
0.6305,0.0046769627,
0.63075,-0.0013108181,
0.631,-0.0045095393,
0.63125,0.0024379038,
0.6315,0.0009819822,
0.63175,0.0035429446,
0.632,0.0029780259,
0.63225,-0.0065674270,
0.6325,-0.0018475812,
0.63275,0.0033031758,
0.633,-0.0003540007,
0.63325,0.0010601107,
0.6335,0.0028137229,
0.63375,0.0007875870,
0.634,0.0055001020,
0.63425,-0.0055539818,
0.6345,-0.0086123692,
0.63475,0.0055910391,
0.635,0.0049167322,
0.63525,-0.0012229843,
0.6355,-0.0069799577,
0.63575,0.0007568806,
0.636,0.0043511852,
0.63625,-0.0026313351,
0.6365,-0.0046419995,
0.63675,0.0019907404,
0.637,0.0061759953,
0.63725,-0.0008188311,
0.6375,-0.0033036189,
0.63775,-0.0015141844,
0.638,0.0071158549,
0.63825,0.0015194325,
0.6385,-0.0036357422,
0.63875,0.0022364785,
0.639,0.0039105564,
0.63925,0.0036292421,
0.6395,-0.0009576686,
0.63975,-0.0014129127,
0.64,0.0010485721,
0.64025,0.0021364933,
0.6405,-0.0038657114,
0.64075,-0.0066101467,
0.641,0.0030123515,
0.64125,0.0009079757,
0.6415,0.0001918817,
0.64175,-0.0013524822,
0.642,-0.0028054877,
0.64225,0.0039643571,
0.6425,0.0000677209,
0.64275,-0.0049223304,
0.643,-0.0030132276,
0.64325,0.0019966785,
0.6435,0.0032455353,
0.64375,-0.0052355295,
0.644,-0.0101048909,
0.64425,0.0028715334,
0.6445,0.0031758004,
0.64475,-0.0096637197,
0.645,-0.0068810489,
0.64525,-0.0024834487,
0.6455,0.0036418559,
0.64575,-0.0044776285,
0.646,-0.0089576272,
0.64625,0.0008800899,
0.6465,0.0042740363,
0.64675,-0.0065600970,
0.647,-0.0077386997,
0.64725,-0.0026205909,
0.6475,-0.0051429039,
0.64775,-0.0051294272,
0.648,-0.0076822555,
0.64825,-0.0083076749,
0.6485,0.0002767433,
0.64875,-0.0002138581,
0.649,-0.0017574952,
0.64925,-0.0028645061,
0.6495,-0.0060499297,
0.64975,0.0032803877,
0.65,-0.0036233922,
0.65025,-0.0116632320,
0.6505,-0.0014656833,
0.65075,0.0033793154,
0.651,-0.0001059665,
0.65125,-0.0096788779,
0.6515,-0.0058261780,
0.65175,0.0057011293,
0.652,0.0040535717,
0.65225,-0.0145134227,
0.6525,-0.0051658978,
0.65275,0.0181758124,
0.653,-0.0066580162,
0.65325,-0.0081171189,
0.6535,-0.0054707080,
0.65375,-0.0009533087,
0.654,0.0060510905,
0.65425,-0.0075583574,
0.6545,-0.0026508495,
0.65475,0.0097177150,
0.655,-0.0001085571,
0.65525,-0.0070314580,
0.6555,0.0006611770,
0.65575,-0.0025949953,
0.656,-0.0008971989,
0.65625,0.0019069375,
0.6565,-0.0038895232,
0.65675,-0.0029332782,
0.657,-0.0007745056,
0.65725,0.0021703343,
0.6575,-0.0031499281,
0.65775,-0.0034599225,
0.658,0.0033704299,
0.65825,0.0073098708,
0.6585,-0.0009928672,
0.65875,-0.0060562268,
0.659,0.0044332580,
0.65925,0.0064535839,
0.6595,-0.0027811485,
0.65975,-0.0129638622,
0.66,0.0027809988,
0.66025,0.0092193950,
0.6605,-0.0067513259,
0.66075,-0.0117168240,
0.661,-0.0002340541,
0.66125,0.0059650582,
0.6615,-0.0002253757,
0.66175,-0.0103732459,
0.662,-0.0013661640,
0.66225,0.0064094276,
0.6625,-0.0049478416,
0.66275,-0.0062090196,
0.663,0.0013910045,
0.66325,0.0062392876,
0.6635,0.0047268248,
0.66375,-0.0025493440,
0.664,-0.0031283440,
0.66425,0.0054365862,
0.6645,0.0031564606,
0.66475,0.0031538468,
0.665,0.0007833233,
0.66525,-0.0056899101,
0.6655,0.0033354431,
0.66575,0.0019138720,
0.666,-0.0049334061,
0.66625,0.0046496415,
0.6665,0.0038056839,
0.66675,0.0073212339,
0.667,-0.0000965867,
0.66725,-0.0021100577,
0.6675,0.0088986792,
0.66775,0.0114173908,
0.668,-0.0007540342,
0.66825,-0.0049324888,
0.6685,0.0074416772,
0.66875,0.0055181375,
0.669,-0.0021790050,
0.66925,-0.0065048374,
0.6695,0.0055067982,
0.66975,0.0085342759,
0.67,-0.0024214308,
0.67025,-0.0058177430,
0.6705,0.0046541332,
0.67075,0.0061072041,
0.671,-0.0008202228,
0.67125,-0.0027537500,
0.6715,-0.0027148915,
0.67175,0.0077126832,
0.672,0.0011887283,
0.67225,-0.0056793634,
0.6725,0.0020505143,
0.67275,-0.0025840858,
0.673,0.0002953730,
0.67325,0.0000172269,
0.6735,-0.0077913371,
0.67375,0.0002212159,
0.674,0.0042344034,
0.67425,-0.0020544543,
0.6745,-0.0036017902,
0.67475,0.0017764546,
0.675,0.0012471672,
0.67525,0.0046812063,
0.6755,-0.0038245192,
0.67575,-0.0062279375,
0.676,0.0075674434,
0.67625,0.0018886020,
0.6765,-0.0042280704,
0.67675,-0.0014888404,
0.677,0.0059396485,
0.67725,0.0089180917,
0.6775,0.0009212795,
0.67775,-0.0031701357,
0.678,0.0100806784,
0.67825,0.0100163799,
0.6785,-0.0020978544,
0.67875,-0.0038221197,
0.679,0.0049189795,
0.67925,0.0113605326,
0.6795,0.0069986740,
0.67975,0.0002289649,
0.68,0.0104179140,
0.68025,0.0127835525,
0.6805,-0.0011576622,
0.68075,-0.0009623402,
0.681,-0.0039089615,
0.68125,0.0048500667,
0.6815,0.0090063009,
0.68175,-0.0006173551,
0.682,0.0043721506,
0.68225,0.0027783823,
0.6825,0.0059386566,
0.68275,0.0061341445,
0.683,0.0011714511,
0.68325,0.0087865526,
0.6835,0.0120392768,
0.68375,0.0075426074,
0.684,-0.0059157480,
0.68425,0.0011959155,
0.6845,0.0106033497,
0.68475,0.0109908832,
0.685,-0.0015504461,
0.68525,0.0007596687,
0.6855,0.0140289785,
0.68575,0.0028224357,
0.686,-0.0015592108,
0.68625,0.0006133326,
0.6865,0.0077597257,
0.68675,0.0090087904,
0.687,-0.0040797801,
0.68725,-0.0006776626,
0.6875,0.0145997722,
0.68775,0.0044367015,
0.688,0.0007290795,
0.68825,0.0007578116,
0.6885,0.0011597824,
0.68875,0.0057821069,
0.689,-0.0039846953,
0.68925,-0.0046604238,
0.6895,0.0011850166,
0.68975,0.0028673680,
0.69,0.0022754513,
0.69025,0.0014042783,
0.6905,-0.0049567013,
0.69075,0.0009211646,
0.691,0.0113421883,
0.69125,-0.0015890447,
0.6915,0.0022153512,
0.69175,0.0062891031,
0.692,0.0034241313,
0.69225,0.0042189057,
0.6925,-0.0095948726,
0.69275,0.0027534352,
0.693,0.0110525023,
0.69325,-0.0021955869,
0.6935,-0.0115559381,
0.69375,0.0006756401,
0.694,0.0079845833,
0.69425,-0.0000318240,
0.6945,-0.0023635388,
0.69475,-0.0012875495,
0.695,0.0074696392,
0.69525,0.0023773699,
0.6955,-0.0074742055,
0.69575,0.0062963390,
0.696,0.0096909143,
0.69625,-0.0006488228,
0.6965,-0.0012367900,
0.69675,-0.0054685748,
0.697,0.0031742908,
0.69725,0.0019791126,
0.6975,-0.0038098153,
0.69775,-0.0056191264,
0.698,-0.0032867757,
0.69825,-0.0006882921,
0.6985,-0.0026733060,
0.69875,-0.0033142008,
0.699,-0.0048817429,
0.69925,0.0046223565,
0.6995,-0.0010347759,
0.69975,-0.0068148905,
0.7,-0.0010585136,
0.70025,0.0020402423,
0.7005,0.0040681059,
0.70075,-0.0064181145,
0.701,-0.0046867235,
0.70125,0.0055958191,
0.7015,0.0052910256,
0.70175,-0.0084541170,
0.702,-0.0097476887,
0.70225,0.0036955765,
0.7025,0.0015898827,
0.70275,-0.0014124047,
0.703,-0.0045123422,
0.70325,0.0014765882,
0.7035,0.0019016154,
0.70375,-0.0048236512,
0.704,-0.0033638040,
0.70425,0.0010132960,
0.7045,0.0076503037,
0.70475,0.0011684611,
0.705,-0.0023856512,
0.70525,-0.0008809765,
0.7055,0.0046253721,
0.70575,0.0038550412,
0.706,-0.0010242349,
0.70625,0.0014735329,
0.7065,0.0020812468,
0.70675,0.0019263553,
0.707,-0.0037208640,
0.70725,-0.0090060253,
0.7075,0.0005594966,
0.70775,0.0053501008,
0.708,-0.0014665826,
0.70825,-0.0000905584,
0.7085,0.0016468742,
0.70875,-0.0007926737,
0.709,-0.0008251744,
0.70925,-0.0059817676,
0.7095,-0.0029944032,
0.70975,0.0062777977,
0.71,0.0065752612,
0.71025,-0.0095689632,
0.7105,-0.0071992022,
0.71075,0.0031255316,
0.711,0.0022170357,
0.71125,-0.0026784600,
0.7115,-0.0061065899,
0.71175,-0.0016083724,
0.712,0.0003142371,
0.71225,-0.0082958974,
0.7125,-0.0129941292,
0.71275,-0.0000446623,
0.713,0.0002260083,
0.71325,-0.0106889699,
0.7135,-0.0072446587,
0.71375,-0.0044529382,
0.714,-0.0053708879,
0.71425,-0.0083072782,
0.7145,-0.0098435041,
0.71475,-0.0056609330,
0.715,0.0010702832,
0.71525,-0.0015138476,
0.7155,-0.0045997696,
0.71575,-0.0063361698,
0.716,-0.0038463133,
0.71625,-0.0006430866,
0.7165,-0.0066635478,
0.71675,-0.0039001789,
0.717,-0.0019384105,
0.71725,0.0037029481,
0.7175,-0.0017727626,
0.71775,-0.0116002262,
0.718,0.0026461221,
0.71825,0.0117825391,
0.7185,-0.0017283867,
0.71875,-0.0097719720,
0.719,0.0036086675,
0.71925,0.0077335169,
0.7195,0.0026761426,
0.71975,-0.0082793478,
0.72,0.0022733358,
0.72025,0.0099630384,
0.7205,-0.0013172162,
0.72075,-0.0019439507,
0.721,0.0040246267,
0.72125,0.0097441366,
0.7215,0.0025993809,
0.72175,-0.0026834761,
0.722,0.0035950914,
0.72225,0.0022948417,
0.7225,-0.0001468935,
0.72275,0.0006409606,
0.723,-0.0008329910,
0.72325,0.0002398157,
0.7235,0.0026746355,
0.72375,-0.0006806112,
0.724,-0.0012032370,
0.72425,-0.0039191898,
0.7245,0.0029950556,
0.72475,0.0041505615,
0.725,-0.0011899207,
0.72525,0.0010505826,
0.7255,0.0061289137,
0.72575,0.0043666405,
0.726,-0.0037364031,
0.72625,-0.0034819315,
0.7265,0.0084683355,
0.72675,0.0102889836,
0.727,-0.0050448901,
0.72725,-0.0074409922,
0.7275,0.0082835350,
0.72775,0.0033417358,
0.728,-0.0059142746,
0.72825,-0.0024398146,
0.7285,0.0023618944,
0.72875,0.0032264185,
0.729,-0.0028766014,
0.72925,-0.0081559680,
0.7295,0.0051528476,
0.72975,0.0038885190,
0.73,-0.0054506781,
0.73025,0.0014644943,
0.7305,0.0028176897,
0.73075,0.0020881202,
0.731,0.0053643119,
0.73125,-0.0011773027,
0.7315,-0.0012590846,
0.73175,0.0030092304,
0.732,-0.0010108100,
0.73225,-0.0015280959,
0.7325,-0.0049733333,
0.73275,-0.0014140714,
0.733,0.0021330065,
0.73325,-0.0028094454,
0.7335,-0.0024097804,
0.73375,0.0054634251,
0.734,0.0105420919,
0.73425,0.0022017173,
0.7345,0.0017814127,
0.73475,0.0042862194,
0.735,0.0118760010,
0.73525,0.0056334487,
0.7355,-0.0050912751,
0.73575,0.0078767240,
0.736,0.0089524584,
0.73625,0.0072188340,
0.7365,0.0004334164,
0.73675,0.0039256820,
0.737,0.0089795375,
0.73725,0.0038404509,
0.7375,0.0005565353,
0.73775,0.0013477278,
0.738,0.0130569665,
0.73825,0.0062608942,
0.7385,0.0045332294,
0.73875,0.0022923492,
0.739,0.0042933174,
0.73925,0.0064331065,
0.7395,-0.0015989569,
0.73975,0.0035824864,
0.74,0.0019427430,
0.74025,0.0060405531,
0.7405,0.0022699023,
0.74075,-0.0047672209,
0.741,0.0034255115,
0.74125,-0.0006582371,
0.7415,0.0007261335,
0.74175,-0.0022850351,
0.742,-0.0033172127,
0.74225,0.0009474030,
0.7425,0.0004516067,
0.74275,-0.0087487772,
0.743,-0.0073670736,
0.74325,-0.0023551625,
0.7435,0.0011213426,
0.74375,-0.0041690124,
0.744,-0.0096680243,
0.74425,0.0018375773,
0.7445,0.0082091764,
0.74475,-0.0075933021,
0.745,-0.0073138867,
0.74525,0.0013765943,
0.7455,-0.0012594243,
0.74575,0.0003080224,
0.746,-0.0042962884,
0.74625,-0.0016119609,
0.7465,0.0064139990,
0.74675,-0.0055688610,
0.747,-0.0063375053,
0.74725,0.0019180293,
0.7475,0.0003982984,
0.74775,0.0027331416,
0.748,0.0036200441,
0.74825,-0.0054600439,
0.7485,0.0005404409,
0.74875,0.0051368778,
0.749,-0.0014027465,
0.74925,0.0002382379,
0.7495,-0.0004416781,
0.74975,0.0038582268,
0.75,0.0037828907,
0.75025,-0.0054115802,
0.7505,-0.0010366624,
0.75075,0.0099778036,
0.751,0.0030694981,
0.75125,-0.0040550805,
0.7515,0.0004857165,
0.75175,0.0050091143,
0.752,0.0050278837,
0.75225,-0.0118891280,
0.7525,-0.0069383117,
0.75275,0.0100899003,
0.753,0.0003886629,
0.75325,-0.0115017574,
0.7535,-0.0005624893,
0.75375,0.0040245298,
0.754,0.0015705527,
0.75425,-0.0035287777,
0.7545,-0.0036211845,
0.75475,0.0037570742,
0.755,-0.0057576234,
0.75525,-0.0100384876,
0.7555,-0.0046963831,
0.75575,-0.0038953100,
0.756,-0.0051373262,
0.75625,-0.0053486456,
0.7565,-0.0043612919,
0.75675,-0.0104748551,
0.757,0.0002443234,
0.75725,0.0041763559,
0.7575,-0.0007699070,
0.75775,0.0004169901,
0.758,-0.0022033767,
0.75825,-0.0002590438,
0.7585,-0.0088218329,
0.75875,-0.0109935179,
0.759,-0.0016340942,
0.75925,-0.0008219185,
0.7595,-0.0052615386,
0.75975,-0.0124335885,
0.76,0.0001555058,
0.76025,0.0030512940,
0.7605,-0.0079122577,
0.76075,-0.0122762369,
0.761,-0.0021794238,
0.76125,0.0074514104,
0.7615,-0.0019218933,
0.76175,-0.0090723960,
0.762,-0.0024921142,
0.76225,0.0028512608,
0.7625,-0.0052571837,
0.76275,-0.0080168862,
0.763,0.0016785634,
0.76325,0.0019903360,
0.7635,-0.0029121628,
0.76375,-0.0081380699,
0.764,-0.0074154832,
0.76425,-0.0002603927,
0.7645,-0.0067941854,
0.76475,-0.0005432591,
0.765,-0.0039586849,
0.76525,-0.0065056896,
0.7655,0.0016280336,
0.76575,-0.0014210118,
0.766,-0.0032634274,
0.76625,-0.0022589716,
0.7665,0.0040192441,
0.76675,-0.0002255241,
0.767,-0.0059332238,
0.76725,-0.0061969841,
0.7675,-0.0013586635,
0.76775,0.0054147476,
0.768,-0.0093532233,
0.76825,-0.0102902530,
0.7685,0.0054716729,
0.76875,-0.0011972465,
0.769,-0.0074892631,
0.76925,-0.0054398514,
0.7695,0.0011974303,
0.76975,0.0047466420,
0.77,-0.0066615446,
0.77025,-0.0139156412,
0.7705,-0.0011814382,
0.77075,-0.0008297543,
0.771,-0.0069958954,
0.77125,-0.0037197373,
0.7715,-0.0010577019,
0.77175,0.0023208773,
0.772,-0.0049065724,
0.77225,-0.0093056886,
0.7725,-0.0024572110,
0.77275,0.0004152656,
0.773,-0.0043968991,
0.77325,0.0009569418,
0.7735,-0.0046105422,
0.77375,-0.0061783185,
0.774,0.0022147587,
0.77425,-0.0033854551,
0.7745,-0.0001875866,
0.77475,0.0024228347,
0.775,0.0005160382,
0.77525,0.0022148965,
0.7755,-0.0053083156,
0.77575,-0.0049077957,
0.776,0.0048994576,
0.77625,0.0039796303,
0.7765,-0.0110536059,
0.77675,-0.0018930698,
0.777,0.0067780530,
0.77725,0.0002450616,
0.7775,-0.0028112684,
0.77775,-0.0048298268,
0.778,0.0071854442,
0.77825,0.0033175661,
0.7785,-0.0048579932,
0.77875,-0.0035872173,
0.779,0.0031850040,
0.77925,0.0026986913,
0.7795,-0.0064013945,
0.77975,-0.0035515323,
0.78,0.0030903670,
0.78025,0.0025457880,
0.7805,-0.0025111833,
0.78075,-0.0077343248,
0.781,-0.0067958385,
0.78125,0.0000725930,
0.7815,-0.0006571988,
0.78175,-0.0021225128,
0.782,-0.0035916986,
0.78225,-0.0012105580,
0.7825,-0.0008125679,
0.78275,-0.0029483370,
0.783,-0.0053044865,
0.78325,0.0042705084,
0.7835,0.0049676397,
0.78375,-0.0024361117,
0.784,-0.0084830886,
0.78425,-0.0062229293,
0.7845,0.0052040713,
0.78475,0.0029311092,
0.785,-0.0110640116,
0.78525,0.0002488149,
0.7855,0.0120245945,
0.78575,-0.0050563184,
0.786,-0.0078402543,
0.78625,0.0056918710,
0.7865,0.0060359510,
0.78675,0.0029426257,
0.787,-0.0038589463,
0.78725,-0.0030382767,
0.7875,0.0108793974,
0.78775,0.0031136267,
0.788,-0.0022569024,
0.78825,0.0076948022,
0.7885,0.0082080327,
0.78875,0.0035246217,
0.789,0.0026869215,
0.78925,-0.0019619814,
0.7895,0.0009065645,
0.78975,0.0061599682,
0.79,0.0067185462,
0.79025,0.0011423172,
0.7905,-0.0053786067,
0.79075,0.0039015722,
0.791,0.0039114598,
0.79125,-0.0009149802,
0.7915,-0.0012624830,
0.79175,0.0065610847,
0.792,0.0107693262,
0.79225,-0.0003820717,
0.7925,-0.0008248440,
0.79275,0.0076263007,
0.793,0.0109114489,
0.79325,0.0009455474,
0.7935,-0.0092042265,
0.79375,0.0073833233,
0.794,0.0104925837,
0.79425,-0.0009608041,
0.7945,-0.0009395835,
0.79475,0.0060157934,
0.795,0.0092757316,
0.79525,0.0015543790,
0.7955,-0.0047582244,
0.79575,0.0050580897,
0.796,0.0121588903,
0.79625,0.0039290925,
0.7965,0.0005137267,
0.79675,0.0034640674,
0.797,0.0058300644,
0.79725,-0.0004980760,
0.7975,-0.0003374032,
0.79775,-0.0029651206,
0.798,0.0015628203,
0.79825,0.0067212656,
0.7985,-0.0003480964,
0.79875,-0.0003513430,
0.799,0.0012266603,
0.79925,0.0072497558,
0.7995,0.0068917722,
0.79975,-0.0036261161,
0.8,0.0012200313,
0.80025,0.0066974675,
0.8005,0.0022853829,
0.80075,-0.0027603353,
0.801,-0.0016355718,
0.80125,0.0079669887,
0.8015,0.0106405886,
0.80175,-0.0034049028,
0.802,-0.0025764385,
0.80225,0.0103476094,
0.8025,0.0087166848,
0.80275,0.0002110316,
0.803,-0.0010839493,
0.80325,0.0060186116,
0.8035,0.0064392602,
0.80375,0.0012268850,
0.804,-0.0038626664,
0.80425,0.0081075178,
0.8045,0.0100608487,
0.80475,0.0035775588,
0.805,-0.0004717507,
0.80525,-0.0018822106,
0.8055,0.0075964141,
0.80575,-0.0021902125,
0.806,-0.0032238094,
0.80625,0.0000985957,
0.8065,0.0042352793,
0.80675,0.0050059604,
0.807,-0.0036778569,
0.80725,-0.0024098423,
0.8075,-0.0013364038,
0.80775,0.0066631865,
0.808,0.0043829228,
0.80825,-0.0012914075,
0.8085,0.0025227396,
0.80875,0.0028217942,
0.809,-0.0028232951,
0.80925,-0.0085152648,
0.8095,-0.0054675178,
0.80975,0.0009294570,
0.81,0.0044942340,
0.81025,-0.0064324839,
0.8105,-0.0088782925,
0.81075,0.0029548442,
0.811,0.0044748285,
0.81125,-0.0087127825,
0.8115,-0.0051946710,
0.81175,-0.0000750136,
0.812,-0.0008929273,
0.81225,-0.0060831131,
0.8125,-0.0160519443,
0.81275,0.0002982449,
0.813,0.0071886000,
0.81325,-0.0066856826,
0.8135,-0.0063609509,
0.81375,-0.0001013389,
0.814,-0.0014005094,
0.81425,-0.0024102316,
0.8145,-0.0010474750,
0.81475,-0.0051033758,
0.815,0.0071938708,
0.81525,-0.0006543243,
0.8155,-0.0064102430,
0.81575,-0.0007824634,
0.816,-0.0010377837,
0.81625,0.0051164888,
0.8165,0.0049702590,
0.81675,-0.0040786257,
0.817,-0.0005415412,
0.81725,0.0105397962,
0.8175,-0.0003494342,
0.81775,-0.0076382752,
0.818,0.0034425342,
0.81825,0.0090087596,
0.8185,0.0047356319,
0.81875,-0.0089673428,
0.819,-0.0044899969,
0.81925,0.0126266833,
0.8195,0.0046109557,
0.81975,-0.0067286901,
0.82,0.0025910886,
0.82025,0.0079794070,
0.8205,0.0008260028,
0.82075,-0.0056917826,
0.821,-0.0013861955,
0.82125,0.0043620816,
0.8215,0.0027415268,
0.82175,-0.0037332459,
0.822,-0.0057846056,
0.82225,0.0014422258,
0.8225,-0.0006774522,
0.82275,-0.0004058218,
0.823,0.0009697388,
0.82325,-0.0019862421,
0.8235,0.0020778722,
0.82375,0.0007701930,
0.824,-0.0053367047,
0.82425,-0.0100020654,
0.8245,0.0037327760,
0.82475,0.0058692130,
0.825,-0.0047405977,
0.82525,-0.0042062644,
0.8255,0.0004410292,
0.82575,0.0078008487,
0.826,-0.0033867517,
0.82625,-0.0111576002,
0.8265,0.0025522644,
0.82675,0.0076106708,
0.827,-0.0075269965,
0.82725,-0.0141678927,
0.8275,0.0005879846,
0.82775,0.0075938366,
0.828,-0.0011281193,
0.82825,-0.0041442593,
0.8285,0.0042038783,
0.82875,0.0066171815,
0.829,-0.0003810085,
0.82925,-0.0034175862,
0.8295,-0.0008353057,
0.82975,0.0104142763,
0.83,0.0033841780,
0.83025,-0.0057561039,
0.8305,-0.0010308946,
0.83075,-0.0021918698,
0.831,0.0017403180,
0.83125,-0.0027571411,
0.8315,-0.0054701599,
0.83175,-0.0007249303,
0.832,0.0037132695,
0.83225,-0.0010287878,
0.8325,-0.0043488331,
0.83275,0.0021029597,
0.833,0.0036116599,
0.83325,0.0026396173,
0.8335,0.0001349820,
0.83375,-0.0033342629,
0.834,0.0057378206,
0.83425,0.0049156100,
0.8345,-0.0080402028,
0.83475,-0.0046979273,
0.835,0.0050362442,
0.83525,0.0064985827,
0.8355,-0.0035735955,
0.83575,-0.0105452454,
0.836,0.0045037391,
0.83625,0.0080882991,
0.8365,-0.0087123904,
0.83675,-0.0052146735,
0.837,0.0042690085,
0.83725,0.0037841196,
0.8375,-0.0009662768,
0.83775,-0.0052561397,
0.838,0.0043364796,
0.83825,0.0043930039,
0.8385,-0.0036326584,
0.83875,-0.0032772962,
0.839,-0.0007830008,
0.83925,0.0040166690,
0.8395,-0.0009406809,
0.83975,0.0017786052,
0.84,-0.0000698355,
0.84025,0.0013874064,
0.8405,0.0052563846,
0.84075,0.0017947418,
0.841,-0.0026377782,
0.84125,0.0059576090,
0.8415,0.0089154681,
0.84175,0.0001674463,
0.842,0.0042797863,
0.84225,0.0029686489,
0.8425,0.0089909164,
0.84275,0.0105728880,
0.843,-0.0040836087,
0.84325,0.0031771469,
0.8435,0.0111713335,
0.84375,0.0069189696,
0.844,-0.0028976731,
0.84425,0.0007410307,
0.8445,0.0114030307,
0.84475,0.0056657386,
0.845,0.0013527524,
0.84525,0.0012732814,
0.8455,0.0123908296,
0.84575,0.0103623467,
0.846,0.0009944390,
0.84625,0.0036046896,
0.8465,0.0064411024,
0.84675,0.0074711051,
0.847,-0.0009962637,
0.84725,-0.0021493521,
0.8475,0.0051115132,
0.84775,0.0002993695,
0.848,0.0041138576,
0.84825,-0.0009280962,
0.8485,-0.0030907348,
0.84875,0.0054633827,
0.849,0.0065458757,
0.84925,-0.0022897469,
0.8495,-0.0004887226,
0.84975,0.0061493078,
0.85,0.0023871558,
0.85025,0.0016851561,
0.8505,-0.0063371491,
0.85075,0.0006199398,
0.851,0.0096264398,
0.85125,-0.0032723215,
0.8515,-0.0111554228,
0.85175,0.0019428493,
0.852,0.0072917365,
0.85225,-0.0081756394,
0.8525,-0.0085985297,
0.85275,0.0010906064,
0.853,0.0045662383,
0.85325,0.0007321405,
0.8535,-0.0151907662,
0.85375,0.0022196285,
0.854,0.0074069644,
0.85425,-0.0018768853,
0.8545,0.0019047956,
0.85475,0.0033407358,
0.855,0.0068633375,
0.85525,0.0019603895,
0.8555,-0.0007039279,
0.85575,0.0048419358,
0.856,0.0067999586,
0.85625,0.0010224712,
0.8565,0.0059857490,
0.85675,0.0020321305,
0.857,-0.0024456368,
0.85725,0.0094293784,
0.8575,0.0057384856,
0.85775,0.0027918329,
0.858,0.0037569101,
0.85825,0.0077238288,
0.8585,0.0080789914,
0.85875,0.0026715440,
0.859,0.0024056719,
0.85925,0.0132775810,
0.8595,0.0108265206,
0.85975,-0.0021114808,
0.86,0.0008554350,
0.86025,0.0084435083,
0.8605,0.0094168046,
0.86075,-0.0071517322,
0.861,-0.0013590562,
0.86125,0.0082663996,
0.8615,0.0022725887,
0.86175,-0.0019892459,
0.862,-0.0023293160,
0.86225,0.0038654553,
0.8625,0.0046393420,
0.86275,-0.0009068255,
0.863,-0.0052617155,
0.86325,0.0041290750,
0.8635,0.0042084223,
0.86375,-0.0051431954,
0.864,-0.0030391279,
0.86425,-0.0043166745,
0.8645,-0.0036858758,
0.86475,0.0002693680,
0.865,-0.0111258328,
0.86525,-0.0076351385,
0.8655,0.0003682114,
0.86575,-0.0029989537,
0.866,-0.0025366168,
0.86625,-0.0061348230,
0.8665,-0.0035027019,
0.86675,-0.0002276955,
0.867,-0.0079195211,
0.86725,-0.0080949068,
0.8675,-0.0011750746,
0.86775,-0.0008781902,
0.868,-0.0041627469,
0.86825,-0.0130535392,
0.8685,-0.0050049033,
0.86875,0.0098147057,
0.869,-0.0042912974,
0.86925,-0.0084975958,
0.8695,-0.0000604811,
0.86975,0.0012408318,
0.87,-0.0005742020,
0.87025,-0.0099663287,
0.8705,-0.0045220065,
0.87075,0.0047915480,
0.871,-0.0032414161,
0.87125,-0.0060744323,
0.8715,0.0009843946,
0.87175,0.0037778928,
0.872,-0.0025207032,
0.87225,-0.0003072608,
0.8725,-0.0077574351,
0.87275,0.0007185566,
0.873,0.0005728920,
0.87325,-0.0028998230,
0.8735,-0.0005581646,
0.87375,-0.0057984022,
0.874,0.0002326512,
0.87425,0.0019901197,
0.8745,-0.0046149688,
0.87475,-0.0021111777,
0.875,0.0033222209,
0.87525,-0.0000759849,
0.8755,-0.0051678787,
0.87575,-0.0059051118,
0.876,-0.0008855858,
0.87625,0.0007523857,
0.8765,-0.0051765786,
0.87675,-0.0062371101,
0.877,-0.0000305099,
0.87725,0.0024113930,
0.8775,-0.0112210754,
0.87775,-0.0083723944,
0.878,-0.0006870505,
0.87825,-0.0011185702,
0.8785,-0.0062874872,
0.87875,-0.0116426684,
0.879,-0.0061407099,
0.87925,-0.0058342330,
0.8795,-0.0094733331,
0.87975,-0.0122635756,
0.88,-0.0071568922,
0.88025,-0.0051590106,
0.8805,-0.0099051232,
0.88075,-0.0117190052,
0.881,-0.0092907790,
0.88125,-0.0066057229,
0.8815,-0.0044693900,
0.88175,-0.0043986365,
0.882,-0.0121144745,
0.88225,-0.0033837045,
0.8825,-0.0002365909,
0.88275,-0.0052840505,
0.883,-0.0050315261,
0.88325,-0.0070531787,
0.8835,0.0001668920,
0.88375,-0.0042796722,
0.884,-0.0098980870,
0.88425,-0.0048820763,
0.8845,0.0036994261,
0.88475,0.0012608978,
0.885,-0.0068209730,
0.88525,-0.0046247952,
0.8855,0.0098624285,
0.88575,0.0061529619,
0.886,-0.0096840849,
0.88625,0.0025101004,
0.8865,0.0097649135,
0.88675,0.0054530082,
0.887,-0.0070799468,
0.88725,-0.0041828854,
0.8875,0.0063757403,
0.88775,0.0025720291,
0.888,-0.0059066471,
0.88825,-0.0003067600,
0.8885,0.0048893578,
0.88875,-0.0012181123,
0.889,-0.0015183910,
0.88925,-0.0005636783,
0.8895,0.0009935604,
0.88975,0.0011628182,
0.89,0.0022113065,
0.89025,0.0004889342,
0.8905,-0.0051592686,
0.89075,0.0000990338,
0.891,0.0014997257,
0.89125,0.0011027594,
0.8915,-0.0055531315,
0.89175,-0.0003203875,
0.892,0.0066984333,
0.89225,-0.0051624123,
0.8925,-0.0092409467,
0.89275,-0.0016116559,
0.893,0.0045495741,
0.89325,-0.0033533180,
0.8935,-0.0113896709,
0.89375,-0.0000671417,
0.894,0.0070605101,
0.89425,-0.0035055752,
0.8945,-0.0036100103,
0.89475,0.0039212974,
0.895,0.0052862084,
0.89525,-0.0009383913,
0.8955,-0.0110358186,
0.89575,-0.0018632796,
0.896,0.0048600072,
0.89625,-0.0015290490,
0.8965,-0.0008665816,
0.89675,0.0017685926,
0.897,0.0040445300,
0.89725,0.0027595465,
0.8975,-0.0017720304,
0.89775,-0.0020114242,
0.898,0.0024563714,
0.89825,0.0036129886,
0.8985,0.0004396582,
0.89875,0.0004127499,
0.899,-0.0008712005,
0.89925,0.0058598095,
0.8995,0.0042077657,
0.89975,-0.0008748981,
0.9,0.0061005298,
0.90025,0.0064989948,
0.9005,0.0019551539,
0.90075,-0.0008798237,
0.901,-0.0031071352,
0.90125,0.0079600513,
0.9015,0.0091203526,
0.90175,-0.0029087069,
0.902,-0.0021979699,
0.90225,0.0086254822,
0.9025,0.0090915971,
0.90275,0.0011450080,
0.903,0.0014532200,
0.90325,0.0039193509,
0.9035,0.0064866254,
0.90375,-0.0016526124,
0.904,-0.0044808602,
0.90425,0.0050939908,
0.9045,0.0064177066,
0.90475,0.0000136590,
0.905,-0.0038862210,
0.90525,0.0017393748,
0.9055,0.0051195864,
0.90575,0.0011447181,
0.906,-0.0006487640,
0.90625,-0.0009755666,
0.9065,0.0012811790,
0.90675,0.0013943539,
0.907,0.0010588035,
0.90725,-0.0050596748,
0.9075,0.0038388467,
0.90775,0.0034413438,
0.908,-0.0008594642,
0.90825,0.0034537581,
0.9085,-0.0000354101,
0.90875,0.0026534216,
0.909,0.0012869034,
0.90925,-0.0064663114,
0.9095,-0.0044979807,
0.90975,0.0092995930,
0.91,0.0015490166,
0.91025,-0.0022109565,
0.9105,0.0024441977,
0.91075,0.0013252420,
0.911,0.0100171184,
0.91125,0.0021030772,
0.9115,-0.0046293116,
0.91175,0.0083271060,
0.912,0.0046905717,
0.91225,-0.0028034407,
0.9125,0.0015394163,
0.91275,0.0042662881,
0.913,0.0077664768,
0.91325,0.0025779509,
0.9135,-0.0068713697,
0.91375,0.0044574314,
0.914,0.0039995499,
0.91425,-0.0027266305,
0.9145,-0.0013178613,
0.91475,-0.0011515745,
0.915,0.0009450749,
0.91525,0.0034462640,
0.9155,-0.0022520395,
0.91575,-0.0033228165,
0.916,0.0060633142,
0.91625,0.0011465600,
0.9165,-0.0003216656,
0.91675,-0.0021621308,
0.917,-0.0016340038,
0.91725,0.0042766631,
0.9175,0.0022042841,
0.91775,-0.0099156322,
0.918,0.0018211803,
0.91825,0.0098889489,
0.9185,-0.0002725487,
0.91875,-0.0088119349,
0.919,-0.0041298456,
0.91925,0.0068236240,
0.9195,-0.0000537275,
0.91975,-0.0125056636,
0.92,-0.0042442922,
0.92025,0.0049483264,
0.9205,-0.0020492291,
0.92075,-0.0093572140,
0.921,0.0001211648,
0.92125,0.0030808216,
0.9215,-0.0005198916,
0.92175,-0.0057883426,
0.922,-0.0046429099,
0.92225,-0.0014068354,
0.9225,-0.0051802034,
0.92275,-0.0011747925,
0.923,-0.0022143992,
0.92325,-0.0031322076,
0.9235,-0.0003076479,
0.92375,0.0004165476,
0.924,-0.0060655875,
0.92425,-0.0094422381,
0.9245,0.0018994461,
0.92475,0.0026498633,
0.925,-0.0055844914,
0.92525,-0.0053700483,
0.9255,0.0062029148,
0.92575,0.0047077476,
0.926,-0.0018533989,
0.92625,-0.0068579623,
0.9265,0.0042490494,
0.92675,0.0084527573,
0.927,-0.0062666950,
0.92725,-0.0083489763,
0.9275,0.0034285253,
0.92775,0.0097644832,
0.928,-0.0052016596,
0.92825,-0.0065460424,
0.9285,-0.0037548391,
0.92875,-0.0003598202,
0.929,0.0047677937,
0.92925,-0.0121551417,
0.9295,0.0042246124,
0.92975,0.0099456944,
0.93,-0.0046520988,
0.93025,-0.0024669818,
0.9305,-0.0066040652,
0.93075,0.0023495366,
0.931,0.0028201500,
0.93125,-0.0041857972,
0.9315,-0.0011879527,
0.93175,-0.0006017339,
0.932,0.0007684159,
0.93225,-0.0050846515,
0.9325,-0.0071816235,
0.93275,-0.0027352534,
0.933,0.0006880880,
0.93325,0.0048565655,
0.9335,-0.0058939839,
0.93375,-0.0026018051,
0.934,0.0019847932,
0.93425,0.0006446093,
0.9345,-0.0050844420,
0.93475,-0.0088636931,
0.935,0.0040412038,
0.93525,0.0043650460,
0.9355,-0.0088522201,
0.93575,-0.0120098619,
0.936,0.0044990480,
0.93625,0.0069021205,
0.9365,-0.0053735459,
0.93675,-0.0031250459,
0.937,0.0003586903,
0.93725,0.0053546992,
0.9375,-0.0038325642,
0.93775,-0.0094827954,
0.938,0.0049107736,
0.93825,0.0038655254,
0.9385,0.0007368010,
0.93875,-0.0026735605,
0.939,0.0008975810,
0.93925,0.0076381094,
0.9395,0.0016426715,
0.93975,-0.0016916520,
0.94,0.0000059390,
0.94025,0.0009997004,
0.9405,0.0006891041,
0.94075,0.0036889771,
0.941,-0.0018127548,
0.94125,0.0024019268,
0.9415,0.0070072804,
0.94175,0.0014662003,
0.942,-0.0015915474,
0.94225,0.0035517165,
0.9425,0.0066012768,
0.94275,0.0045137461,
0.943,-0.0019853543,
0.94325,-0.0060299407,
0.9435,0.0074825101,
0.94375,0.0075876033,
0.944,-0.0103939623,
0.94425,-0.0026954850,
0.9445,0.0082108313,
0.94475,0.0034726015,
0.945,-0.0051243892,
0.94525,-0.0067999186,
0.9455,0.0028908730,
0.94575,0.0072472128,
0.946,-0.0035189847,
0.94625,-0.0062982603,
0.9465,0.0043188184,
0.94675,0.0017757086,
0.947,-0.0060782032,
0.94725,-0.0068494580,
0.9475,-0.0017991264,
0.94775,0.0011173366,
0.948,-0.0029501470,
0.94825,-0.0041660951,
0.9485,-0.0061699818,
0.94875,-0.0012173278,
0.949,-0.0010501198,
0.94925,-0.0058098193,
0.9495,-0.0012103064,
0.94975,-0.0048040934,
0.95,0.0043350123,
0.95025,0.0008562476,
0.9505,-0.0073568737,
0.95075,0.0025339467,
0.951,0.0060075521,
0.95125,0.0043468806,
0.9515,-0.0078041251,
0.95175,-0.0046374747,
0.952,0.0110689979,
0.95225,0.0088136150,
0.9525,-0.0111601260,
0.95275,-0.0007526856,
0.953,0.0181089751,
0.95325,0.0025814706,
0.9535,-0.0055681374,
0.95375,0.0026640457,
0.954,0.0108179450,
0.95425,0.0126970038,
0.9545,-0.0023156619,
0.95475,0.0047027641,
0.955,0.0105214398,
0.95525,0.0002106822,
0.9555,-0.0001543828,
0.95575,0.0031023382,
0.956,0.0042048022,
0.95625,0.0045161853,
0.9565,0.0039394391,
0.95675,-0.0002960339,
0.957,-0.0014309448,
0.95725,0.0035108023,
0.9575,0.0106680943,
0.95775,0.0065014972,
0.958,-0.0026047784,
0.95825,0.0069224453,
0.9585,0.0120146004,
0.95875,0.0011642402,
0.959,-0.0028364006,
0.95925,0.0076001249,
0.9595,0.0117304586,
0.95975,0.0022512935,
0.96,-0.0071168575,
0.96025,0.0057492713,
0.9605,0.0143363867,
0.96075,-0.0003292289,
0.961,-0.0063508665,
0.96125,0.0076181656,
0.9615,0.0116223227,
0.96175,0.0012721508,
0.962,-0.0056257071,
0.96225,0.0036830185,
0.9625,0.0076220902,
0.96275,0.0050830869,
0.963,0.0005584732,
0.96325,0.0007089243,
0.9635,0.0097125424,
0.96375,-0.0001106683,
0.964,-0.0025077029,
0.96425,0.0026480805,
0.9645,0.0014273514,
0.96475,0.0043119546,
0.965,0.0018838476,
0.96525,-0.0073213633,
0.9655,-0.0012907501,
0.96575,0.0060809134,
0.966,0.0029375064,
0.96625,-0.0000527601,
0.9665,0.0003333692,
0.96675,0.0030411482,
0.967,0.0070530642,
0.96725,-0.0005123480,
0.9675,-0.0035126517,
0.96775,0.0121630924,
0.968,0.0061730063,
0.96825,-0.0060705007,
0.9685,-0.0050345296,
0.96875,0.0046476983,
0.969,0.0139373271,
0.96925,-0.0017209206,
0.9695,-0.0014878251,
0.96975,0.0109868404,
0.97,0.0087912614,
0.97025,-0.0020684672,
0.9705,-0.0016420924,
0.97075,0.0048540849,
0.971,0.0064427308,
0.97125,0.0004730962,
0.9715,-0.0051143598,
0.97175,0.0052771205,
0.972,0.0058926572,
0.97225,-0.0000129358,
0.9725,-0.0015410411,
0.97275,-0.0033275615,
0.973,-0.0023582408,
0.97325,0.0032249414,
0.9735,-0.0023425391,
0.97375,-0.0043316404,
0.974,0.0039011305,
0.97425,0.0039144503,
0.9745,0.0010726063,
0.97475,-0.0025454492,
0.975,0.0000870721,
0.97525,0.0074227778,
0.9755,-0.0013016900,
0.97575,-0.0101145282,
0.976,-0.0067768195,
0.97625,-0.0014456756,
0.9765,-0.0044575790,
0.97675,-0.0072395261,
0.977,-0.0074399412,
0.97725,0.0071622804,
0.9775,0.0048499447,
0.97775,-0.0074210437,
0.978,-0.0004781634,
0.97825,0.0013717262,
0.9785,0.0024672889,
0.97875,-0.0033859182,
0.979,-0.0080954898,
0.97925,0.0050279084,
0.9795,0.0059684571,
0.97975,-0.0028032225,
0.98,-0.0034029947,
0.98025,0.0027905852,
0.9805,0.0066523622,
0.98075,-0.0013442135,
0.981,-0.0048566796,
0.98125,-0.0021864353,
0.9815,-0.0005258261,
0.98175,0.0008447646,
0.982,-0.0033018063,
0.98225,0.0008091219,
0.9825,-0.0005613077,
0.98275,0.0011206674,
0.983,-0.0011894269,
0.98325,-0.0038948837,
0.9835,0.0057328125,
0.98375,0.0007046910,
0.984,0.0030454355,
0.98425,-0.0077196965,
0.9845,-0.0057166577,
0.98475,0.0109632695,
0.985,0.0003788757,
0.98525,-0.0115367994,
0.9855,-0.0010300147,
0.98575,0.0070563708,
0.986,-0.0061388034,
0.98625,-0.0097961314,
0.9865,-0.0046995902,
0.98675,0.0033424050,
0.987,-0.0017984667,
0.98725,-0.0206626132,
0.9875,-0.0047248243,
0.98775,0.0023908599,
0.988,-0.0083735324,
0.98825,-0.0067265714,
0.9885,-0.0042829174,
0.98875,-0.0006125550,
0.989,-0.0048503494,
0.98925,-0.0114350077,
0.9895,-0.0050928188,
0.98975,-0.0067194914,
0.99,-0.0065564560,
0.99025,-0.0009504592,
0.9905,-0.0075810375,
0.99075,-0.0075442735,
0.991,0.0003825960,
0.99125,-0.0030078744,
0.9915,-0.0037805180,
0.99175,-0.0050990554,
0.992,-0.0011941016,
0.99225,0.0065460005,
0.9925,-0.0058072014,
0.99275,-0.0102899680,
0.993,0.0097494256,
0.99325,0.0103217140,
0.9935,-0.0049994797,
0.99375,-0.0046940786,
0.994,0.0056035230,
0.99425,0.0075572631,
0.9945,-0.0015999231,
0.99475,-0.0018119522,
0.995,0.0119895125,
0.99525,0.0074449764,
0.9955,-0.0065784086,
0.99575,-0.0019986383,
0.996,0.0042629186,
0.99625,0.0042060455,
0.9965,0.0021494657,
0.99675,0.0000345028,
0.997,0.0030376394,
0.99725,0.0034581369,
0.9975,-0.0010070051,
0.99775,0.0033935038,
0.998,-0.0010407305,
0.99825,0.0003336479,
0.9985,0.0070385318,
0.99875,-0.0003886664,
0.999,-0.0075438018,
0.99925,-0.0012489409,
0.9995,0.0011587865,
0.99975,-0.0003835912,
1,-0.0006877987,
1.00025,0.0020703585,
1.0005,0.0047182580,
1.00075,-0.0021947757,
1.001,-0.0084497510,
1.00125,0.0014133940,
1.0015,0.0089326184,
1.00175,-0.0014089153,
1.002,-0.0102458373,
1.00225,-0.0071350792,
1.0025,0.0038043233,
1.00275,0.0005702194,
1.003,-0.0034287055,
1.00325,-0.0029672850,
1.0035,0.0000962620,
1.00375,-0.0005833445,
1.004,-0.0095879342,
1.00425,-0.0081699779,
1.0045,0.0055410475,
1.00475,-0.0002142798,
1.005,-0.0049600448,
1.00525,-0.0020747876,
1.0055,0.0002240936,
1.00575,0.0031980476,
1.006,0.0001474260,
1.00625,-0.0033054799,
1.0065,0.0014328978,
1.00675,-0.0002755423,
1.007,-0.0046328604,
1.00725,-0.0016870825,
1.0075,-0.0056682643,
1.00775,0.0022272086,
1.008,0.0054426068,
1.00825,-0.0030823543,
1.0085,0.0026510013,
1.00875,0.0061838347,
1.009,0.0052345144,
1.00925,0.0026676897,
1.0095,-0.0008768031,
1.00975,0.0054074009,
1.01,0.0126943076,
1.01025,0.0014843175,
1.0105,-0.0025742266,
1.01075,0.0088120475,
1.011,0.0081224944,
1.01125,0.0056505613,
1.0115,0.0029513929,
1.01175,0.0033230030,
1.012,0.0082962606,
1.01225,0.0033383002,
1.0125,-0.0035528431,
1.01275,0.0038771343,
1.013,0.0088660279,
1.01325,0.0034796086,
1.0135,0.0035536964,
1.01375,-0.0017736362,
1.014,0.0069120456,
1.01425,0.0057254108,
1.0145,-0.0036860958,
1.01475,0.0012303221,
1.015,0.0014653297,
1.01525,0.0016742881,
1.0155,0.0034738542,
1.01575,-0.0042466661,
1.016,-0.0020594569,
1.01625,0.0047947788,
1.0165,-0.0042880801,
1.01675,-0.0011787693,
1.017,-0.0022706836,
1.01725,-0.0024866462,
1.0175,0.0014388787,
1.01775,-0.0095956782,
1.018,-0.0086968839,
1.01825,0.0067279693,
1.0185,0.0049639349,
1.01875,-0.0096042911,
1.019,-0.0052573029,
1.01925,0.0031858478,
1.0195,0.0052333679,
1.01975,-0.0028740503,
1.02,-0.0050232802,
1.02025,0.0081535410,
1.0205,0.0011565523,
1.02075,-0.0061876411,
1.021,-0.0025096815,
1.02125,0.0031349272,
1.0215,0.0071939463,
1.02175,-0.0028247838,
1.022,-0.0006879944,
1.02225,0.0011285035,
1.0225,-0.0013829324,
1.02275,-0.0002353005,
1.023,0.0002230123,
1.02325,0.0006780312,
1.0235,0.0037463647,
1.02375,0.0057817586,
1.024,0.0029555489,
1.02425,-0.0000323283,
1.0245,0.0038484184,
1.02475,0.0078647099,
1.025,0.0044697514,
1.02525,-0.0029478932,
1.0255,0.0030143021,
1.02575,0.0069780606,
1.026,-0.0005449813,
1.02625,-0.0032954256,
1.0265,0.0030272149,
1.02675,0.0116043268,
1.027,0.0028207870,
1.02725,-0.0129229659,
1.0275,-0.0013077983,
1.02775,0.0087973364,
1.028,-0.0032483984,
1.02825,-0.0051358650,
1.0285,-0.0003309918,
1.02875,0.0020705718,
1.029,0.0004313019,
1.02925,-0.0105614914,
1.0295,-0.0024232715,
1.02975,0.0046288744,
1.03,-0.0021377339,
1.03025,-0.0062428033,
1.0305,-0.0051165232,
1.03075,-0.0028952861,
1.031,-0.0047706529,
1.03125,-0.0029767377,
1.0315,-0.0054304581,
1.03175,-0.0048814672,
1.032,-0.0001197716,
1.03225,-0.0036397877,
1.0325,-0.0059787366,
1.03275,-0.0074859578,
1.033,-0.0006349580,
1.03325,-0.0005028039,
1.0335,-0.0069910432,
1.03375,-0.0082592424,
1.034,0.0006546659,
1.03425,-0.0012823283,
1.0345,-0.0097678341,
1.03475,-0.0069881603,
1.035,-0.0009229726,
1.03525,0.0075584734,
1.0355,-0.0060081007,
1.03575,-0.0093425959,
1.036,0.0068977480,
1.03625,0.0078369183,
1.0365,-0.0024427902,
1.03675,-0.0039729215,
1.037,0.0023739701,
1.03725,-0.0006878623,
1.0375,-0.0054502697,
1.03775,-0.0092027653,
1.038,-0.0035473963,
1.03825,0.0041954299,
1.0385,-0.0032812660,
1.03875,-0.0082142521,
1.039,0.0003378971,
1.03925,-0.0033538565,
1.0395,0.0000148413,
1.03975,-0.0007597753,
1.04,-0.0036534495,
1.04025,-0.0017812593,
1.0405,0.0028972665,
1.04075,-0.0045556091,
1.041,-0.0034856340,
1.04125,-0.0006579502,
1.0415,-0.0034161233,
1.04175,0.0023769904,
1.042,-0.0075280480,
1.04225,-0.0067236805,
1.0425,0.0034256219,
1.04275,-0.0043930272,
1.043,-0.0107011646,
1.04325,-0.0080334311,
1.0435,-0.0005522359,
1.04375,-0.0011214368,
1.044,-0.0098735075,
1.04425,-0.0085045025,
1.0445,0.0055948729,
1.04475,0.0017264106,
1.045,-0.0110271759,
1.04525,-0.0064140004,
1.0455,-0.0022914200,
1.04575,-0.0019294088,
1.046,-0.0045637097,
1.04625,-0.0087325256,
1.0465,-0.0006264588,
1.04675,0.0002086751,
1.047,-0.0081715658,
1.04725,-0.0070455847,
1.0475,-0.0048676664,
1.04775,-0.0037227306,
1.048,-0.0010206017,
1.04825,-0.0075733764,
1.0485,-0.0078207459,
1.04875,0.0007538266,
1.049,-0.0004495875,
1.04925,-0.0046491339,
1.0495,-0.0020762787,
1.04975,-0.0000364478,
1.05,0.0040488900,
1.05025,-0.0004618839,
1.0505,-0.0049095419,
1.05075,-0.0010658206,
1.051,-0.0008298845,
1.05125,0.0020405825,
1.0515,-0.0108400257,
1.05175,0.0008867164,
1.052,0.0076711532,
1.05225,-0.0007678135,
1.0525,-0.0084548183,
1.05275,-0.0069723912,
1.053,0.0092155356,
1.05325,0.0022129752,
1.0535,-0.0088474033,
1.05375,-0.0033010056,
1.054,0.0048203249,
1.05425,-0.0001581703,
1.0545,-0.0077884602,
1.05475,-0.0009866531,
1.055,0.0056740418,
1.05525,-0.0003111965,
1.0555,-0.0022301958,
1.05575,-0.0034416059,
1.056,0.0000401786,
1.05625,0.0003795920,
1.0565,-0.0020335177,
1.05675,-0.0021564923,
1.057,-0.0063896840,
1.05725,-0.0020400707,
1.0575,0.0060143233,
1.05775,-0.0062116650,
1.058,-0.0050185900,
1.05825,0.0013285379,
1.0585,0.0019984329,
1.05875,-0.0014895911,
1.059,-0.0084120166,
1.05925,0.0033219359,
1.0595,0.0089047337,
1.05975,-0.0024876150,
1.06,-0.0098032458,
1.06025,0.0034832393,
1.0605,0.0075159543,
1.06075,-0.0058786203,
1.061,-0.0081555862,
1.06125,0.0028539982,
1.0615,0.0125287678,
1.06175,0.0024443683,
1.062,-0.0069891522,
1.06225,0.0017229981,
1.0625,0.0068050670,
1.06275,0.0001678570,
1.063,-0.0026057519,
1.06325,0.0074035926,
1.0635,0.0073415153,
1.06375,0.0057391953,
1.064,-0.0026030028,
1.06425,-0.0008348729,
1.0645,0.0055051809,
1.06475,0.0013470647,
1.065,0.0078405570,
1.06525,0.0007077922,
1.0655,-0.0025762899,
1.06575,0.0051230351,
1.066,-0.0001212511,
1.06625,-0.0013520862,
1.0665,0.0009940673,
1.06675,0.0075245271,
1.067,0.0086602047,
1.06725,0.0003940967,
1.0675,-0.0011552779,
1.06775,0.0111613888,
1.068,0.0129855806,
1.06825,-0.0024813018,
1.0685,-0.0033817659,
1.06875,0.0115555283,
1.069,0.0080525400,
1.06925,-0.0016698289,
1.0695,-0.0031356234,
1.06975,0.0091238907,
1.07,0.0095665706,
1.07025,-0.0035390572,
1.0705,-0.0012384170,
1.07075,0.0068302318,
1.071,0.0063649323,
1.07125,0.0000348091,
1.0715,-0.0006316652,
1.07175,0.0036623285,
1.072,0.0083882976,
1.07225,0.0034958497,
1.0725,-0.0042283325,
1.07275,0.0021349387,
1.073,0.0006869675,
1.07325,0.0037320941,
1.0735,0.0034610010,
1.07375,-0.0039796792,
1.074,0.0020375822,
1.07425,0.0050159274,
1.0745,0.0017915687,
1.07475,-0.0038070639,
1.075,0.0052800686,
1.07525,0.0066090524,
1.0755,0.0039425893,
1.07575,-0.0006613482,
1.076,-0.0030132174,
1.07625,0.0095150862,
1.0765,0.0065085706,
1.07675,-0.0010660531,
1.077,0.0011021319,
1.07725,0.0115924804,
1.0775,0.0083431192,
1.07775,-0.0016621650,
1.078,0.0000625938,
1.07825,0.0067973826,
1.0785,0.0071192766,
1.07875,0.0003871522,
1.079,-0.0021935964,
1.07925,0.0083613154,
1.0795,0.0093284566,
1.07975,0.0038066772,
1.08,-0.0019787564,
1.08025,0.0079471730,
1.0805,0.0122990254,
1.08075,0.0009932724,
1.081,-0.0022124338,
1.08125,-0.0033921753,
1.0815,0.0026419978,
1.08175,0.0042423755,
1.082,0.0025560847,
1.08225,0.0028194033,
1.0825,0.0054030921,
1.08275,0.0064331451,
1.083,0.0012026241,
1.08325,0.0021431134,
1.0835,0.0023731980,
1.08375,0.0001448375,
1.084,0.0012320196,
1.08425,-0.0095614316,
1.0845,-0.0062019988,
1.08475,0.0063409135,
1.085,0.0046581021,
1.08525,-0.0089503145,
1.0855,-0.0046335156,
1.08575,0.0086307731,
1.086,0.0025221147,
1.08625,-0.0056904512,
1.0865,-0.0054740859,
1.08675,0.0048495624,
1.087,0.0022477848,
1.08725,-0.0126831317,
1.0875,-0.0049026646,
1.08775,0.0053245835,
1.088,0.0010267774,
1.08825,-0.0048477100,
1.0885,-0.0026711849,
1.08875,0.0005051705,
1.089,0.0002046688,
1.08925,-0.0055572959,
1.0895,-0.0054446263,
1.08975,-0.0007820076,
1.09,0.0026840481,
1.09025,0.0049418677,
1.0905,-0.0015310860,
1.09075,-0.0076143183,
1.091,-0.0000111213,
1.09125,0.0069123190,
1.0915,0.0002263510,
1.09175,-0.0032865158,
1.092,0.0074715219,
1.09225,0.0048308810,
1.0925,-0.0035893081,
1.09275,-0.0057007065,
1.093,0.0019163348,
1.09325,0.0137538817,
1.0935,0.0002811551,
1.09375,-0.0122702261,
1.094,0.0032577687,
1.09425,0.0060689840,
1.0945,0.0007088406,
1.09475,-0.0045204256,
1.095,0.0012294459,
1.09525,0.0082147801,
1.0955,0.0013883704,
1.09575,-0.0074633700,
1.096,0.0005887453,
1.09625,0.0042772517,
1.0965,0.0024105560,
1.09675,-0.0023129298,
1.097,-0.0045653949,
1.09725,0.0019610035,
1.0975,0.0025130087,
1.09775,-0.0039273431,
1.098,-0.0017204339,
1.09825,0.0023232521,
1.0985,0.0030936545,
1.09875,-0.0002646819,
1.099,-0.0090309158,
1.09925,-0.0050757863,
1.0995,0.0027633458,
1.09975,0.0007242217,
1.1,-0.0044710203,
1.10025,-0.0031213085,
1.1005,-0.0005935876,
1.10075,-0.0002297464,
1.101,-0.0036541731,
1.10125,-0.0080147376,
1.1015,0.0036330041,
1.10175,0.0071213976,
1.102,-0.0086762365,
1.10225,-0.0101985335,
1.1025,-0.0020110197,
1.10275,0.0068251486,
1.103,0.0018511392,
1.10325,-0.0090131368,
1.1035,0.0037876032,
1.10375,0.0051791910,
1.104,-0.0045417687,
1.10425,-0.0062699681,
1.1045,0.0008432724,
1.10475,0.0085666161,
1.105,-0.0016230647,
1.10525,-0.0075401966,
1.1055,-0.0009191406,
1.10575,-0.0019252335,
1.106,0.0009589896,
1.10625,-0.0005254242,
1.1065,0.0013154267,
1.10675,0.0018164167,
1.107,0.0061588949,
1.10725,-0.0011014115,
1.1075,-0.0020215004,
1.10775,0.0031639207,
1.108,0.0070132744,
1.10825,0.0051943399,
1.1085,-0.0048858076,
1.10875,-0.0003049299,
1.109,0.0068539479,
1.10925,0.0024636351,
1.1095,-0.0056003062,
1.10975,0.0014546915,
1.11,0.0028791046,
1.11025,-0.0001672850,
1.1105,-0.0057673664,
1.11075,-0.0105641428,
1.111,0.0074783210,
1.11125,0.0063729188,
1.1115,-0.0043166494,
1.11175,0.0000348660,
1.112,-0.0037514421,
1.11225,0.0021693951,
1.1125,0.0008379208,
1.11275,-0.0092039490,
1.113,0.0039423206,
1.11325,0.0101919416,
1.1135,-0.0072598578,
1.11375,-0.0078091146,
1.114,-0.0020857726,
1.11425,-0.0033326559,
1.1145,-0.0011190946,
1.11475,-0.0069419532,
1.115,-0.0040394273,
1.11525,0.0037184753,
1.1155,-0.0030810032,
1.11575,-0.0064906906,
1.116,0.0001634774,
1.11625,0.0028563712,
1.1165,0.0045235851,
1.11675,0.0066377707,
1.117,-0.0005536446,
1.11725,0.0021376840,
1.1175,0.0060000247,
1.11775,0.0016019780,
1.118,-0.0038775979,
1.11825,0.0008796190,
1.1185,0.0116070872,
1.11875,0.0089535266,
1.119,-0.0036459127,
1.11925,-0.0034278119,
1.1195,0.0128218615,
1.11975,0.0050371792,
1.12,-0.0018381589,
1.12025,0.0006859389,
1.1205,0.0075542908,
1.12075,0.0104942750,
1.121,-0.0047233435,
1.12125,0.0036831188,
1.1215,0.0120017678,
1.12175,0.0056604957,
1.122,-0.0017732132,
1.12225,0.0006064792,
1.1225,0.0028160200,
1.12275,0.0027940273,
1.123,0.0047796704,
1.12325,-0.0013495111,
1.1235,0.0018834556,
1.12375,0.0029803836,
1.124,0.0013374031,
1.12425,0.0015703703,
1.1245,-0.0021473290,
1.12475,0.0033608209,
1.125,0.0086274873,
1.12525,-0.0016006983,
1.1255,-0.0079408344,
1.12575,0.0019148272,
1.126,0.0038824007,
1.12625,-0.0048667723,
1.1265,-0.0074780229,
1.12675,0.0075826989,
1.127,0.0102688819,
1.12725,-0.0053235311,
1.1275,-0.0118298233,
1.12775,0.0044437270,
1.128,0.0105867758,
1.12825,-0.0049277651,
1.1285,-0.0031502184,
1.12875,0.0054275063,
1.129,0.0036872043,
1.12925,-0.0004367665,
1.1295,0.0010352804,
1.12975,0.0061492715,
1.13,0.0090572406,
1.13025,0.0056450535,
1.1305,-0.0025498217,
1.13075,0.0032052514,
1.131,0.0048851692,
1.13125,0.0027679568,
1.1315,0.0051088501,
1.13175,-0.0008196869,
1.132,0.0017645478,
1.13225,0.0106259584,
1.1325,0.0039810557,
1.13275,0.0015705170,
1.133,0.0091542844,
1.13325,0.0079219872,
1.1335,0.0048516919,
1.13375,0.0041601858,
1.134,0.0024517358,
1.13425,0.0121233789,
1.1345,0.0095991772,
1.13475,-0.0030487049,
1.135,0.0037987842,
1.13525,0.0102203321,
1.1355,0.0074218344,
1.13575,-0.0027010166,
1.136,-0.0028799134,
1.13625,0.0099196471,
1.1365,0.0086550806,
1.13675,-0.0024662162,
1.137,-0.0053770076,
1.13725,0.0089681689,
1.1375,0.0011329433,
1.13775,-0.0042241979,
1.138,-0.0014606533,
1.13825,0.0058277785,
1.1385,0.0065633510,
1.13875,-0.0061705206,
1.139,-0.0019079710,
1.13925,-0.0007592001,
1.1395,-0.0009052281,
1.13975,0.0013838685,
1.14,-0.0046159108,
1.14025,-0.0074009895,
1.1405,-0.0024059033,
1.14075,-0.0025073404,
1.141,-0.0065402426,
1.14125,-0.0056251837,
1.1415,-0.0016494462,
1.14175,0.0025454294,
1.142,-0.0056501203,
1.14225,-0.0093718255,
1.1425,0.0007473250,
1.14275,-0.0034425566,
1.143,-0.0066168457,
1.14325,-0.0093846032,
1.1435,-0.0038058637,
1.14375,0.0008347441,
1.144,-0.0056514544,
1.14425,-0.0085712345,
1.1445,-0.0005199293,
1.14475,0.0037494989,
1.145,-0.0027370844,
1.14525,-0.0084246118,
1.1455,-0.0056587914,
1.14575,-0.0014871092,
1.146,-0.0013096575,
1.14625,-0.0038768456,
1.1465,-0.0053621032,
1.14675,0.0045199231,
1.147,0.0014691788,
1.14725,-0.0063268077,
1.1475,-0.0026041011,
1.14775,0.0041227816,
1.148,0.0039544441,
1.14825,0.0009001674,
1.1485,-0.0009203053,
1.14875,-0.0046062698,
1.149,0.0014894000,
1.14925,-0.0004766359,
1.1495,-0.0031877321,
1.14975,0.0039965156,
1.15,0.0046768542,
1.15025,0.0012810365,
1.1505,-0.0016045612,
1.15075,-0.0051864488,
1.151,-0.0020860676,
1.15125,0.0025253878,
1.1515,-0.0099370545,
1.15175,-0.0070487419,
1.152,0.0019710572,
1.15225,0.0035395848,
1.1525,-0.0073653976,
1.15275,-0.0099806637,
1.153,-0.0005792434,
1.15325,0.0014775235,
1.1535,-0.0102155190,
1.15375,-0.0146431299,
1.154,-0.0031797732,
1.15425,-0.0035875596,
1.1545,-0.0108390162,
1.15475,-0.0103088580,
1.155,-0.0046560131,
1.15525,-0.0003416594,
1.1555,-0.0121590663,
1.15575,-0.0109312441,
1.156,-0.0055282600,
1.15625,-0.0075219749,
1.1565,-0.0067802472,
1.15675,-0.0046277456,
1.157,-0.0098586474,
1.15725,-0.0083773602,
1.1575,-0.0015380569,
1.15775,-0.0038278685,
1.158,-0.0065083872,
1.15825,-0.0065644635,
1.1585,-0.0012454856,
1.15875,-0.0024239123,
1.159,-0.0153579153,
1.15925,-0.0076414947,
1.1595,0.0051716501,
1.15975,0.0023987822,
1.16,-0.0097384732,
1.16025,-0.0015756593,
1.1605,0.0127357915,
1.16075,-0.0034148151,
1.161,-0.0123404618,
1.16125,0.0000248441,
1.1615,0.0091003096,
1.16175,0.0024479246,
1.162,-0.0086429557,
1.16225,-0.0049200230,
1.1625,0.0039366018,
1.16275,-0.0023325311,
1.163,-0.0041083409,
1.16325,0.0059981127,
1.1635,0.0019819699,
1.16375,0.0019897220,
1.164,0.0001285909,
1.16425,-0.0069399569,
1.1645,0.0005693633,
1.16475,0.0004363263,
1.165,-0.0021874921,
1.16525,-0.0018122174,
1.1655,-0.0077269464,
1.16575,-0.0039843330,
1.166,0.0004757365,
1.16625,-0.0046669878,
1.1665,-0.0040145162,
1.16675,0.0037249457,
1.167,-0.0024075739,
1.16725,-0.0068739234,
1.1675,-0.0045259898,
1.16775,-0.0029137942,
1.168,0.0052490160,
1.16825,-0.0033801212,
1.1685,-0.0164094139,
1.16875,-0.0001278202,
1.169,0.0048268875,
1.16925,-0.0079836808,
1.1695,-0.0038350555,
1.16975,0.0038645044,
1.17,0.0071156919,
1.17025,0.0024679049,
1.1705,-0.0140178502,
1.17075,0.0024130363,
1.171,0.0019402568,
1.17125,-0.0090264864,
1.1715,-0.0039106780,
1.17175,0.0006894715,
1.172,0.0017237775,
1.17225,-0.0012976899,
1.1725,-0.0029426676,
1.17275,0.0006872896,
1.173,0.0046578939,
1.17325,0.0028076554,
1.1735,0.0005638081,
1.17375,-0.0004131152,
1.174,-0.0058293138,
1.17425,0.0050917082,
1.1745,0.0011056610,
1.17475,-0.0007855119,
1.175,0.0040956787,
1.17525,0.0047586909,
1.1755,0.0090125035,
1.17575,-0.0031301638,
1.176,0.0014084911,
1.17625,0.0078102611,
1.1765,0.0031293328,
1.17675,-0.0004268039,
1.177,-0.0048814146,
1.17725,0.0091528269,
1.1775,0.0050821425,
1.17775,-0.0017238453,
1.178,-0.0008632162,
1.17825,0.0032004749,
1.1785,0.0075286790,
1.17875,0.0003976693,
1.179,-0.0002876312,
1.17925,0.0045968480,
1.1795,0.0079366276,
1.17975,0.0018632527,
1.18,-0.0041166637,
1.18025,0.0067626177,
1.1805,0.0077186702,
1.18075,0.0029143183,
1.181,-0.0004595342,
1.18125,-0.0054529333,
1.1815,-0.0018619986,
1.18175,-0.0005127678,
1.182,-0.0079798875,
1.18225,-0.0019864300,
1.1825,0.0022517480,
1.18275,-0.0022191845,
1.183,0.0020061901,
1.18325,-0.0019813739,
1.1835,0.0006062534,
1.18375,0.0062760701,
1.184,-0.0004591402,
1.18425,-0.0048292652,
1.1845,-0.0021021310,
1.18475,0.0016556088,
1.185,0.0046166135,
1.18525,-0.0057604648,
1.1855,-0.0061182980,
1.18575,0.0092536071,
1.186,0.0031452221,
1.18625,-0.0046809493,
1.1865,0.0010977840,
1.18675,0.0058555813,
1.187,0.0027279740,
1.18725,-0.0039318427,
1.1875,-0.0031600555,
1.18775,0.0091485456,
1.188,0.0068125012,
1.18825,-0.0033804169,
1.1885,0.0013781316,
1.18875,0.0097169913,
1.189,-0.0011275886,
1.18925,0.0054166024,
1.1895,0.0010879601,
1.18975,-0.0038683848,
1.19,0.0062900800,
1.19025,0.0032342679,
1.1905,0.0012245366,
1.19075,0.0019940783,
1.191,0.0020323116,
1.19125,0.0068522329,
1.1915,0.0030952627,
1.19175,-0.0052729929,
1.192,0.0047813314,
1.19225,0.0098158559,
1.1925,-0.0027460484,
1.19275,-0.0058192676,
1.193,0.0054148328,
1.19325,0.0125480071,
1.1935,0.0016703753,
1.19375,-0.0108724190,
1.194,0.0015490090,
1.19425,0.0068295458,
1.1945,0.0004192414,
1.19475,-0.0033442331,
1.195,0.0042141564,
1.19525,0.0053486885,
1.1955,-0.0027645454,
1.19575,-0.0077161128,
1.196,0.0002082966,
1.19625,0.0083577000,
1.1965,0.0024888520,
1.19675,-0.0014178794,
1.197,-0.0028855572,
1.19725,-0.0011933594,
1.1975,-0.0013783742,
1.19775,-0.0026798758,
1.198,-0.0032435681,
1.19825,0.0020918371,
1.1985,0.0040970109,
1.19875,0.0010801430,
1.199,-0.0056259157,
1.19925,-0.0076341396,
1.1995,0.0028630900,
1.19975,0.0014304083,
1.2,-0.0024367701,
1.20025,-0.0009185783,
1.2005,-0.0022787463,
1.20075,0.0030135205,
1.201,-0.0024779071,
1.20125,-0.0096144509,
1.2015,0.0098261843,
1.20175,0.0076060547,
1.202,-0.0046251281,
1.20225,-0.0116522461,
1.2025,-0.0034611661,
1.20275,0.0070429263,
1.203,-0.0006646345,
1.20325,-0.0116315847,
1.2035,0.0034707459,
1.20375,0.0047048759,
1.204,-0.0051287925,
1.20425,-0.0036482678,
1.2045,0.0007324336,
1.20475,0.0061755669,
1.205,-0.0009302697,
1.20525,-0.0075832317,
1.2055,-0.0017843797,
1.20575,0.0036048046,
1.206,-0.0049551302,
1.20625,-0.0023883160,
1.2065,0.0022773726,
1.20675,-0.0026751836,
1.207,0.0007589005,
1.20725,-0.0009292325,
1.2075,-0.0130021106,
1.20775,-0.0033335888,
1.208,0.0035222336,
1.20825,-0.0009198289,
1.2085,0.0015816560,
1.20875,-0.0048823371,
1.209,0.0014227158,
1.20925,0.0006208693,
1.2095,-0.0115179550,
1.20975,-0.0069898413,
1.21,0.0052418052,
1.21025,0.0013336922,
1.2105,-0.0085377730,
1.21075,-0.0100764995,
1.211,-0.0004269625,
1.21125,0.0041075526,
1.2115,-0.0073089562,
1.21175,-0.0071863136,
1.212,0.0024149744,
1.21225,-0.0027176030,
1.2125,-0.0067928950,
1.21275,-0.0089601697,
1.213,-0.0033882745,
1.21325,0.0054625589,
1.2135,-0.0014162443,
1.21375,-0.0082373424,
1.214,0.0007325296,
1.21425,0.0024105660,
1.2145,-0.0035845223,
1.21475,-0.0032996850,
1.215,-0.0066447514,
1.21525,-0.0000478783,
1.2155,0.0037594927,
1.21575,-0.0051041404,
1.216,-0.0036592423,
1.21625,0.0071092853,
1.2165,0.0012460451,
1.21675,0.0036350030,
1.217,0.0026589131,
1.21725,0.0019820898,
1.2175,0.0110780643,
1.21775,0.0044484818,
1.218,-0.0032919561,
1.21825,0.0009005368,
1.2185,0.0063318289,
1.21875,0.0061893817,
1.219,-0.0038375144,
1.21925,-0.0086293546,
1.2195,0.0075018411,
1.21975,0.0096048657,
1.22,-0.0067713382,
1.22025,-0.0020474195,
1.2205,0.0074902154,
1.22075,0.0063851061,
1.221,-0.0026913276,
1.22125,-0.0084242690,
1.2215,0.0059213890,
1.22175,0.0057102973,
1.222,-0.0046329377,
1.22225,-0.0014835183,
1.2225,0.0018132741,
1.22275,-0.0010034631,
1.223,-0.0026445240,
1.22325,-0.0037904314,
1.2235,-0.0029848316,
1.22375,-0.0028505244,
1.224,-0.0001128588,
1.22425,-0.0043724990,
1.2245,-0.0108099673,
1.22475,-0.0035427469,
1.225,0.0031527530,
1.22525,-0.0023373791,
1.2255,-0.0090786805,
1.22575,0.0032918819,
1.226,0.0054960749,
1.22625,-0.0029276812,
1.2265,-0.0096285446,
1.22675,-0.0028567540,
1.227,0.0136364438,
1.22725,0.0032138440,
1.2275,-0.0118577592,
1.22775,0.0014562362,
1.228,0.0107607674,
1.22825,-0.0017753331,
1.2285,-0.0062993560,
1.22875,0.0028384628,
1.229,0.0081155170,
1.22925,0.0062546022,
1.2295,-0.0030077391,
1.22975,0.0012357255,
1.23,0.0103282165,
1.23025,0.0001257170,
1.2305,-0.0001884773,
1.23075,0.0012090647,
1.231,0.0009354186,
1.23125,0.0048629539,
1.2315,-0.0004923844,
1.23175,0.0021404708,
1.232,0.0035041212,
1.23225,0.0057809702,
1.2325,0.0114656594,
1.23275,0.0010066746,
1.233,-0.0013259461,
1.23325,0.0076561691,
1.2335,0.0076619564,
1.23375,-0.0008899637,
1.234,0.0013988094,
1.23425,0.0067681596,
1.2345,0.0096865129,
1.23475,0.0055290451,
1.235,-0.0103191622,
1.23525,0.0105091939,
1.2355,0.0167083349,
1.23575,-0.0030191930,
1.236,-0.0017298127,
1.23625,0.0039379522,
1.2365,0.0115804803,
1.23675,0.0019807967,
1.237,-0.0033963113,
1.23725,0.0076779583,
1.2375,0.0138226654,
1.23775,0.0051781069,
1.238,-0.0047774981,
1.23825,0.0061239358,
1.2385,0.0042112838,
1.23875,0.0027591642,
1.239,-0.0030345854,
1.23925,-0.0032878439,
1.2395,0.0048783259,
1.23975,-0.0016199490,
1.24,-0.0013507319,
1.24025,-0.0018236652,
1.2405,-0.0009303484,
1.24075,0.0079459948,
1.241,0.0058806012,
1.24125,0.0017868617,
1.2415,0.0030067288,
1.24175,0.0105079282,
1.242,0.0055317143,
1.24225,-0.0013955964,
1.2425,0.0024239153,
1.24275,0.0099066887,
1.243,0.0106168017,
1.24325,-0.0036601701,
1.2435,0.0001339458,
1.24375,0.0093445098,
1.244,0.0103888363,
1.24425,-0.0008775792,
1.2445,-0.0024420952,
1.24475,0.0120213302,
1.245,0.0116601940,
1.24525,-0.0016983377,
1.2455,-0.0001823643,
1.24575,0.0065700486,
1.246,0.0069897352,
1.24625,0.0021584686,
1.2465,-0.0009625048,
1.24675,0.0072701690,
1.247,0.0118816728,
1.24725,0.0023104940,
1.2475,-0.0003209966,
1.24775,0.0034184041,
1.248,0.0015163148,
1.24825,0.0039271717,
1.2485,-0.0022954566,
1.24875,-0.0048663565,
1.249,0.0029544607,
1.24925,0.0026377013,
1.2495,0.0004391410,
1.24975,-0.0001943766,
1.25,-0.0001308289,
1.25025,0.0013553675,
1.2505,0.0021498844,
1.25075,-0.0086856708,
1.251,-0.0014721219,
1.25125,0.0064826226,
1.2515,-0.0032834758,
1.25175,-0.0064659445,
1.252,-0.0143393688,
1.25225,0.0039300565,
1.2525,0.0048056971,
1.25275,-0.0137923863,
1.253,0.0007921009,
1.25325,0.0076287026,
1.2535,-0.0015142641,
1.25375,-0.0060250834,
1.254,-0.0081280004,
1.25425,0.0017228150,
1.2545,0.0050349790,
1.25475,-0.0115525872,
1.255,-0.0022176658,
1.25525,0.0074935169,
1.2555,-0.0052598761,
1.25575,-0.0014188685,
1.256,-0.0018352725,
1.25625,-0.0012335577,
1.2565,0.0021258742,
1.25675,0.0025671327,
1.257,-0.0027935933,
1.25725,-0.0007344782,
1.2575,0.0036035413,
1.25775,0.0024990793,
1.258,0.0054974644,
1.25825,-0.0066840826,
1.2585,0.0023824370,
1.25875,0.0128901508,
1.259,-0.0021217575,
1.25925,-0.0062136143,
1.2595,0.0027348017,
1.25975,0.0085617825,
1.26,-0.0016718487,
1.26025,-0.0074626342,
1.2605,0.0057128067,
1.26075,0.0109107755,
1.261,-0.0050437688,
1.26125,-0.0134940306,
1.2615,0.0016542659,
1.26175,0.0089692697,
1.262,-0.0039410298,
1.26225,-0.0103754327,
1.2625,-0.0015365432,
1.26275,-0.0023038140,
1.263,-0.0102512538,
1.26325,-0.0066893543,
1.2635,-0.0022859978,
1.26375,0.0002797473,
1.264,-0.0031016048,
1.26425,-0.0077753793,
1.2645,-0.0067482586,
1.26475,-0.0083363634,
1.265,-0.0060267579,
1.26525,-0.0019972140,
1.2655,-0.0098201828,
1.26575,-0.0104034310,
1.266,-0.0008268195,
1.26625,-0.0020938357,
1.2665,-0.0086554764,
1.26675,-0.0021563573,
1.267,0.0041624117,
1.26725,-0.0014243117,
1.2675,-0.0078674341,
1.26775,-0.0068021235,
1.268,0.0057813148,
1.26825,0.0044071027,
1.2685,-0.0052367407,
1.26875,-0.0063496139,
1.269,0.0092668841,
1.26925,0.0033061136,
1.2695,-0.0061160708,
1.26975,0.0006880131,
1.27,0.0052543492,
1.27025,0.0066478495,
1.2705,-0.0032771030,
1.27075,-0.0054523908,
1.271,0.0031989701,
1.27125,0.0041224463,
1.2715,0.0004595853,
1.27175,-0.0022954321,
1.272,0.0097048189,
1.27225,0.0060876529,
1.2725,0.0015769469,
1.27275,-0.0018227594,
1.273,0.0008683907,
1.27325,0.0031856201,
1.2735,0.0009744222,
1.27375,-0.0001608066,
1.274,-0.0080208918,
1.27425,0.0031288220,
1.2745,0.0020431732,
1.27475,-0.0000081066,
1.275,-0.0004507130,
1.27525,0.0007952506,
1.2755,0.0033651604,
1.27575,-0.0013094430,
1.276,-0.0068409042,
1.27625,-0.0004987194,
1.2765,0.0049935197,
1.27675,-0.0019590002,
1.277,-0.0072510643,
1.27725,-0.0044350093,
1.2775,0.0054211840,
1.27775,-0.0018356673,
1.278,-0.0097408779,
1.27825,-0.0004760404,
1.2785,0.0002947109,
1.27875,-0.0043721693,
1.279,-0.0070484048,
1.27925,-0.0059664133,
1.2795,-0.0003320517,
1.27975,-0.0011004916,
1.28,-0.0079750186,
1.28025,-0.0090423534,
1.2805,0.0017573822,
1.28075,-0.0014199461,
1.281,-0.0043735844,
1.28125,-0.0047370819,
1.2815,-0.0069168187,
1.28175,-0.0006504453,
1.282,-0.0032282250,
1.28225,-0.0089531541,
1.2825,-0.0028355352,
1.28275,0.0011441549,
1.283,-0.0039841384,
1.28325,-0.0055207321,
1.2835,-0.0000328186,
1.28375,0.0024578222,
1.284,0.0041286093,
1.28425,0.0016247196,
1.2845,-0.0027777825,
1.28475,0.0061681140,
1.285,0.0068376223,
1.28525,-0.0021395828,
1.2855,-0.0021088663,
1.28575,0.0049458812,
1.286,0.0101120025,
1.28625,0.0006205091,
1.2865,-0.0017822806,
1.28675,0.0051712077,
1.287,0.0118184602,
1.28725,0.0006748330,
1.2875,-0.0032467926,
1.28775,0.0070727295,
1.288,0.0073686205,
1.28825,0.0038227988,
1.2885,0.0021862015,
1.28875,0.0031942227,
1.289,0.0121291336,
1.28925,0.0012397659,
1.2895,0.0032932637,
1.28975,0.0032189141,
1.29,-0.0027348995,
1.29025,0.0066231182,
1.2905,0.0048396164,
1.29075,-0.0029668782,
1.291,0.0030010948,
1.29125,0.0029728657,
1.2915,-0.0025307378,
1.29175,-0.0026308461,
1.292,-0.0023972525,
1.29225,0.0036926810,
1.2925,0.0034224009,
1.29275,-0.0126845622,
1.293,-0.0091571752,
1.29325,0.0068541435,
1.2935,-0.0018360430,
1.29375,-0.0079691596,
1.294,-0.0002648152,
1.29425,0.0090697352,
1.2945,0.0078130374,
1.29475,-0.0074750097,
1.295,-0.0019025712,
1.29525,0.0103350040,
1.2955,-0.0030277539,
1.29575,-0.0079514198,
1.296,-0.0042845644,
1.29625,0.0015585073,
1.2965,-0.0001528853,
1.29675,-0.0074631837,
1.297,-0.0011904305,
1.29725,0.0052108783,
1.2975,0.0008667021,
1.29775,0.0004581326,
1.298,0.0038648462,
1.29825,-0.0009682075,
1.2985,0.0060228067,
1.29875,0.0056687086,
1.299,0.0026725922,
1.29925,0.0004635762,
1.2995,0.0036400841,
1.29975,0.0084107611,
1.3,0.0011130616,
1.30025,-0.0008287049,
1.3005,0.0052368119,
1.30075,0.0075626611,
1.301,0.0002774076,
1.30125,-0.0044549727,
1.3015,0.0070078857,
1.30175,0.0086916517,
1.302,0.0017964334,
1.30225,-0.0110977963,
1.3025,0.0030447780,
1.30275,0.0081546521,
1.303,-0.0028270588,
1.30325,0.0023145557,
1.3035,-0.0009025229,
1.30375,0.0116702002,
1.304,0.0066520683,
1.30425,-0.0103580635,
1.3045,0.0005863247,
1.30475,0.0047416613,
1.305,-0.0003552151,
1.30525,-0.0003814917,
1.3055,-0.0001460067,
1.30575,-0.0011558492,
1.306,-0.0005802679,
1.30625,-0.0106021622,
1.3065,-0.0036922991,
1.30675,0.0068761893,
1.307,-0.0006929704,
1.30725,0.0042760051,
1.3075,-0.0038237658,
1.30775,-0.0089905113,
1.308,0.0016374706,
1.30825,-0.0041521545,
1.3085,0.0004438359,
1.30875,0.0037805797,
1.309,-0.0000851482,
1.30925,0.0022672815,
1.3095,-0.0081217503,
1.30975,-0.0073546087,
1.31,0.0054909438,
1.31025,0.0070548197,
1.3105,-0.0094940467,
1.31075,-0.0062260861,
1.311,0.0014861829,
1.31125,0.0002773975,
1.3115,0.0009274147,
1.31175,-0.0043289680,
1.312,0.0023244021,
1.31225,0.0025044454,
1.3125,-0.0088898437,
1.31275,-0.0053482540,
1.313,-0.0004824056,
1.31325,0.0004406931,
1.3135,0.0010870007,
1.31375,-0.0050584748,
1.314,-0.0050352365,
1.31425,-0.0010978560,
1.3145,-0.0010579496,
1.31475,-0.0033456963,
1.315,0.0001705411,
1.31525,0.0028094836,
1.3155,0.0039857924,
1.31575,-0.0067665102,
1.316,-0.0082544852,
1.31625,-0.0020970311,
1.3165,-0.0009398939,
1.31675,-0.0017434475,
1.317,-0.0024284974,
1.31725,-0.0012434256,
1.3175,-0.0015420753,
1.31775,-0.0063298182,
1.318,-0.0086347703,
1.31825,-0.0057025971,
1.3185,0.0001796884,
1.31875,0.0025501617,
1.319,-0.0076705292,
1.31925,-0.0102365119,
1.3195,-0.0001407830,
1.31975,-0.0008327790,
1.32,-0.0093075335,
1.32025,-0.0098031033,
1.3205,0.0014361400,
1.32075,-0.0007123506,
1.321,-0.0100602033,
1.32125,-0.0111348070,
1.3215,-0.0052795410,
1.32175,0.0007382120,
1.322,-0.0100678867,
1.32225,-0.0087840445,
1.3225,-0.0018919999,
1.32275,-0.0034301579,
1.323,-0.0061438801,
1.32325,-0.0082556680,
1.3235,-0.0047617448,
1.32375,-0.0040467093,
1.324,-0.0009332537,
1.32425,-0.0048062829,
1.3245,-0.0069815833,
1.32475,0.0005739116,
1.325,0.0006694422,
1.32525,-0.0022531885,
1.3255,-0.0057903812,
1.32575,-0.0012793298,
1.326,0.0042266459,
1.32625,-0.0027817194,
1.3265,-0.0070920703,
1.32675,0.0008878388,
1.327,0.0088669239,
1.32725,-0.0019266075,
1.3275,-0.0135210678,
1.32775,-0.0023852617,
1.328,0.0104704509,
1.32825,-0.0008901360,
1.3285,-0.0065498883,
1.32875,-0.0008598075,
1.329,0.0059450949,
1.32925,0.0023408690,
1.3295,-0.0085853217,
1.32975,0.0012395532,
1.33,0.0079656718,
1.33025,-0.0022605630,
1.3305,-0.0030760861,
1.33075,0.0008255291,
1.331,-0.0008376315,
1.33125,-0.0010098742,
1.3315,0.0004827052,
1.33175,-0.0018417039,
1.332,-0.0035329661,
1.33225,0.0005350151,
1.3325,0.0004124915,
1.33275,-0.0020165015,
1.333,-0.0070284391,
1.33325,-0.0009014535,
1.3335,0.0042646439,
1.33375,-0.0067025581,
1.334,-0.0075602257,
1.33425,0.0061601410,
1.3345,0.0069590569,
1.33475,-0.0055791549,
1.335,-0.0089816060,
1.33525,0.0018122547,
1.3355,0.0043287892,
1.33575,-0.0039610718,
1.336,-0.0103435833,
1.33625,0.0057933899,
1.3365,0.0080295596,
1.33675,-0.0070636622,
1.337,-0.0069478555,
1.33725,-0.0006211603,
1.3375,0.0052974597,
1.33775,-0.0023197653,
1.338,-0.0050474722,
1.33825,0.0003228703,
1.3385,0.0052030343,
1.33875,-0.0011507578,
1.339,-0.0054636532,
1.33925,0.0004330348,
1.3395,0.0031048909,
1.33975,0.0057679852,
1.34,-0.0012950075,
1.34025,-0.0043508196,
1.3405,-0.0003839514,
1.34075,-0.0012829369,
1.341,0.0039530904,
1.34125,-0.0042345617,
1.3415,0.0022178702,
1.34175,0.0059705744,
1.342,0.0002067234,
1.34225,0.0008276227,
1.3425,0.0016371957,
1.34275,0.0120220874,
1.343,0.0051408410,
1.34325,-0.0024590991,
1.3435,-0.0027027053,
1.34375,0.0065581105,
1.344,0.0091077760,
1.34425,-0.0041369917,
1.3445,-0.0018010144,
1.34475,0.0094983345,
1.345,0.0057317987,
1.34525,-0.0030937437,
1.3455,-0.0021017182,
1.34575,0.0085086385,
1.346,0.0085851755,
1.34625,0.0060974644,
1.3465,-0.0021513060,
1.34675,0.0030203999,
1.347,0.0068351543,
1.34725,-0.0046351776,
1.3475,-0.0040685460,
1.34775,0.0024424582,
1.348,0.0011257861,
1.34825,-0.0005253819,
1.3485,-0.0011965727,
1.34875,-0.0094822012,
1.349,-0.0005140544,
1.34925,0.0066217566,
1.3495,-0.0041626706,
1.34975,0.0036961355,
1.35,0.0054588052,
1.35025,0.0005730065,
1.3505,0.0038164081,
1.35075,-0.0073270099,
1.351,-0.0035938693,
1.35125,0.0105895763,
1.3515,0.0073887245,
1.35175,-0.0023973936,
1.352,0.0001939066,
1.35225,0.0055962708,
1.3525,0.0068205558,
1.35275,-0.0035547020,
1.353,-0.0044131661,
1.35325,0.0144894645,
1.3535,0.0060774740,
1.35375,-0.0044183210,
1.354,0.0000295734,
1.35425,0.0083209565,
1.3545,0.0141596869,
1.35475,0.0047632423,
1.355,0.0007312230,
1.35525,0.0130653204,
1.3555,0.0072839297,
1.35575,-0.0015800749,
1.356,0.0027011181,
1.35625,0.0032630544,
1.3565,0.0042709243,
1.35675,0.0032332903,
1.357,0.0006957441,
1.35725,0.0047529917,
1.3575,0.0064813630,
1.35775,0.0105853695,
1.358,0.0050648791,
1.35825,-0.0007126288,
1.3585,0.0030621525,
1.35875,0.0063103880,
1.359,0.0037643388,
1.35925,-0.0064388569,
1.3595,0.0034137079,
1.35975,0.0099308090,
1.36,0.0021975092,
1.36025,-0.0081685809,
1.3605,-0.0017879461,
1.36075,0.0130927050,
1.361,0.0005716165,
1.36125,-0.0084172487,
1.3615,0.0035234753,
1.36175,0.0071793608,
1.362,-0.0022532230,
1.36225,-0.0130746132,
1.3625,-0.0044577820,
1.36275,0.0060112979,
1.363,-0.0001137331,
1.36325,-0.0060413554,
1.3635,-0.0035548238,
1.36375,0.0034285954,
1.364,-0.0022226679,
1.36425,-0.0055220518,
1.3645,-0.0024811812,
1.36475,-0.0029126925,
1.365,0.0010102612,
1.36525,0.0050095553,
1.3655,-0.0005533146,
1.36575,-0.0022377942,
1.366,0.0019309332,
1.36625,0.0016439824,
1.3665,-0.0017593893,
1.36675,-0.0033778255,
1.367,0.0056256610,
1.36725,0.0079478286,
1.3675,-0.0030782400,
1.36775,-0.0078944592,
1.368,0.0006601968,
1.36825,0.0087900329,
1.3685,-0.0011971357,
1.36875,-0.0110037476,
1.369,0.0068653845,
1.36925,0.0128124058,
1.3695,-0.0047836858,
1.36975,-0.0030984834,
1.37,0.0038656718,
1.37025,0.0065252110,
1.3705,0.0033237427,
1.37075,-0.0080248602,
1.371,0.0037991954,
1.37125,0.0085686995,
1.3715,-0.0008926055,
1.37175,-0.0048985668,
1.372,0.0049222186,
1.37225,0.0057690395,
1.3725,0.0032473905,
1.37275,-0.0027467159,
1.373,-0.0033946964,
1.37325,0.0026078075,
1.3735,0.0034876901,
1.37375,0.0024398495,
1.374,-0.0043772357,
1.37425,-0.0053741727,
1.3745,0.0038209707,
1.37475,0.0037737098,
1.375,-0.0050294069,
1.37525,0.0039363862,
1.3755,0.0029640901,
1.37575,-0.0011616462,
1.376,-0.0054090265,
1.37625,-0.0113604199,
1.3765,0.0053875418,
1.37675,0.0053182468,
1.377,-0.0123001309,
1.37725,-0.0070849643,
1.3775,0.0010739720,
1.37775,-0.0004297648,
1.378,0.0000253592,
1.37825,-0.0029556032,
1.3785,0.0024284676,
1.37875,0.0070427409,
1.379,-0.0090334974,
1.37925,-0.0098543372,
1.3795,0.0049717044,
1.37975,0.0007174629,
1.38,0.0014266360,
1.38025,-0.0036951012,
1.3805,-0.0024840317,
1.38075,0.0047625527,
1.381,-0.0001198651,
1.38125,-0.0069891750,
1.3815,-0.0025229354,
1.38175,0.0008646416,
1.382,-0.0005201225,
1.38225,-0.0003840637,
1.3825,-0.0027751671,
1.38275,-0.0011472177,
1.383,0.0081146145,
1.38325,-0.0015757128,
1.3835,-0.0011439670,
1.38375,0.0039133313,
1.384,-0.0004597928,
1.38425,0.0010911165,
1.3845,-0.0064281817,
1.38475,-0.0054934118,
1.385,0.0070306235,
1.38525,0.0030247197,
1.3855,-0.0118267676,
1.38575,-0.0040883729,
1.386,0.0028284774,
1.38625,0.0010172914,
1.3865,-0.0007173424,
1.38675,-0.0059902393,
1.387,0.0047901077,
1.38725,0.0049388525,
1.3875,-0.0088485656,
1.38775,-0.0076952991,
1.388,0.0039336639,
1.38825,0.0050604525,
1.3885,-0.0043879300,
1.38875,-0.0063220453,
1.389,-0.0060755601,
1.38925,-0.0022738106,
1.3895,-0.0067250188,
1.38975,-0.0119105391,
1.39,0.0005749364,
1.39025,0.0011800914,
1.3905,-0.0003532214,
1.39075,-0.0000252501,
1.391,-0.0054350961,
1.39125,0.0028627338,
1.3915,0.0071485806,
1.39175,0.0013319920,
1.392,0.0015659707,
1.39225,0.0044908402,
1.3925,0.0060479743,
1.39275,0.0012864276,
1.393,-0.0061225956,
1.39325,0.0011934892,
1.3935,0.0157609731,
1.39375,0.0008602117,
1.394,-0.0107040927,
1.39425,0.0024551619,
1.3945,0.0076761632,
1.39475,0.0036475356,
1.395,-0.0026396660,
1.39525,0.0037129046,
1.3955,0.0127190538,
1.39575,0.0029478038,
1.396,-0.0039809202,
1.39625,0.0075653619,
1.3965,0.0108409002,
1.39675,0.0061993310,
1.397,0.0026825650,
1.39725,0.0028495407,
1.3975,0.0037551485,
1.39775,0.0024577864,
1.398,-0.0016363156,
1.39825,0.0008710003,
1.3985,0.0032410673,
1.39875,0.0033146820,
1.399,0.0035454291,
1.39925,-0.0025712866,
1.3995,-0.0005190320,
1.39975,0.0049542333,
1.4,0.0048928200,
1.40025,0.0015592022,
1.4005,0.0000622661,
1.40075,0.0035799141,
1.401,0.0020998474,
1.40125,-0.0060264207,
1.4015,-0.0058431644,
1.40175,0.0046557463,
1.402,0.0078472439,
1.40225,-0.0069277585,
1.4025,-0.0115363188,
1.40275,0.0052240868,
1.403,0.0113336099,
1.40325,-0.0018341567,
1.4035,-0.0025196848,
1.40375,0.0062915180,
1.404,0.0035072425,
1.40425,-0.0005102283,
1.4045,-0.0071244445,
1.40475,0.0051032188,
1.405,0.0092292940,
1.40525,-0.0032758797,
1.4055,0.0000071355,
1.40575,0.0037273744,
1.406,0.0043209922,
1.40625,0.0056752479,
1.4065,0.0033954289,
1.40675,0.0024936583,
1.407,0.0054505663,
1.40725,0.0075217034,
1.4075,0.0013060533,
1.40775,0.0015685621,
1.408,0.0074779559,
1.40825,0.0092610549,
1.4085,0.0072406903,
1.40875,0.0021579561,
1.409,0.0068941428,
1.40925,0.0114988303,
1.4095,0.0022680985,
1.40975,0.0000790137,
1.41,0.0036077243,
1.41025,0.0131460764,
1.4105,0.0059119090,
1.41075,-0.0059265820,
1.411,-0.0001677259,
1.41125,0.0111454632,
1.4115,0.0077358112,
1.41175,0.0034225979,
1.412,0.0051529417,
1.41225,0.0072022346,
1.4125,0.0066804374,
1.41275,-0.0024040437,
1.413,-0.0014537409,
1.41325,0.0103796646,
1.4135,0.0043701795,
1.41375,-0.0015898491,
1.414,-0.0012823672,
1.41425,-0.0006551616,
1.4145,0.0025567613,
1.41475,-0.0034015588,
1.415,-0.0035266087,
1.41525,-0.0018031024,
1.4155,-0.0021097022,
1.41575,-0.0029945369,
1.416,-0.0035124132,
1.41625,-0.0046466235,
1.4165,-0.0014507083,
1.41675,0.0019170322,
1.417,-0.0069510695,
1.41725,-0.0036178641,
1.4175,-0.0005257111,
1.41775,-0.0012452587,
1.418,-0.0023293744,
1.41825,-0.0085903751,
1.4185,-0.0017246755,
1.41875,0.0054935408,
1.419,-0.0086371079,
1.41925,-0.0133786080,
1.4195,-0.0004804125,
1.41975,0.0011122365,
1.42,-0.0032409835,
1.42025,-0.0084281508,
1.4205,-0.0023159625,
1.42075,0.0040284265,
1.421,-0.0026971658,
1.42125,-0.0074407728,
1.4215,-0.0014750971,
1.42175,0.0044080047,
1.422,-0.0006183138,
1.42225,-0.0040723714,
1.4225,-0.0018471803,
1.42275,0.0019422256,
1.423,0.0014197859,
1.42325,0.0002664607,
1.4235,-0.0006083604,
1.42375,0.0009661097,
1.424,0.0055959034,
1.42425,0.0012751909,
1.4245,-0.0041453908,
1.42475,-0.0008614386,
1.425,0.0015726819,
1.42525,0.0001135961,
1.4255,-0.0000517926,
1.42575,-0.0004072787,
1.426,0.0058371318,
1.42625,0.0090138465,
1.4265,-0.0077763456,
1.42675,-0.0005085292,
1.427,0.0126741314,
1.42725,0.0026949120,
1.4275,-0.0061014621,
1.42775,-0.0073974724,
1.428,0.0087569412,
1.42825,0.0036632714,
1.4285,-0.0112068001,
1.42875,-0.0045902734,
1.429,-0.0001557630,
1.42925,-0.0032426186,
1.4295,-0.0110134352,
1.42975,-0.0089517077,
1.43,-0.0016676534,
1.43025,-0.0043520490,
1.4305,-0.0146053778,
1.43075,-0.0077129528,
1.431,-0.0067917253,
1.43125,-0.0098191164,
1.4315,-0.0033018703,
1.43175,-0.0079200529,
1.432,-0.0116361203,
1.43225,-0.0050634779,
1.4325,-0.0058824038,
1.43275,-0.0066173952,
1.433,-0.0105062425,
1.43325,-0.0077615357,
1.4335,-0.0010801256,
1.43375,-0.0080079138,
1.434,-0.0156052019,
1.43425,-0.0047981902,
1.4345,-0.0030395656,
1.43475,-0.0062534842,
1.435,-0.0096159568,
1.43525,-0.0026573802,
1.4355,0.0070968159,
1.43575,-0.0030641826,
1.436,-0.0124580525,
1.43625,-0.0013859661,
1.4365,0.0092861000,
1.43675,-0.0036829975,
1.437,-0.0072301035,
1.43725,-0.0006352531,
1.4375,-0.0009609186,
1.43775,-0.0010898528,
1.438,-0.0114785414,
1.43825,-0.0016987566,
1.4385,0.0064147594,
1.43875,-0.0007327599,
1.439,-0.0028818354,
1.43925,-0.0017994439,
1.4395,-0.0018365267,
1.43975,0.0031311673,
1.44,-0.0017337285,
1.44025,-0.0029026452,
1.4405,-0.0047399453,
1.44075,-0.0014576038,
1.441,-0.0016608810,
1.44125,-0.0072372700,
1.4415,-0.0025756683,
1.44175,0.0014125403,
1.442,-0.0006838504,
1.44225,-0.0074691484,
1.4425,-0.0014561575,
1.44275,0.0004768419,
1.443,0.0011206908,
1.44325,-0.0049582534,
1.4435,-0.0099918675,
1.44375,0.0064941552,
1.444,0.0010448677,
1.44425,-0.0077394587,
1.4445,-0.0050067231,
1.44475,-0.0003048493,
1.445,0.0056969491,
1.44525,-0.0047695013,
1.4455,-0.0086699715,
1.44575,0.0013743343,
1.446,0.0025554309,
1.44625,-0.0055993702,
1.4465,-0.0032083222,
1.44675,0.0007927918,
1.447,0.0010835388,
1.44725,0.0000974695,
1.4475,-0.0090158163,
1.44775,-0.0034249409,
1.448,-0.0004292937,
1.44825,-0.0060424162,
1.4485,0.0011960791,
1.44875,-0.0020058986,
1.449,-0.0040549301,
1.44925,0.0050932961,
1.4495,-0.0052769622,
1.44975,-0.0046455483,
1.45,0.0005982741,
1.45025,0.0002672040,
1.4505,0.0021720375,
1.45075,-0.0037381374,
1.451,-0.0032470375,
1.45125,0.0040117409,
1.4515,0.0034204184,
1.45175,-0.0070038442,
1.452,0.0007008089,
1.45225,0.0067059514,
1.4525,0.0023999061,
1.45275,-0.0029633939,
1.453,-0.0083586043,
1.45325,0.0073881363,
1.4535,0.0032413311,
1.45375,-0.0066840695,
1.454,-0.0020006311,
1.45425,0.0036931038,
1.4545,0.0031979543,
1.45475,0.0004305789,
1.455,-0.0022473359,
1.45525,0.0041506547,
1.4555,0.0063449219,
1.45575,-0.0031161404,
1.456,-0.0039375680,
1.45625,-0.0002501709,
1.4565,0.0011135159,
1.45675,0.0041028857,
1.457,-0.0041216295,
1.45725,-0.0023750616,
1.4575,-0.0021987823,
1.45775,0.0011204418,
1.458,-0.0001451879,
1.45825,-0.0043002325,
1.4585,0.0042823139,
1.45875,0.0081605697,
1.459,0.0001584546,
1.45925,-0.0046190973,
1.4595,0.0023616229,
1.45975,0.0067899446,
1.46,0.0025900907,
1.46025,-0.0078203287,
1.4605,0.0015019173,
1.46075,0.0117234588,
1.461,-0.0058860402,
1.46125,-0.0103123160,
1.4615,0.0029973523,
1.46175,0.0077330302,
1.462,0.0047050980,
1.46225,-0.0059209433,
1.4625,0.0007799991,
1.46275,0.0086223297,
1.463,-0.0001673098,
1.46325,-0.0020844685,
1.4635,0.0076488275,
1.46375,0.0076960940,
1.464,0.0029560523,
1.46425,0.0012419745,
1.4645,-0.0002624299,
1.46475,-0.0009705758,
1.465,0.0023567022,
1.46525,0.0048946133,
1.4655,0.0022445263,
1.46575,0.0033276128,
1.466,0.0034595975,
1.46625,0.0085475752,
1.4665,-0.0023536538,
1.46675,-0.0045056948,
1.467,0.0088496981,
1.46725,0.0099248523,
1.4675,0.0028439749,
1.46775,0.0000287770,
1.468,0.0064700181,
1.46825,0.0094420109,
1.4685,-0.0018051032,
1.46875,-0.0080006970,
1.469,0.0103698298,
1.46925,0.0137335761,
1.4695,-0.0061248410,
1.46975,-0.0026605413,
1.47,0.0080007799,
1.47025,0.0064848275,
1.4705,0.0034387452,
1.47075,-0.0070655742,
1.471,0.0039477050,
1.47125,0.0063221231,
1.4715,-0.0019709957,
1.47175,-0.0014803929,
1.472,0.0021053841,
1.47225,0.0055781687,
1.4725,-0.0001063928,
1.47275,-0.0011427972,
1.473,-0.0042406507,
1.47325,0.0037048359,
1.4735,0.0063256808,
1.47375,-0.0023269639,
1.474,-0.0000892524,
1.47425,-0.0044738986,
1.4745,0.0015244154,
1.47475,0.0049439268,
1.475,-0.0064363563,
1.47525,0.0032935780,
1.4755,0.0057494445,
1.47575,0.0044594421,
1.476,-0.0010958031,
1.47625,-0.0037949383,
1.4765,0.0064847874,
1.47675,0.0043583848,
1.477,-0.0041031516,
1.47725,-0.0090162531,
1.4775,0.0084501365,
1.47775,0.0052204211,
1.478,-0.0090163574,
1.47825,-0.0030547408,
1.4785,0.0046641654,
1.47875,0.0018306242,
1.479,-0.0037994925,
1.47925,-0.0056422912,
1.4795,0.0038391699,
1.47975,0.0064737531,
1.48,-0.0050430596,
1.48025,-0.0021812594,
1.4805,0.0074111042,
1.48075,0.0004030839,
1.481,-0.0010513498,
1.48125,-0.0025659101,
1.4815,-0.0081233513,
1.48175,0.0005870996,
1.482,-0.0015110931,
1.48225,-0.0036028870,
1.4825,-0.0056293425,
1.48275,-0.0026754322,
1.483,0.0048346510,
1.48325,-0.0030446141,
1.4835,-0.0026545094,
1.48375,0.0001209210,
1.484,0.0005277591,
1.48425,-0.0013893091,
1.4845,-0.0089535685,
1.48475,-0.0040725805,
1.485,0.0038154868,
1.48525,0.0005922831,
1.4855,-0.0097645307,
1.48575,-0.0078484910,
1.486,0.0009279497,
1.48625,-0.0008824343,
1.4865,-0.0061705471,
1.48675,-0.0053155823,
1.487,0.0015582807,
1.48725,-0.0013104565,
1.4875,-0.0096836602,
1.48775,-0.0124165583,
1.488,0.0013475094,
1.48825,0.0028213472,
1.4885,-0.0018726345,
1.48875,-0.0033350671,
1.489,0.0042460896,
1.48925,0.0044850609,
1.4895,-0.0062493896,
1.48975,-0.0082412567,
1.49,-0.0026628519,
1.49025,0.0025564802,
1.4905,0.0062582577,
1.49075,-0.0040685683,
1.491,-0.0048892144,
1.49125,0.0027637335,
1.4915,0.0031794084,
1.49175,0.0034468286,
1.492,0.0026695416,
1.49225,0.0036151065,
1.4925,0.0070835673,
1.49275,0.0004023212,
1.493,-0.0074103852,
1.49325,0.0031401871,
1.4935,0.0104547199,
1.49375,0.0010778760,
1.494,-0.0085085370,
1.49425,-0.0001902661,
1.4945,0.0069443719,
1.49475,0.0043356875,
1.495,-0.0045932531,
1.49525,0.0018478937,
1.4955,0.0109626390,
1.49575,0.0016286643,
1.496,-0.0023963226,
1.49625,-0.0002577769,
1.4965,0.0066982480,
1.49675,0.0023513208,
1.497,-0.0056697438,
1.49725,-0.0028452058,
1.4975,-0.0016681845,
1.49775,-0.0024716547,
1.498,-0.0070391065,
1.49825,-0.0023790905,
1.4985,-0.0026970464,
1.49875,-0.0009367359,
1.499,0.0017236520,
1.49925,-0.0087807355,
1.4995,-0.0086559718,
1.49975,-0.0033582295,
1.5,0.0019693978,
1.50025,-0.0028426631,
1.5005,-0.0078188460,
1.50075,0.0020937659,
1.501,0.0040106475,
1.50125,-0.0065762326,
1.5015,-0.0074563138,
1.50175,0.0037276135,
1.502,0.0089824181,
1.50225,-0.0059578596,
1.5025,-0.0156937670,
1.50275,0.0013067357,
1.503,0.0058230967,
1.50325,-0.0037281818,
1.5035,-0.0026577094,
1.50375,0.0039236909,
1.504,0.0062973122,
1.50425,0.0023148288,
1.5045,-0.0025896123,
1.50475,-0.0000259524,
1.505,0.0101958578,
1.50525,0.0016443542,
1.5055,-0.0028977701,
1.50575,0.0021243102,
1.506,0.0008074043,
1.50625,0.0022411442,
1.5065,-0.0011264710,
1.50675,-0.0039138640,
1.507,0.0023501385,
1.50725,0.0059728418,
1.5075,-0.0008819246,
1.50775,-0.0019714767,
1.508,0.0025059932,
1.50825,0.0062720338,
1.5085,0.0058703148,
1.50875,-0.0008140856,
1.509,-0.0003345508,
1.50925,0.0082615120,
1.5095,0.0074350256,
1.50975,-0.0052068215,
1.51,-0.0007379941,
1.51025,0.0089374380,
1.5105,0.0095071001,
1.51075,0.0003217853,
1.511,-0.0090157175,
1.51125,0.0099520404,
1.5115,0.0106759518,
1.51175,-0.0011100003,
1.512,-0.0015923050,
1.51225,0.0084602255,
1.5125,0.0113373846,
1.51275,-0.0021954617,
1.513,0.0002689983,
1.51325,0.0051352195,
1.5135,0.0081294365,
1.51375,0.0040012235,
1.514,-0.0019194947,
1.51425,0.0032142948,
1.5145,0.0030204852,
1.51475,-0.0001410920,
1.515,-0.0027068788,
1.51525,0.0011752126,
1.5155,0.0027663249,
1.51575,0.0069711739,
1.516,0.0047875904,
1.51625,-0.0025552534,
1.5165,0.0048474888,
1.51675,0.0071109012,
1.517,0.0017648471,
1.51725,-0.0005033253,
1.5175,0.0017807581,
1.51775,0.0061635948,
1.518,0.0035911656,
1.51825,-0.0073216008,
1.5185,-0.0033690208,
1.51875,0.0088729085,
1.519,0.0055483747,
1.51925,-0.0014904926,
1.5195,0.0011365514,
1.51975,0.0113107525,
1.52,0.0088094268,
1.52025,-0.0033795505,
1.5205,-0.0037858239,
1.52075,0.0076602250,
1.521,0.0078165447,
1.52125,0.0008645878,
1.5215,-0.0003336236,
1.52175,0.0058266325,
1.522,0.0077089202,
1.52225,-0.0032347306,
1.5225,-0.0029603173,
1.52275,0.0032214890,
1.523,0.0068930355,
1.52325,0.0033600731,
1.5235,-0.0023018722,
1.52375,0.0002094730,
1.524,0.0024605733,
1.52425,0.0044495049,
1.5245,0.0020823581,
1.52475,-0.0004503454,
1.525,0.0051989621,
1.52525,0.0036074752,
1.5255,-0.0021467605,
1.52575,-0.0054700905,
1.526,-0.0011077835,
1.52625,0.0081723444,
1.5265,-0.0001180002,
1.52675,-0.0045131859,
1.527,0.0009079438,
1.52725,0.0105602164,
1.5275,-0.0004527030,
1.52775,-0.0120326728,
1.528,0.0045828465,
1.52825,0.0125007704,
1.5285,0.0012307959,
1.52875,-0.0090074372,
1.529,0.0012052266,
1.52925,0.0097355638,
1.5295,0.0007309653,
1.52975,-0.0015377288,
1.53,0.0065376079,
1.53025,0.0064473711,
1.5305,-0.0006746249,
1.53075,-0.0042072595,
1.531,-0.0017896121,
1.53125,0.0035788426,
1.5315,0.0024885261,
1.53175,0.0018510181,
1.532,0.0037929094,
1.53225,-0.0028175323,
1.5325,0.0039987992,
1.53275,0.0062471079,
1.533,-0.0055289012,
1.53325,0.0028117280,
1.5335,0.0069144955,
1.53375,0.0017454615,
1.534,-0.0021493677,
1.53425,-0.0073261503,
1.5345,0.0053770277,
1.53475,0.0083856340,
1.535,-0.0047077006,
1.53525,-0.0049422686,
1.5355,0.0073167803,
1.53575,0.0020046930,
1.536,-0.0071871071,
1.53625,-0.0066826590,
1.5365,0.0013582211,
1.53675,0.0085173296,
1.537,-0.0053655053,
1.53725,-0.0069905496,
1.5375,0.0004759452,
1.53775,-0.0010373800,
1.538,-0.0038665845,
1.53825,-0.0075252019,
1.5385,-0.0007018797,
1.53875,0.0043206965,
1.539,-0.0066542365,
1.53925,-0.0120552704,
1.5395,-0.0063029155,
1.53975,-0.0050461488,
1.54,-0.0048342561,
1.54025,-0.0052134464,
1.5405,-0.0095126918,
1.54075,-0.0007027434,
1.541,-0.0013119525,
1.54125,-0.0093558142,
1.5415,-0.0027934241,
1.54175,-0.0039343871,
1.542,0.0024436549,
1.54225,0.0009360336,
1.5425,-0.0065483171,
1.54275,0.0035339757,
1.543,0.0043996708,
1.54325,0.0011929085,
1.5435,-0.0067120129,
1.54375,-0.0038534533,
1.544,0.0066201249,
1.54425,-0.0009440011,
1.5445,-0.0060653631,
1.54475,0.0003197456,
1.545,0.0079039037,
1.54525,0.0021746454,
1.5455,-0.0053658662,
1.54575,-0.0022659325,
1.546,0.0053243227,
1.54625,0.0048111612,
1.5465,-0.0054747621,
1.54675,-0.0001129168,
1.547,0.0054650502,
1.54725,-0.0006750019,
1.5475,-0.0009502607,
1.54775,-0.0030680464,
1.548,0.0021185055,
1.54825,0.0037359397,
1.5485,-0.0037613837,
1.54875,-0.0044263545,
1.549,-0.0076248618,
1.54925,-0.0024104239,
1.5495,0.0023090732,
1.54975,-0.0039537186,
1.55,-0.0040490227,
1.55025,0.0028833649,
1.5505,-0.0025026570,
1.55075,-0.0057782596,
1.551,-0.0024079133,
1.55125,-0.0004061279,
1.5515,0.0026391575,
1.55175,-0.0017270661,
1.552,-0.0115827462,
1.55225,0.0015764685,
1.5525,0.0064154034,
1.55275,-0.0080784243,
1.553,-0.0045347200,
1.55325,0.0002832189,
1.5535,-0.0021087171,
1.55375,-0.0034422968,
1.554,-0.0115577858,
1.55425,-0.0075476575,
1.5545,-0.0002948518,
1.55475,-0.0052797738,
1.555,-0.0091846902,
1.55525,0.0001396964,
1.5555,0.0006164092,
1.55575,-0.0023976001,
1.556,-0.0054653925,
1.55625,-0.0076184142,
1.5565,0.0010245028,
1.55675,-0.0034514277,
1.557,-0.0040667728,
1.55725,-0.0092652682,
1.5575,-0.0061098230,
1.55775,0.0051335767,
1.558,-0.0019420658,
1.55825,-0.0040981425,
1.5585,-0.0007839066,
1.55875,-0.0007243958,
1.559,0.0029603615,
1.55925,-0.0049649226,
1.5595,-0.0042931419,
1.55975,0.0073505109,
1.56,0.0071138851,
1.56025,-0.0061120274,
1.5605,-0.0009427194,
1.56075,0.0114785684,
1.561,0.0020949412,
1.56125,-0.0042266082,
1.5615,-0.0005710421,
1.56175,0.0120042320,
1.562,0.0082743419,
1.56225,-0.0054488033,
1.5625,-0.0002494339,
1.56275,0.0092524532,
1.563,0.0045034592,
1.56325,0.0018107309,
1.5635,0.0024430302,
1.56375,0.0098016616,
1.564,0.0030883835,
1.56425,-0.0033565823,
1.5645,0.0029568153,
1.56475,-0.0017073841,
1.565,-0.0002139152,
1.56525,0.0062981555,
1.5655,0.0004485915,
1.56575,-0.0023918503,
1.566,0.0015695492,
1.56625,0.0021561775,
1.5665,0.0016529601,
1.56675,-0.0026243953,
1.567,-0.0002585793,
1.56725,0.0066346526,
1.5675,-0.0023009903,
1.56775,-0.0116788354,
1.568,0.0031544482,
1.56825,0.0037165624,
1.5685,-0.0049105017,
1.56875,-0.0042721592,
1.569,-0.0019253916,
1.56925,0.0121976575,
1.5695,0.0006761916,
1.56975,-0.0137203289,
1.57,0.0059872195,
1.57025,0.0036951967,
1.5705,-0.0038346681,
1.57075,-0.0034133201,
1.571,-0.0056584044,
1.57125,0.0008141058,
1.5715,0.0006243019,
1.57175,-0.0087136189,
1.572,-0.0004516554,
1.57225,0.0076719881,
1.5725,-0.0012595609,
1.57275,0.0029017129,
1.573,0.0000070561,
1.57325,0.0014975959,
1.5735,0.0083300527,
1.57375,0.0000117137,
1.574,-0.0017591540,
1.57425,0.0012267432,
1.5745,0.0062068123,
1.57475,0.0023804160,
1.575,0.0003724060,
1.57525,0.0012988301,
1.5755,0.0049532037,
1.57575,0.0075077992,
1.576,-0.0013320853,
1.57625,0.0030719689,
1.5765,0.0092637595,
1.57675,0.0081734136,
1.577,0.0016371619,
1.57725,-0.0063202223,
1.5775,0.0076856753,
1.57775,0.0075914459,
1.578,-0.0028366630,
1.57825,0.0031040658,
1.5785,0.0059684082,
1.57875,0.0082107373,
1.579,0.0028294483,
1.57925,-0.0081436140,
1.5795,0.0057161376,
1.57975,0.0046073943,
1.58,-0.0043743202,
1.58025,0.0004521947,
1.5805,0.0030274664,
1.58075,0.0027395533,
1.581,-0.0013516155,
1.58125,-0.0064396765,
1.5815,0.0021861936,
1.58175,0.0027145096,
1.582,0.0025319629,
1.58225,0.0013536295,
1.5825,-0.0030114674,
1.58275,-0.0002083027,
1.583,0.0016409878,
1.58325,0.0010108311,
1.5835,-0.0007771864,
1.58375,0.0028827977,
1.584,-0.0006082926,
1.58425,-0.0018248118,
1.5845,-0.0064406767,
1.58475,-0.0040628547,
1.585,0.0061164675,
1.58525,0.0001687601,
1.5855,-0.0059909942,
1.58575,-0.0071861409,
1.586,0.0024990500,
1.58625,0.0006816656,
1.5865,-0.0061767921,
1.58675,-0.0014321045,
1.587,0.0010277082,
1.58725,0.0023487855,
1.5875,-0.0130643733,
1.58775,-0.0069962144,
1.588,0.0018414540,
1.58825,0.0008570552,
1.5885,0.0021466429,
1.58875,-0.0067458027,
1.589,0.0027197879,
1.58925,0.0003349770,
1.5895,-0.0089732129,
1.58975,-0.0018287201,
1.59,-0.0041061277,
1.59025,0.0007081191,
1.5905,0.0019915595,
1.59075,-0.0039698384,
1.591,-0.0044815158,
1.59125,-0.0019029996,
1.5915,0.0000050635,
1.59175,-0.0022800751,
1.592,-0.0024831286,
1.59225,0.0004615376,
1.5925,0.0028418340,
1.59275,-0.0031392528,
1.593,-0.0130890859,
1.59325,0.0005671320,
1.5935,0.0076346244,
1.59375,-0.0009917261,
1.594,-0.0089919306,
1.59425,-0.0029676184,
1.5945,0.0092528444,
1.59475,-0.0045700832,
1.595,-0.0108815935,
1.59525,-0.0011213237,
1.5955,0.0007487551,
1.59575,-0.0078085060,
1.596,-0.0108811948,
1.59625,-0.0029397174,
1.5965,0.0019505844,
1.59675,-0.0034790654,
1.597,-0.0076969853,
1.59725,-0.0045028976,
1.5975,-0.0016391218,
1.59775,-0.0057195476,
1.598,-0.0048775999,
1.59825,-0.0049419450,
1.5985,-0.0064050816,
1.59875,-0.0019688974,
1.599,-0.0007875231,
1.59925,-0.0044929464,
1.5995,-0.0071756593,
1.59975,0.0013539038,
1.6,0.0033770492,
1.60025,-0.0068237162,
1.6005,-0.0055714054,
1.60075,-0.0011450319,
1.601,0.0005037913,
1.60125,-0.0088575147,
1.6015,-0.0060430770,
1.60175,0.0085512996,
1.602,0.0052966918,
1.60225,-0.0102009531,
1.6025,-0.0125795007,
1.60275,0.0019831068,
1.603,0.0047389548,
1.60325,-0.0022623134,
1.6035,-0.0020028998,
1.60375,0.0054228278,
1.604,0.0016432155,
1.60425,-0.0037824477,
1.6045,-0.0059003993,
1.60475,0.0000520291,
1.605,0.0050624022,
1.60525,0.0013757900,
1.6055,-0.0028072882,
1.60575,-0.0029855161,
1.606,0.0008295846,
1.60625,-0.0039764461,
1.6065,-0.0046987524,
1.60675,-0.0022034098,
1.607,0.0017287189,
1.60725,0.0046261093,
1.6075,-0.0040433859,
1.60775,-0.0062692529,
1.608,-0.0005268529,
1.60825,0.0023457026,
1.6085,-0.0002775715,
1.60875,-0.0011822719,
1.609,0.0013064502,
1.60925,0.0023699624,
1.6095,-0.0009799444,
1.60975,-0.0065174988,
1.61,-0.0045985538,
1.61025,0.0061014360,
1.6105,0.0039622532,
1.61075,-0.0108208591,
1.611,-0.0095943576,
1.61125,0.0039507933,
1.6115,0.0019950080,
1.61175,-0.0038306529,
1.612,-0.0041934559,
1.61225,0.0044827764,
1.6125,0.0046352274,
1.61275,-0.0052669467,
1.613,-0.0056653977,
1.61325,0.0056612561,
1.6135,0.0071214540,
1.61375,-0.0027379126,
1.614,0.0022459812,
1.61425,0.0025844655,
1.6145,0.0015829960,
1.61475,-0.0003921747,
1.615,-0.0051009264,
1.61525,-0.0007107325,
1.6155,0.0035943007,
1.61575,0.0007136707,
1.616,-0.0044670021,
1.61625,-0.0063395202,
1.6165,-0.0043359031,
1.61675,0.0024670777,
1.617,-0.0020321105,
1.61725,-0.0010010942,
1.6175,0.0038257611,
1.61775,0.0021965310,
1.618,0.0022224532,
1.61825,-0.0057259877,
1.6185,-0.0002624187,
1.61875,0.0088056438,
1.619,0.0051567978,
1.61925,-0.0063935523,
1.6195,-0.0023282559,
1.61975,0.0085471421,
1.62,0.0000298873,
1.62025,-0.0053651882,
1.6205,-0.0047679879,
1.62075,0.0040740352,
1.621,0.0070378981,
1.62125,-0.0073846690,
1.6215,-0.0041847308,
1.62175,0.0076458631,
1.622,-0.0000510650,
1.62225,-0.0025065059,
1.6225,-0.0018988298,
1.62275,0.0037449531,
1.623,0.0034236172,
1.62325,-0.0002105629,
1.6235,-0.0034369733,
1.62375,0.0016234834,
1.624,0.0010187816,
1.62425,0.0013973319,
1.6245,0.0034285095,
1.62475,-0.0040436657,
1.625,0.0027958329,
1.62525,0.0057480894,
1.6255,-0.0029624123,
1.62575,0.0016223968,
1.626,0.0012807562,
1.62625,0.0088667702,
1.6265,0.0052907309,
1.62675,-0.0073973229,
1.627,0.0047127446,
1.62725,0.0146255912,
1.6275,0.0027348804,
1.62775,-0.0088659655,
1.628,0.0094427597,
1.62825,0.0151430489,
1.6285,0.0032243456,
1.62875,-0.0008779713,
1.629,0.0024129192,
1.62925,0.0180085953,
1.6295,0.0058378377,
1.62975,-0.0016986595,
1.63,0.0121248597,
1.63025,0.0103629576,
1.6305,-0.0004071995,
1.63075,0.0010665229,
1.631,0.0038413107,
1.63125,0.0045027211,
1.6315,0.0043609869,
1.63175,0.0006882646,
1.632,0.0024564855,
1.63225,-0.0019290793,
1.6325,0.0080494639,
1.63275,0.0126914065,
1.633,0.0008038143,
1.63325,0.0013232192,
1.6335,0.0059511783,
1.63375,0.0066381702,
1.634,-0.0046711564,
1.63425,-0.0027926874,
1.6345,0.0064966660,
1.63475,0.0100312298,
1.635,-0.0040615601,
1.63525,-0.0083756279,
1.6355,0.0093254829,
1.63575,0.0067736064,
1.636,-0.0063818814,
1.63625,-0.0074792597,
1.6365,0.0051982333,
1.63675,0.0065796818,
1.637,-0.0063621216,
1.63725,-0.0075295386,
1.6375,0.0027858857,
1.63775,0.0049061417,
1.638,-0.0032317347,
1.63825,-0.0013972081,
1.6385,0.0035805823,
1.63875,0.0081006559,
1.639,0.0008414054,
1.63925,-0.0048628487,
1.6395,0.0024528059,
1.63975,0.0020227139,
1.64,0.0034614347,
1.64025,0.0026222027,
1.6405,-0.0035048465,
1.64075,0.0030302587,
1.641,0.0059667127,
1.64125,0.0007435482,
1.6415,0.0006054119,
1.64175,0.0028705127,
1.642,0.0062189740,
1.64225,0.0049633584,
1.6425,-0.0038326704,
1.64275,-0.0015210910,
1.643,0.0064057950,
1.64325,0.0035885300,
1.6435,-0.0044047753,
1.64375,0.0007174262,
1.644,0.0103968456,
1.64425,0.0086591393,
1.6445,-0.0062001357,
1.64475,-0.0067456001,
1.645,0.0131402249,
1.64525,0.0068612155,
1.6455,-0.0029781139,
1.64575,-0.0022975984,
1.646,0.0008828402,
1.64625,0.0014467370,
1.6465,-0.0032343902,
1.64675,-0.0035213397,
1.647,0.0086943721,
1.64725,0.0086236261,
1.6475,-0.0047838283,
1.64775,0.0017096219,
1.648,-0.0025116876,
1.64825,-0.0000665884,
1.6485,0.0039101169,
1.64875,-0.0058193323,
1.649,-0.0033860658,
1.64925,-0.0004101213,
1.6495,0.0013125790,
1.64975,0.0011832536,
1.65,-0.0022242432,
1.65025,0.0022442243,
1.6505,0.0067358003,
1.65075,0.0014963369,
1.651,-0.0122856526,
1.65125,0.0002550753,
1.6515,0.0020279945,
1.65175,-0.0028013540,
1.652,-0.0059188930,
1.65225,-0.0068916772,
1.6525,0.0096786832,
1.65275,-0.0005811410,
1.653,-0.0102021247,
1.65325,0.0002139890,
1.6535,0.0081143919,
1.65375,0.0017847598,
1.654,-0.0055950140,
1.65425,-0.0046785725,
1.6545,0.0013585188,
1.65475,0.0010474898,
1.655,-0.0089356583,
1.65525,-0.0058989963,
1.6555,0.0056729191,
1.65575,-0.0000829599,
1.656,-0.0046295063,
1.65625,-0.0047882791,
1.6565,-0.0040531605,
1.65675,0.0004677503,
1.657,-0.0009486657,
1.65725,-0.0059620198,
1.6575,-0.0023535257,
1.65775,-0.0005835449,
1.658,-0.0017835940,
1.65825,-0.0035587479,
1.6585,-0.0038010406,
1.65875,-0.0006860226,
1.659,0.0066021411,
1.65925,-0.0008074560,
1.6595,-0.0068388153,
1.65975,-0.0031832336,
1.66,0.0034271036,
1.66025,-0.0041766176,
1.6605,-0.0124321729,
1.66075,0.0026661470,
1.661,0.0121859880,
1.66125,-0.0026550414,
1.6615,-0.0120864566,
1.66175,0.0029836523,
1.662,0.0091918660,
1.66225,-0.0027915442,
1.6625,-0.0095342221,
1.66275,-0.0017693827,
1.663,0.0067093926,
1.66325,-0.0073575783,
1.6635,-0.0077995937,
1.66375,-0.0005905530,
1.664,0.0008386069,
1.66425,-0.0034584911,
1.6645,-0.0049308976,
1.66475,-0.0009399269,
1.665,-0.0039255605,
1.66525,-0.0013133221,
1.6655,0.0035685699,
1.66575,0.0018385942,
1.666,0.0012978765,
1.66625,0.0081896009,
1.6665,0.0060411827,
1.66675,-0.0030441978,
1.667,0.0007930900,
1.66725,0.0047517498,
1.6675,0.0098442957,
1.66775,-0.0047554956,
1.668,-0.0080289328,
1.66825,0.0075238761,
1.6685,0.0053903596,
1.66875,-0.0082383258,
1.669,-0.0031604022,
1.66925,0.0102352155,
1.6695,0.0063441517,
1.66975,-0.0057177809,
1.67,-0.0034571660,
1.67025,0.0114377756,
1.6705,0.0122667439,
1.67075,-0.0033968571,
1.671,0.0021748412,
1.67125,0.0064521013,
1.6715,0.0006455118,
1.67175,-0.0021605843,
1.672,-0.0040110247,
1.67225,0.0045418954,
1.6725,0.0037914435,
1.67275,-0.0056779161,
1.673,-0.0054847496,
1.67325,-0.0043261521,
1.6735,-0.0034545972,
1.67375,0.0032618279,
1.674,0.0028238669,
1.67425,-0.0087723248,
1.6745,0.0048834281,
1.67475,0.0039348649,
1.675,-0.0080548422,
1.67525,0.0001840703,
1.6755,-0.0000899405,
1.67575,0.0061222883,
1.676,0.0049896999,
1.67625,-0.0086177597,
1.6765,0.0005747474,
1.67675,0.0079507194,
1.677,-0.0087017929,
1.67725,-0.0094194468,
1.6775,0.0006707635,
1.67775,0.0033809189,
1.678,0.0046938239,
1.67825,-0.0072508063,
1.6785,-0.0046509681,
1.67875,0.0079969801,
1.679,0.0028730070,
1.67925,-0.0014509980,
1.6795,0.0041715414,
1.67975,0.0082751792,
1.68,0.0006425387,
1.68025,-0.0007147322,
1.6805,0.0003394690,
1.68075,0.0066419411,
1.681,0.0102827130,
1.68125,-0.0000704099,
1.6815,0.0021123302,
1.68175,0.0017921235,
1.682,0.0037198386,
1.68225,0.0036239319,
1.6825,0.0022148979,
1.68275,0.0007890064,
1.683,0.0043642460,
1.68325,0.0038683373,
1.6835,0.0010815446,
1.68375,0.0036081162,
1.684,0.0103048850,
1.68425,0.0096565280,
1.6845,0.0006329915,
1.68475,-0.0022150055,
1.685,0.0079384260,
1.68525,0.0097170277,
1.6855,-0.0000104342,
1.68575,-0.0015385338,
1.686,0.0076286206,
1.68625,0.0088996189,
1.6865,-0.0002161557,
1.68675,0.0025562653,
1.687,0.0067886151,
1.68725,0.0057793111,
1.6875,0.0035334816,
1.68775,-0.0054790089,
1.688,0.0011013942,
1.68825,0.0020429890,
1.6885,-0.0028345888,
1.68875,-0.0009709017,
1.689,-0.0011745376,
1.68925,0.0052167727,
1.6895,0.0036708959,
1.68975,-0.0013562788,
1.69,-0.0038047181,
1.69025,0.0038406276,
1.6905,0.0000982563,
1.69075,-0.0016095798,
1.691,-0.0045094118,
1.69125,-0.0021850497,
1.6915,0.0042384402,
1.69175,-0.0053599565,
1.692,-0.0044359742,
1.69225,-0.0020574366,
1.6925,-0.0023458388,
1.69275,-0.0005209222,
1.693,-0.0075079449,
1.69325,-0.0076155066,
1.6935,0.0061119162,
1.69375,0.0053137727,
1.694,-0.0113055278,
1.69425,-0.0023205520,
1.6945,0.0064009107,
1.69475,0.0021555203,
1.695,-0.0025928305,
1.69525,-0.0079074148,
1.6955,0.0090368297,
1.69575,0.0021368174,
1.696,-0.0081729647,
1.69625,-0.0041663758,
1.6965,0.0075617982,
1.69675,0.0016821689,
1.697,-0.0033601765,
1.69725,0.0024649403,
1.6975,0.0032851321,
1.69775,0.0005459865,
1.698,-0.0007571371,
1.69825,0.0002325651,
1.6985,0.0022744448,
1.69875,0.0047681602,
1.699,0.0061695813,
1.69925,0.0028585130,
1.6995,-0.0020476154,
1.69975,0.0029178504,
1.7,0.0047239866,
1.70025,0.0004156577,
1.7005,-0.0032209849,
1.70075,0.0017244748,
1.701,0.0052139726,
1.70125,-0.0051799705,
1.7015,-0.0079848357,
1.70175,0.0048096436,
1.702,0.0103988219,
1.70225,-0.0010482093,
1.7025,-0.0106840758,
1.70275,-0.0020452305,
1.703,0.0030357845,
1.70325,-0.0039067562,
1.7035,-0.0102901328,
1.70375,0.0028088796,
1.704,0.0021018484,
1.70425,-0.0100290030,
1.7045,-0.0111537818,
1.70475,-0.0093426909,
1.705,0.0006141505,
1.70525,-0.0032527694,
1.7055,-0.0055288244,
1.70575,-0.0043183696,
1.706,-0.0041044308,
1.70625,-0.0093645426,
1.7065,-0.0065837712,
1.70675,-0.0077967523,
1.707,-0.0046124412,
1.70725,0.0030692318,
1.7075,-0.0020745329,
1.70775,-0.0106438072,
1.708,-0.0071441289,
1.70825,-0.0044283746,
1.7085,-0.0049290825,
1.70875,-0.0083276099,
1.709,-0.0064409226,
1.70925,0.0008639485,
1.7095,-0.0021294050,
1.70975,-0.0103404978,
1.71,-0.0047260216,
1.71025,0.0046806666,
1.7105,0.0032642647,
1.71075,-0.0113883903,
1.711,-0.0075105834,
1.71125,0.0018830328,
1.7115,0.0010843605,
1.71175,-0.0024873714,
1.712,-0.0056709559,
1.71225,0.0015716929,
1.7125,0.0005841478,
1.71275,-0.0069102761,
1.713,-0.0100658480,
1.71325,0.0040945080,
1.7135,0.0024054900,
1.71375,-0.0008621510,
1.714,-0.0033960256,
1.71425,-0.0035348446,
1.7145,0.0016792819,
1.71475,-0.0040439162,
1.715,-0.0062158150,
1.71525,-0.0027707228,
1.7155,-0.0044074999,
1.71575,-0.0044214297,
1.716,-0.0060420455,
1.71625,-0.0072022937,
1.7165,-0.0039608581,
1.71675,-0.0005267741,
1.717,-0.0031343973,
1.71725,-0.0071308417,
1.7175,-0.0015238756,
1.71775,0.0009475113,
1.718,-0.0075819390,
1.71825,-0.0104725938,
1.7185,-0.0040176488,
1.71875,0.0012924726,
1.719,0.0013096251,
1.71925,-0.0138955200,
1.7195,-0.0070837326,
1.71975,0.0030763983,
1.72,-0.0058663175,
1.72025,-0.0061945869,
1.7205,-0.0022741519,
1.72075,-0.0012924977,
1.721,-0.0013818576,
1.72125,-0.0056637889,
1.7215,-0.0099781351,
1.72175,0.0008737299,
1.722,0.0055928146,
1.72225,-0.0052709570,
1.7225,-0.0022535792,
1.72275,0.0010434849,
1.723,-0.0013380903,
1.72325,-0.0024535914,
1.7235,-0.0082566068,
1.72375,-0.0056822184,
1.724,0.0044625504,
1.72425,-0.0030744756,
1.7245,-0.0035339887,
1.72475,-0.0016257840,
1.725,0.0014648044,
1.72525,-0.0004715816,
1.7255,-0.0027887379,
1.72575,-0.0016027654,
1.726,-0.0009780361,
1.72625,0.0029333853,
1.7265,-0.0020618832,
1.72675,-0.0039771935,
1.727,0.0024426850,
1.72725,0.0099314321,
1.7275,0.0009781801,
1.72775,-0.0095406370,
1.728,0.0037259976,
1.72825,0.0105230696,
1.7285,-0.0036142217,
1.72875,-0.0075690816,
1.729,-0.0009990624,
1.72925,0.0031572464,
1.7295,0.0025323322,
1.72975,-0.0060640424,
1.73,0.0013820351,
1.73025,0.0093923248,
1.7305,-0.0034238587,
1.73075,-0.0033252658,
1.731,0.0025019001,
1.73125,-0.0022786926,
1.7315,0.0008332866,
1.73175,0.0007664112,
1.732,-0.0053588510,
1.73225,-0.0004727500,
1.7325,0.0007403378,
1.73275,0.0015550224,
1.733,-0.0015827336,
1.73325,-0.0002511714,
1.7335,0.0060933288,
1.73375,0.0059865038,
1.734,-0.0053095496,
1.73425,-0.0028098247,
1.7345,0.0081856400,
1.73475,0.0023447382,
1.735,-0.0035074982,
1.73525,-0.0025435514,
1.7355,0.0075505977,
1.73575,0.0080820061,
1.736,-0.0072355871,
1.73625,-0.0051940624,
1.7365,0.0098709026,
1.73675,0.0077104201,
1.737,-0.0007716042,
1.73725,-0.0008424516,
1.7375,0.0095930034,
1.73775,0.0091660637,
1.738,0.0019465028,
1.73825,0.0030020159,
1.7385,0.0035927054,
1.73875,0.0063919257,
1.739,0.0012146891,
1.73925,-0.0050765951,
1.7395,0.0018970947,
1.73975,0.0025896297,
1.74,-0.0000129673,
1.74025,0.0018810179,
1.7405,-0.0005856336,
1.74075,-0.0016262283,
1.741,0.0091958195,
1.74125,0.0005421594,
1.7415,-0.0061742053,
1.74175,0.0093546500,
1.742,0.0037393589,
1.74225,0.0030457294,
1.7425,0.0008870674,
1.74275,-0.0004696926,
1.743,0.0104539264,
1.74325,0.0036146983,
1.7435,-0.0061675762,
1.74375,0.0026304859,
1.744,0.0111401314,
1.74425,0.0002412740,
1.7445,-0.0050593824,
1.74475,-0.0022122816,
1.745,0.0084620789,
1.74525,0.0088742739,
1.7455,-0.0078265052,
1.74575,0.0018876296,
1.746,0.0057681035,
1.74625,0.0010780258,
1.7465,-0.0004280099,
1.74675,0.0009621997,
1.747,0.0098815020,
1.74725,0.0088295974,
1.7475,-0.0024266664,
1.74775,-0.0015863730,
1.748,0.0012458202,
1.74825,0.0045340653,
1.7485,0.0050048316,
1.74875,0.0028978477,
1.749,-0.0030552782,
1.74925,0.0010823418,
1.7495,0.0029951057,
1.74975,-0.0044208528,
1.75,0.0054813731,
1.75025,0.0077309366,
1.7505,0.0080306474,
1.75075,0.0043149274,
1.751,-0.0045936638,
1.75125,0.0026213354,
1.7515,0.0109047424,
1.75175,-0.0017340645,
1.752,-0.0033592274,
1.75225,0.0056117922,
1.7525,0.0059800060,
1.75275,-0.0011382394,
1.753,-0.0105531532,
1.75325,-0.0031101049,
1.7535,0.0102769174,
1.75375,0.0013095328,
1.754,-0.0058183977,
1.75425,0.0000784159,
1.7545,0.0037714897,
1.75475,0.0030187282,
1.755,-0.0040466459,
1.75525,-0.0016888867,
1.7555,0.0092626438,
1.75575,0.0002954537,
1.756,-0.0070010386,
1.75625,-0.0039630239,
1.7565,-0.0017544373,
1.75675,0.0023000566,
1.757,-0.0047211074,
1.75725,-0.0060320292,
1.7575,-0.0026880908,
1.75775,-0.0024003179,
1.758,0.0006887146,
1.75825,0.0012342125,
1.7585,-0.0007289744,
1.75875,0.0016755175,
1.759,0.0019452028,
1.75925,-0.0047075781,
1.7595,-0.0091384836,
1.75975,-0.0014778159,
1.76,0.0023146260,
1.76025,-0.0048992485,
1.7605,-0.0113990074,
1.76075,-0.0009793569,
1.761,0.0088887941,
1.76125,-0.0073770205,
1.7615,-0.0111989975,
1.76175,0.0040784958,
1.762,0.0059510916,
1.76225,-0.0027389673,
1.7625,-0.0136171244,
1.76275,-0.0027810654,
1.763,0.0046178680,
1.76325,-0.0044552227,
1.7635,-0.0025588777,
1.76375,0.0035142647,
1.764,0.0064567449,
1.76425,-0.0016931026,
1.7645,-0.0069657834,
1.76475,-0.0061336975,
1.765,-0.0025338754,
1.76525,0.0007157032,
1.7655,0.0007444764,
1.76575,-0.0016828416,
1.766,-0.0032596870,
1.76625,0.0027232226,
1.7665,0.0042450177,
1.76675,-0.0022430518,
1.767,0.0031929412,
1.76725,0.0100339539,
1.7675,0.0056549069,
1.76775,-0.0027384185,
1.768,-0.0071372837,
1.76825,0.0041715764,
1.7685,0.0070365211,
1.76875,-0.0099686710,
1.769,-0.0068364055,
1.76925,0.0094558988,
1.7695,0.0036606702,
1.76975,-0.0101805581,
1.77,-0.0001135915,
1.77025,0.0051332354,
1.7705,0.0047825738,
1.77075,-0.0016269735,
1.771,-0.0079755941,
1.77125,0.0055929832,
1.7715,0.0018773571,
1.77175,-0.0075925603,
1.772,-0.0017216873,
1.77225,-0.0033519079,
1.7725,-0.0010762676,
1.77275,-0.0016866722,
1.773,-0.0120181106,
1.77325,-0.0062414403,
1.7735,0.0008899198,
1.77375,-0.0013280457,
1.774,-0.0034366357,
1.77425,-0.0070153978,
1.7745,-0.0030414809,
1.77475,0.0031689834,
1.775,-0.0004723047,
1.77525,-0.0046953550,
1.7755,0.0057930150,
1.77575,0.0006930256,
1.776,0.0011456208,
1.77625,-0.0032814727,
1.7765,-0.0046605668,
1.77675,0.0085868444,
1.777,0.0024557835,
1.77725,-0.0088704061,
1.7775,-0.0033736732,
1.77775,0.0098570148,
1.778,0.0067906845,
1.77825,-0.0013754985,
1.7785,0.0003059797,
1.77875,0.0104579153,
1.779,0.0088671660,
1.77925,-0.0068805530,
1.7795,0.0013166692,
1.77975,0.0107632875,
1.78,0.0014743401,
1.78025,0.0000788563,
1.7805,-0.0043441127,
1.78075,0.0043138471,
1.781,0.0029869722,
1.78125,-0.0002227245,
1.7815,0.0010786711,
1.78175,-0.0025270223,
1.782,0.0038309656,
1.78225,0.0021590111,
1.7825,-0.0021918798,
1.78275,-0.0056817885,
1.783,0.0030643379,
1.78325,0.0087389648,
1.7835,-0.0001426679,
1.78375,-0.0019271352,
1.784,0.0040184390,
1.78425,0.0069861254,
1.7845,-0.0019336439,
1.78475,-0.0048705777,
1.785,0.0054486557,
1.78525,0.0055800267,
1.7855,0.0017805719,
1.78575,-0.0076023699,
1.786,-0.0036370915,
1.78625,0.0055290572,
1.7865,0.0017462585,
1.78675,-0.0022094762,
1.787,0.0004184553,
1.78725,0.0067058415,
1.7875,0.0029384256,
1.78775,-0.0020362737,
1.788,-0.0026200963,
1.78825,0.0066027925,
1.7885,0.0102017708,
1.78875,-0.0053542596,
1.789,-0.0035832974,
1.78925,0.0055369521,
1.7895,-0.0005611294,
1.78975,-0.0018873903,
1.79,-0.0012074718,
1.79025,0.0043908362,
1.7905,0.0098837987,
1.79075,0.0037925709,
1.791,0.0022943933,
1.79125,0.0039304118,
1.7915,0.0048483014,
1.79175,0.0051640021,
1.792,0.0048934491,
1.79225,-0.0000147769,
1.7925,0.0023396951,
1.79275,0.0043413308,
1.793,-0.0016405571,
1.79325,-0.0036135498,
1.7935,0.0075030634,
1.79375,0.0133139407,
1.794,0.0055355076,
1.79425,-0.0064045768,
1.7945,0.0026728937,
1.79475,0.0174642112,
1.795,0.0031226249,
1.79525,-0.0011381224,
1.7955,0.0051895725,
1.79575,0.0062405737,
1.796,-0.0004552075,
1.79625,-0.0057247533,
1.7965,0.0029826732,
1.79675,0.0136925150,
1.797,0.0025922605,
1.79725,-0.0048495913,
1.7975,0.0030940585,
1.79775,0.0019268112,
1.798,0.0005630627,
1.79825,0.0033058007,
1.7985,0.0033670743,
1.79875,0.0079816431,
1.799,0.0034804994,
1.79925,0.0021149290,
1.7995,-0.0015716105,
1.79975,-0.0014547136,
1.8,0.0089072706,
1.80025,0.0094675468,
1.8005,0.0006008514,
1.80075,-0.0029639478,
1.801,0.0071765762,
1.80125,0.0017176338,
1.8015,-0.0067361426,
1.80175,-0.0012075399,
1.802,0.0112934234,
1.80225,0.0119885281,
1.8025,-0.0077747367,
1.80275,-0.0063915532,
1.803,0.0112952739,
1.80325,0.0085134562,
1.8035,-0.0013646609,
1.80375,0.0019591448,
1.804,0.0091299303,
1.80425,0.0068417974,
1.8045,0.0025365304,
1.80475,-0.0021968698,
1.805,0.0084873429,
1.80525,0.0097439885,
1.8055,-0.0022615497,
1.80575,0.0013367832,
1.806,0.0025639073,
1.80625,0.0056119598,
1.8065,0.0029333679,
1.80675,0.0012079820,
1.807,0.0023582184,
1.80725,0.0046232231,
1.8075,0.0065355352,
1.80775,0.0002882092,
1.808,0.0009484018,
1.80825,0.0060900338,
1.8085,0.0028901347,
1.80875,0.0015405216,
1.809,-0.0003433789,
1.80925,0.0007977184,
1.8095,0.0074959304,
1.80975,-0.0013263433,
1.81,-0.0043071718,
1.81025,0.0002226277,
1.8105,0.0078470800,
1.81075,0.0028245526,
1.811,-0.0116139604,
1.81125,-0.0042445771,
1.8115,0.0112357540,
1.81175,-0.0006169125,
1.812,-0.0084798904,
1.81225,-0.0039595175,
1.8125,-0.0001824446,
1.81275,-0.0040881671,
1.813,-0.0136678107,
1.81325,-0.0052039931,
1.8135,0.0013822762,
1.81375,-0.0005031950,
1.814,-0.0086198058,
1.81425,-0.0058326824,
1.8145,-0.0019994034,
1.81475,-0.0059567494,
1.815,-0.0032651166,
1.81525,-0.0057125445,
1.8155,-0.0049462086,
1.81575,0.0004030060,
1.816,-0.0041681835,
1.81625,-0.0046996772,
1.8165,-0.0029448695,
1.81675,0.0018704577,
1.817,0.0024040611,
1.81725,-0.0028884411,
1.8175,-0.0025523296,
1.81775,0.0044353688,
1.818,0.0016508916,
1.81825,-0.0075074993,
1.8185,-0.0027713119,
1.81875,0.0025166129,
1.819,0.0051159454,
1.81925,-0.0016103841,
1.8195,-0.0032730876,
1.81975,0.0035234774,
1.82,0.0061656628,
1.82025,-0.0001073535,
1.8205,-0.0057231225,
1.82075,0.0027250936,
1.821,0.0028556893,
1.82125,0.0030587649,
1.8215,-0.0038298161,
1.82175,-0.0027159799,
1.822,0.0061213621,
1.82225,-0.0013700167,
1.8225,-0.0093192589,
1.82275,-0.0031969335,
1.823,0.0015232628,
1.82325,-0.0020816836,
1.8235,-0.0032547817,
1.82375,-0.0069383695,
1.824,-0.0001397775,
1.82425,-0.0000547714,
1.8245,-0.0089552850,
1.82475,-0.0033843420,
1.825,-0.0017960959,
1.82525,-0.0030745752,
1.8255,-0.0029840474,
1.82575,-0.0030333453,
1.826,-0.0066265096,
1.82625,-0.0014719400,
1.8265,0.0002554409,
1.82675,-0.0108621828,
1.827,-0.0047704438,
1.82725,0.0044720285,
1.8275,-0.0027371550,
1.82775,-0.0094672302,
1.828,-0.0121950926,
1.82825,0.0007829442,
1.8285,0.0025254083,
1.82875,-0.0180804189,
1.829,-0.0090273330,
1.82925,0.0018028506,
1.8295,-0.0035078293,
1.82975,-0.0064305286,
1.83,-0.0051322808,
1.83025,0.0012955747,
1.8305,-0.0014991191,
1.83075,-0.0070629520,
1.831,-0.0071255448,
1.83125,0.0011277001,
1.8315,-0.0064101750,
1.83175,-0.0050364258,
1.832,-0.0018019609,
1.83225,-0.0101300161,
1.8325,-0.0018535230,
1.83275,0.0016527798,
1.833,-0.0045128963,
1.83325,-0.0033536253,
1.8335,-0.0038656755,
1.83375,0.0018174793,
1.834,-0.0017490119,
1.83425,-0.0089691123,
1.8345,0.0017245999,
1.83475,0.0086006904,
1.835,-0.0018797010,
1.83525,-0.0058839126,
1.8355,0.0063249744,
1.83575,0.0118769696,
1.836,-0.0047600446,
1.83625,-0.0060607707,
1.8365,0.0031487367,
1.83675,0.0129163833,
1.837,-0.0026638652,
1.83725,-0.0110598924,
1.8375,0.0073882374,
1.83775,0.0018603050,
1.838,-0.0013744165,
1.83825,-0.0017999929,
1.8385,0.0038981405,
1.83875,0.0087460047,
1.839,-0.0020930239,
1.83925,-0.0025898865,
1.8395,-0.0033922410,
1.83975,0.0023883476,
1.84,0.0014836006,
1.84025,-0.0008534977,
1.8405,-0.0021706217,
1.84075,-0.0087652132,
1.841,0.0015221566,
1.84125,-0.0004599299,
1.8415,-0.0046380889,
1.84175,-0.0013408198,
1.842,0.0025007613,
1.84225,-0.0019230295,
1.8425,-0.0088886758,
1.84275,-0.0020804701,
1.843,-0.0016802512,
1.84325,0.0006758523,
1.8435,-0.0085451715,
1.84375,-0.0096643865,
1.844,0.0097361160,
1.84425,0.0038916948,
1.8445,-0.0080496110,
1.84475,-0.0013785664,
1.845,0.0074207829,
1.84525,0.0060922410,
1.8455,-0.0030149482,
1.84575,-0.0048364927,
1.846,0.0026467952,
1.84625,0.0060610538,
1.8465,-0.0088002216,
1.84675,-0.0034958869,
1.847,0.0092825424,
1.84725,0.0024821444,
1.8475,0.0039352076,
1.84775,0.0000867408,
1.848,0.0039175730,
1.84825,0.0052781347,
1.8485,0.0015014892,
1.84875,0.0048489184,
1.849,0.0020555696,
1.84925,0.0012763856,
1.8495,0.0037222207,
1.84975,0.0017427232,
1.85,-0.0025097867,
1.85025,0.0047088284,
1.8505,0.0070079397,
1.85075,0.0029633464,
1.851,0.0004911815,
1.85125,0.0007078921,
1.8515,0.0075729955,
1.85175,0.0016969640,
1.852,-0.0054758950,
1.85225,0.0041436828,
1.8525,0.0091322623,
1.85275,0.0010054552,
1.853,-0.0082389778,
1.85325,0.0008721975,
1.8535,0.0062102331,
1.85375,0.0012030506,
1.854,-0.0041552945,
1.85425,-0.0015436189,
1.8545,0.0029100452,
1.85475,-0.0032908912,
1.855,-0.0057751667,
1.85525,-0.0021835885,
1.8555,0.0005218294,
1.85575,0.0047722226,
1.856,-0.0051762140,
1.85625,-0.0055754660,
1.8565,0.0030088653,
1.85675,0.0002658759,
1.857,0.0016286122,
1.85725,0.0003452871,
1.8575,-0.0009115742,
1.85775,0.0035493483,
1.858,-0.0016860995,
1.85825,-0.0045640143,
1.8585,-0.0000215785,
1.85875,0.0015973412,
1.859,0.0025654249,
1.85925,-0.0022787568,
1.8595,-0.0033523538,
1.85975,0.0002004998,
1.86,0.0013828429,
1.86025,0.0018452724,
1.8605,-0.0057479693,
1.86075,0.0075929444,
1.861,0.0129255373,
1.86125,-0.0032599424,
1.8615,-0.0053630229,
1.86175,0.0008506654,
1.862,0.0079144742,
1.86225,-0.0027993144,
1.8625,-0.0061908881,
1.86275,0.0034258331,
1.863,0.0024693413,
1.86325,-0.0007579071,
1.8635,-0.0087284781,
1.86375,0.0050164638,
1.864,0.0065921252,
1.86425,-0.0012710294,
1.8645,0.0012669819,
1.86475,-0.0023621502,
1.865,-0.0039560134,
1.86525,0.0006893837,
1.8655,0.0019193324,
1.86575,-0.0067842528,
1.866,0.0000448596,
1.86625,0.0012193903,
1.8665,0.0013948223,
1.86675,-0.0032415721,
1.867,-0.0058480301,
1.86725,0.0082625765,
1.8675,0.0006068908,
1.86775,-0.0079107080,
1.868,-0.0050536795,
1.86825,0.0026401212,
1.8685,0.0050366754,
1.86875,-0.0086079249,
1.869,-0.0069290344,
1.86925,0.0073798588,
1.8695,0.0007862415,
1.86975,-0.0138771813,
1.87,-0.0047958689,
1.87025,0.0019434753,
1.8705,0.0003006522,
1.87075,-0.0037280724,
1.871,-0.0104808100,
1.87125,0.0015777638,
1.8715,-0.0009924958,
1.87175,-0.0091492832,
1.872,-0.0013047957,
1.87225,0.0024800985,
1.8725,0.0001469701,
1.87275,0.0003356229,
1.873,-0.0062553356,
1.87325,-0.0051698377,
1.8735,-0.0021249619,
1.87375,-0.0039493064,
1.874,-0.0034846058,
1.87425,-0.0053096279,
1.8745,-0.0047037182,
1.87475,0.0022530006,
1.875,-0.0020325687,
1.87525,-0.0098634399,
1.8755,0.0016204063,
1.87575,0.0014611294,
1.876,-0.0024607992,
1.87625,-0.0030336273,
1.8765,-0.0052749934,
1.87675,0.0074573676,
1.877,-0.0006368383,
1.87725,-0.0144900763,
1.8775,-0.0025979555,
1.87775,0.0085977642,
1.878,0.0002949286,
1.87825,-0.0074030505,
1.8785,-0.0029736396,
1.87875,0.0036232742,
1.879,-0.0017116248,
1.87925,-0.0125023639,
1.8795,-0.0026626666,
1.87975,0.0038008741,
1.88,-0.0023794980,
1.88025,-0.0070722196,
1.8805,-0.0031229982,
1.88075,0.0013948660,
1.881,0.0001723983,
1.88125,-0.0053740656,
1.8815,-0.0024160715,
1.88175,-0.0010207955,
1.882,-0.0037419468,
1.88225,0.0034772733,
1.8825,-0.0056128949,
1.88275,-0.0078437123,
1.883,0.0013695201,
1.88325,-0.0018774054,
1.8835,-0.0021798816,
1.88375,-0.0070689078,
1.884,0.0009454625,
1.88425,0.0031999778,
1.8845,-0.0072561540,
1.88475,-0.0101075964,
1.885,-0.0014877204,
1.88525,0.0070354440,
1.8855,-0.0050511155,
1.88575,-0.0057880795,
1.886,0.0018888782,
1.88625,0.0072668325,
1.8865,0.0001576486,
1.88675,-0.0061231763,
1.887,0.0022486791,
1.88725,0.0009579074,
1.8875,-0.0011788453,
1.88775,-0.0061547295,
1.888,-0.0012412596,
1.88825,0.0053685908,
1.8885,0.0036538565,
1.88875,-0.0038197176,
1.889,-0.0009485661,
1.88925,0.0055445456,
1.8895,0.0013600377,
1.88975,-0.0035862892,
1.89,-0.0053374404,
1.89025,-0.0029722829,
1.8905,0.0020029072,
1.89075,-0.0015260790,
1.891,-0.0077671707,
1.89125,-0.0016504246,
1.8915,0.0016891295,
1.89175,0.0005074469,
1.892,0.0021916931,
1.89225,-0.0001822559,
1.8925,0.0015639630,
1.89275,0.0011911696,
1.893,-0.0059914552,
1.89325,-0.0038292513,
1.8935,0.0068445764,
1.89375,0.0062038340,
1.894,-0.0024315189,
1.89425,-0.0089028953,
1.8945,-0.0038951342,
1.89475,0.0070968429,
1.895,-0.0016721967,
1.89525,-0.0051469058,
1.8955,0.0035034937,
1.89575,0.0033051011,
1.896,-0.0047479109,
1.89625,-0.0109072542,
1.8965,0.0016917286,
1.89675,0.0059870346,
1.897,0.0041045672,
1.89725,-0.0047430797,
1.8975,-0.0007918231,
1.89775,0.0017679685,
1.898,-0.0061015179,
1.89825,-0.0033839347,
1.8985,0.0003136304,
1.89875,0.0014356420,
1.899,0.0039913980,
1.89925,0.0013971736,
1.8995,-0.0094125355,
1.89975,-0.0028326989,
1.9,0.0075921640,
1.90025,0.0009990500,
1.9005,0.0035640053,
1.90075,-0.0008340443,
1.901,0.0043247193,
1.90125,0.0119189788,
1.9015,-0.0065680454,
1.90175,-0.0011648366,
1.902,0.0203502905,
1.90225,0.0083908848,
1.9025,-0.0067390637,
1.90275,-0.0005394122,
1.903,0.0063915243,
1.90325,0.0103917699,
1.9035,0.0023178137,
1.90375,0.0005305641,
1.904,0.0133976340,
1.90425,0.0091530699,
1.9045,-0.0039324872,
1.90475,0.0033187016,
1.905,0.0100136343,
1.90525,0.0057237418,
1.9055,0.0090867123,
1.90575,-0.0011444205,
1.906,0.0022794697,
1.90625,0.0073227417,
1.9065,0.0019806884,
1.90675,0.0039081206,
1.907,0.0040137107,
1.90725,0.0062083541,
1.9075,0.0061947545,
1.90775,-0.0006616656,
1.908,-0.0039213565,
1.90825,0.0044431286,
1.9085,0.0084333811,
1.90875,0.0028049157,
1.909,0.0007384762,
1.90925,0.0044800304,
1.9095,0.0069827894,
1.90975,0.0036110601,
1.91,-0.0032413281,
1.91025,0.0012184922,
1.9105,0.0100559127,
1.91075,0.0048075095,
1.911,-0.0077628680,
1.91125,-0.0034379519,
1.9115,0.0093555413,
1.91175,0.0071314378,
1.912,-0.0051134862,
1.91225,-0.0008025159,
1.9125,0.0092645744,
1.91275,0.0044024438,
1.913,-0.0052969740,
1.91325,0.0003606250,
1.9135,0.0060488260,
1.91375,0.0071426020,
1.914,-0.0001787458,
1.91425,-0.0004394447,
1.9145,0.0095172906,
1.91475,0.0034295020,
1.915,0.0060449662,
1.91525,0.0035948353,
1.9155,0.0018114268,
1.91575,0.0065331757,
1.916,0.0061672372,
1.91625,0.0015324923,
1.9165,-0.0003656860,
1.91675,0.0071381116,
1.917,0.0056545115,
1.91725,0.0014539092,
1.9175,-0.0023320802,
1.91775,0.0056983149,
1.918,0.0094202589,
1.91825,0.0007127607,
1.9185,-0.0040652109,
1.91875,0.0057036206,
1.919,0.0132764541,
1.91925,0.0035345284,
1.9195,-0.0037338492,
1.91975,-0.0005236879,
1.92,0.0074338894,
1.92025,0.0003673928,
1.9205,-0.0064114723,
1.92075,0.0009433425,
1.921,0.0047677178,
1.92125,0.0014667138,
1.9215,-0.0052014198,
1.92175,-0.0031541903,
1.922,0.0034922617,
1.92225,0.0070477398,
1.9225,-0.0044804104,
1.92275,0.0008531077,
1.923,0.0056352979,
1.92325,0.0000418692,
1.9235,-0.0011498387,
1.92375,-0.0059229513,
1.924,-0.0015589197,
1.92425,0.0029148743,
1.9245,0.0030558081,
1.92475,-0.0057536406,
1.925,0.0012185721,
1.92525,0.0046720952,
1.9255,-0.0026632394,
1.92575,0.0020953161,
1.926,-0.0066308021,
1.92625,0.0023055016,
1.9265,0.0050581573,
1.92675,-0.0080227163,
1.927,-0.0082712313,
1.92725,0.0021729784,
1.9275,0.0043336502,
1.92775,-0.0025462077,
1.928,-0.0070546991,
1.92825,0.0030774688,
1.9285,0.0148582198,
1.92875,-0.0013436580,
1.929,-0.0050805560,
1.92925,0.0018053675,
1.9295,0.0043254071,
1.92975,-0.0038040634,
1.93,-0.0095781367,
1.93025,0.0009630073,
1.9305,0.0037187045,
1.93075,0.0022083833,
1.931,-0.0081329318,
1.93125,-0.0015292137,
1.9315,-0.0004062186,
1.93175,-0.0016821955,
1.932,0.0022943802,
1.93225,-0.0013841660,
1.9325,-0.0010109036,
1.93275,0.0025023052,
1.933,0.0021967522,
1.93325,-0.0061209742,
1.9335,-0.0026525708,
1.93375,0.0062189815,
1.934,0.0017104739,
1.93425,-0.0048488928,
1.9345,-0.0039591338,
1.93475,0.0047878684,
1.935,0.0031551863,
1.93525,-0.0101896282,
1.9355,-0.0096579315,
1.93575,0.0109157469,
1.936,0.0021710077,
1.93625,-0.0135295140,
1.9365,-0.0057392237,
1.93675,0.0074491315,
1.937,0.0010907049,
1.93725,-0.0086131692,
1.9375,-0.0030211937,
1.93775,0.0039954078,
1.938,0.0047771637,
1.93825,-0.0065464750,
1.9385,-0.0026185499,
1.93875,0.0027438062,
1.939,-0.0041222237,
1.93925,-0.0050566792,
1.9395,-0.0065676104,
1.93975,-0.0006427512,
1.94,0.0034885609,
1.94025,0.0023980339,
1.9405,-0.0033621143,
1.94075,-0.0032407616,
1.941,0.0007024312,
1.94125,0.0046124216,
1.9415,0.0033616473,
1.94175,-0.0036997851,
1.942,0.0076300800,
1.94225,0.0053285128,
1.9425,-0.0033478790,
1.94275,-0.0000101670,
1.943,0.0024325484,
1.94325,0.0074192118,
1.9435,0.0042395010,
1.94375,-0.0074738772,
1.944,0.0012008674,
1.94425,0.0130101703,
1.9445,-0.0002609625,
1.94475,-0.0059154443,
1.945,0.0045727897,
1.94525,0.0092355823,
1.9455,0.0056307106,
1.94575,-0.0019530617,
1.946,-0.0011002170,
1.94625,0.0099154226,
1.9465,0.0023205504,
1.94675,-0.0078615202,
1.947,0.0013679453,
1.94725,0.0037406839,
1.9475,0.0006278469,
1.94775,-0.0042552757,
1.948,-0.0037395253,
1.94825,-0.0007149682,
1.9485,0.0022606242,
1.94875,-0.0021617478,
1.949,-0.0030727545,
1.94925,-0.0013280242,
1.9495,0.0019865963,
1.94975,0.0025290947,
1.95,-0.0053607030,
1.95025,-0.0027585579,
1.9505,-0.0012660397,
1.95075,-0.0000909086,
1.951,-0.0062557613,
1.95125,-0.0100786714,
1.9515,0.0037324314,
1.95175,-0.0038546056,
1.952,-0.0081826644,
1.95225,-0.0069444571,
1.9525,-0.0005760306,
1.95275,0.0074925604,
1.953,-0.0059633558,
1.95325,-0.0068457075,
1.9535,0.0056424960,
1.95375,0.0056146998,
1.954,-0.0003698117,
1.95425,-0.0012497408,
1.9545,0.0025817663,
1.95475,0.0043543866,
1.955,0.0029058408,
1.95525,-0.0022069544,
1.9555,0.0063089770,
1.95575,0.0094098356,
1.956,0.0022835257,
1.95625,-0.0007119100,
1.9565,-0.0019861429,
1.95675,0.0050301473,
1.957,0.0057629631,
1.95725,0.0038455231,
1.9575,0.0024646686,
1.95775,0.0065335254,
1.958,0.0079792943,
1.95825,0.0020780009,
1.9585,0.0038289223,
1.95875,0.0068055182,
1.959,0.0085177990,
1.95925,0.0073525589,
1.9595,-0.0009258277,
1.95975,0.0030465536,
1.96,0.0052965377,
1.96025,0.0047061215,
1.9605,0.0017222821,
1.96075,-0.0001858187,
1.961,0.0122416262,
1.96125,0.0064999247,
1.9615,-0.0052064415,
1.96175,0.0038566166,
1.962,0.0071537467,
1.96225,0.0076172804,
1.9625,-0.0024970695,
1.96275,-0.0030531515,
1.963,0.0097073978,
1.96325,0.0029348887,
1.9635,-0.0036829934,
1.96375,-0.0024624283,
1.964,0.0069609163,
1.96425,0.0010537156,
1.9645,-0.0028089401,
1.96475,-0.0017002843,
1.965,-0.0016022818,
1.96525,-0.0001329397,
1.9655,0.0016050406,
1.96575,-0.0018470471,
1.966,-0.0011195953,
1.96625,0.0001370832,
1.9665,0.0030030818,
1.96675,-0.0009423381,
1.967,-0.0049051475,
1.96725,-0.0018273382,
1.9675,0.0047452059,
1.96775,-0.0041030352,
1.968,-0.0114914346,
1.96825,0.0002409398,
1.9685,0.0081981607,
1.96875,-0.0026372788,
1.969,-0.0085333046,
1.96925,0.0049033612,
1.9695,0.0094053671,
1.96975,-0.0012571085,
1.97,-0.0084646428,
1.97025,0.0057615102,
1.9705,0.0113956351,
1.97075,-0.0024105930,
1.971,-0.0059223729,
1.97125,0.0034938203,
1.9715,0.0046756091,
1.97175,-0.0004521425,
1.972,-0.0001474185,
1.97225,0.0072292704,
1.9725,0.0078224754,
1.97275,0.0038603924,
1.973,0.0024193421,
1.97325,0.0025103739,
1.9735,0.0035486119,
1.97375,0.0045338213,
1.974,0.0072338064,
1.97425,0.0011339569,
1.9745,0.0017654332,
1.97475,0.0048278417,
1.975,0.0045288014,
1.97525,-0.0017435033,
1.9755,0.0021314898,
1.97575,0.0083066355,
1.976,0.0060386774,
1.97625,-0.0036568495,
1.9765,-0.0008125035,
1.97675,0.0065559964,
1.977,0.0041053593,
1.97725,-0.0040001371,
1.9775,-0.0067294599,
1.97775,0.0069436734,
1.978,0.0046955710,
1.97825,-0.0096680578,
1.9785,-0.0023703612,
1.97875,0.0015464416,
1.979,-0.0011960046,
1.97925,-0.0068048006,
1.9795,-0.0130981011,
1.97975,-0.0024514883,
1.98,-0.0039827283,
1.98025,-0.0145706367,
1.9805,-0.0072618625,
1.98075,0.0014418790,
1.981,-0.0032868411,
1.98125,-0.0035740733,
1.9815,-0.0076983585,
1.98175,-0.0034162567,
1.982,-0.0014789170,
1.98225,-0.0017957001,
1.9825,-0.0058740522,
1.98275,-0.0085200882,
1.983,-0.0050877156,
1.98325,-0.0052640131,
1.9835,-0.0073577501,
1.98375,-0.0057547097,
1.984,0.0018950729,
1.98425,-0.0003137306,
1.9845,0.0012645185,
1.98475,-0.0078076222,
1.985,-0.0027346592,
1.98525,0.0068917684,
1.9855,-0.0032479316,
1.98575,-0.0070484616,
1.986,0.0028239819,
1.98625,0.0065551400,
1.9865,0.0015559285,
1.98675,-0.0019358624,
1.987,-0.0043242699,
1.98725,0.0014957419,
1.9875,-0.0029834746,
1.98775,-0.0106332647,
1.988,-0.0035570725,
1.98825,-0.0018260599,
1.9885,-0.0012984999,
1.98875,-0.0030964545,
1.989,-0.0084407404,
1.98925,-0.0005467990,
1.9895,0.0027588727,
1.98975,-0.0108855860,
1.99,-0.0064343074,
1.99025,-0.0046287831,
1.9905,-0.0070082489,
1.99075,-0.0023492614,
1.991,-0.0102412691,
1.99125,-0.0062788315,
1.9915,0.0016947337,
1.99175,-0.0077202665,
1.992,-0.0114698661,
1.99225,-0.0019851066,
1.9925,-0.0077750622,
1.99275,-0.0068036579,
1.993,-0.0065790419,
1.99325,-0.0155531038,
1.9935,-0.0035653508,
1.99375,-0.0012645480,
1.994,-0.0061451374,
1.99425,-0.0106936367,
1.9945,-0.0028171842,
1.99475,-0.0008106704,
1.995,-0.0033673272,
1.99525,-0.0084854811,
1.9955,-0.0032428727,
1.99575,0.0038694891,
1.996,-0.0076963035,
1.99625,-0.0159650315,
1.9965,-0.0053888774,
1.99675,0.0020617670,
1.997,-0.0037357681,
1.99725,-0.0060429396,
1.9975,-0.0009655245,
1.99775,-0.0002060162,
1.998,-0.0059987837,
1.99825,-0.0085041011,
1.9985,-0.0046740901,
1.99875,-0.0053388388,
1.999,0.0008461392,
1.99925,-0.0030862854,
1.9995,-0.0029696340,
1.99975,-0.0032860951,
2,-0.0024624704,
2.00025,0.0022958177,
2.0005,-0.0047443509,
2.00075,-0.0003789885,
2.001,0.0046811420,
2.00125,0.0014283020,
2.0015,-0.0073524024,
2.00175,-0.0052799839,
2.002,0.0068529183,
2.00225,0.0091687907,
2.0025,-0.0098567782,
2.00275,-0.0087079424,
2.003,0.0090858201,
2.00325,-0.0038884252,
2.0035,-0.0084945410,
2.00375,-0.0026558109,
2.004,0.0015766274,
2.00425,0.0037822404,
2.0045,-0.0078236852,
2.00475,-0.0092119584,
2.005,0.0080543933,
2.00525,-0.0012743601,
2.0055,-0.0067394050,
2.00575,0.0018410482,
2.006,-0.0079212971,
2.00625,-0.0023673961,
2.0065,0.0000623735,
2.00675,-0.0070034303,
2.007,-0.0006122061,
2.00725,-0.0015280128,
2.0075,-0.0022379288,
2.00775,-0.0030415580,
2.008,-0.0086525558,
2.00825,-0.0053265463,
2.0085,0.0081666969,
2.00875,-0.0021550960,
2.009,-0.0062233433,
2.00925,0.0044718590,
2.0095,0.0016581698,
2.00975,-0.0022365591,
2.01,-0.0032259193,
2.01025,-0.0004781078,
2.0105,0.0113338530,
2.01075,0.0025651725,
2.011,-0.0130314743,
2.01125,-0.0012200121,
2.0115,0.0068492815,
2.01175,0.0033440525,
2.012,-0.0013632162,
2.01225,-0.0000595760,
2.0125,0.0084597720,
2.01275,0.0037415980,
2.013,-0.0054005980,
2.01325,-0.0014039918,
2.0135,0.0080410801,
2.01375,0.0030952753,
2.014,-0.0027859658,
2.01425,0.0000232738,
2.0145,0.0043257182,
2.01475,0.0054123970,
2.015,-0.0013305363,
2.01525,0.0019574545,
2.0155,0.0016659140,
2.01575,0.0030085123,
2.016,0.0050766366,
2.01625,-0.0014093622,
2.0165,-0.0009161469,
2.01675,0.0048310035,
2.017,0.0042780251,
2.01725,-0.0002458607,
2.0175,0.0032743760,
2.01775,0.0038126800,
2.018,0.0075188749,
2.01825,0.0011065415,
2.0185,-0.0071540195,
2.01875,0.0073954277,
2.019,0.0065627857,
2.01925,-0.0013654153,
2.0195,-0.0020075999,
2.01975,0.0035627212,
2.02,0.0101021025,
2.02025,0.0012583451,
2.0205,-0.0056353654,
2.02075,-0.0002116642,
2.021,0.0060641011,
2.02125,0.0001893247,
2.0215,-0.0038125904,
2.02175,0.0018365181,
2.022,0.0045112791,
2.02225,0.0039456370,
2.0225,-0.0036660300,
2.02275,0.0006309658,
2.023,0.0076758396,
2.02325,0.0042908047,
2.0235,0.0003055083,
2.02375,-0.0035633785,
2.024,-0.0006595551,
2.02425,0.0023023533,
2.0245,-0.0021412240,
2.02475,-0.0014040410,
2.025,0.0019958506,
2.02525,0.0074059702,
2.0255,0.0041339942,
2.02575,-0.0007869588,
2.026,-0.0005941849,
2.02625,0.0048406413,
2.0265,0.0052892505,
2.02675,-0.0041714646,
2.027,0.0003177363,
2.02725,0.0068498468,
2.0275,0.0070418371,
2.02775,0.0045905667,
2.028,-0.0088202627,
2.02825,0.0052252407,
2.0285,0.0109169800,
2.02875,-0.0065749958,
2.029,-0.0022754949,
2.02925,0.0033732378,
2.0295,0.0069299638,
2.02975,0.0026797878,
2.03,-0.0084980084,
2.03025,0.0024909521,
2.0305,0.0095748818,
2.03075,-0.0011416897,
2.031,-0.0007590227,
2.03125,0.0025059767,
2.0315,-0.0004338482,
2.03175,-0.0014864850,
2.032,-0.0049198801,
2.03225,-0.0010272262,
2.0325,0.0005124459,
2.03275,0.0022810772,
2.033,0.0007361826,
2.03325,-0.0008449390,
2.0335,-0.0015792093,
2.03375,0.0057840282,
2.034,0.0024858313,
2.03425,-0.0099272737,
2.0345,-0.0044237194,
2.03475,0.0016250326,
2.035,0.0000554009,
2.03525,-0.0103153186,
2.0355,-0.0070197452,
2.03575,0.0056049740,
2.036,0.0022162898,
2.03625,-0.0122286789,
2.0365,-0.0073246490,
2.03675,0.0119364001,
2.037,0.0011600342,
2.03725,-0.0091300327,
2.0375,-0.0042182798,
2.03775,0.0013834804,
2.038,0.0048664692,
2.03825,-0.0064630113,
2.0385,-0.0018573552,
2.03875,0.0075422041,
2.039,0.0020778643,
2.03925,-0.0042038262,
2.0395,-0.0026819068,
2.03975,-0.0002532157,
2.04,-0.0005661445,
2.04025,0.0023932569,
2.0405,-0.0015137474,
2.04075,0.0001624926,
2.041,0.0020829574,
2.04125,0.0036840027,
2.0415,0.0049803429,
2.04175,-0.0024890553,
2.042,0.0041056662,
2.04225,0.0102719003,
2.0425,0.0032758133,
2.04275,-0.0034343223,
2.043,0.0034807131,
2.04325,0.0095352912,
2.0435,-0.0007530845,
2.04375,-0.0087157842,
2.044,-0.0021129721,
2.04425,0.0078698844,
2.0445,0.0031625978,
2.04475,-0.0125963967,
2.045,-0.0004007211,
2.04525,0.0130445594,
2.0455,-0.0023077759,
2.04575,-0.0054916809,
2.046,0.0001130959,
2.04625,0.0050719716,
2.0465,0.0028243051,
2.04675,-0.0073388214,
2.047,-0.0038429177,
2.04725,0.0051729609,
2.0475,-0.0031010911,
2.04775,-0.0065545463,
2.048,-0.0021640626,
2.04825,-0.0009006434,
2.0485,-0.0015369812,
2.04875,-0.0013989666,
2.049,-0.0086852517,
2.04925,-0.0083394665,
2.0495,0.0002343928,
2.04975,-0.0020912143,
2.05,-0.0049294401,
2.05025,-0.0027953300,
2.0505,-0.0016207119,
2.05075,0.0051150350,
2.051,-0.0040815268,
2.05125,-0.0091949375,
2.0515,0.0071131228,
2.05175,0.0035147471,
2.052,-0.0022225103,
2.05225,-0.0080540059,
2.0525,0.0023599537,
2.05275,0.0117900185,
2.053,0.0011756134,
2.05325,-0.0053657619,
2.0535,0.0079477653,
2.05375,0.0079610925,
2.054,-0.0009103757,
2.05425,-0.0049077012,
2.0545,-0.0010201671,
2.05475,0.0075914450,
2.055,0.0013137115,
2.05525,-0.0061421706,
2.0555,0.0003868057,
2.05575,0.0058103330,
2.056,0.0021868499,
2.05625,-0.0009454269,
2.0565,0.0021494690,
2.05675,0.0019335991,
2.057,0.0015220866,
2.05725,0.0007762967,
2.0575,-0.0042725154,
2.05775,-0.0018319825,
2.058,0.0023413748,
2.05825,0.0028944789,
2.0585,-0.0005941776,
2.05875,-0.0010087120,
2.059,0.0017303231,
2.05925,0.0036393057,
2.0595,-0.0012797101,
2.05975,-0.0077590202,
2.06,0.0030756658,
2.06025,0.0066851964,
2.0605,-0.0069025652,
2.06075,-0.0095947729,
2.061,0.0056321910,
2.06125,0.0049849106,
2.0615,-0.0008891938,
2.06175,-0.0041773980,
2.062,0.0047118119,
2.06225,0.0120574292,
2.0625,-0.0051605888,
2.06275,-0.0083127469,
2.063,0.0055526951,
2.06325,0.0039995257,
2.0635,-0.0014528059,
2.06375,-0.0059933402,
2.064,-0.0014292087,
2.06425,0.0050870976,
2.0645,-0.0022428124,
2.06475,-0.0056624375,
2.065,0.0001522618,
2.06525,0.0000507040,
2.0655,0.0047776797,
2.06575,0.0036005988,
2.066,0.0012063392,
2.06625,0.0038532049,
2.0665,0.0075726076,
2.06675,0.0041528740,
2.067,-0.0051112468,
2.06725,0.0039747329,
2.0675,0.0035550054,
2.06775,0.0065014828,
2.068,-0.0021703145,
2.06825,-0.0045981053,
2.0685,0.0153317675,
2.06875,0.0098541770,
2.069,-0.0052995952,
2.06925,-0.0008762092,
2.0695,0.0160161760,
2.06975,0.0061863763,
2.07,-0.0033864733,
2.07025,-0.0000393724,
2.0705,0.0112021957,
2.07075,0.0068423320,
2.071,-0.0082407109,
2.07125,-0.0005666604,
2.0715,0.0120510729,
2.07175,0.0068325088,
2.072,-0.0009630483,
2.07225,0.0021335359,
2.0725,0.0066650519,
2.07275,0.0034087328,
2.073,-0.0018496542,
2.07325,0.0029748948,
2.0735,0.0023615430,
2.07375,0.0022149305,
2.074,0.0091712493,
2.07425,0.0009871632,
2.0745,-0.0016486098,
2.07475,0.0038956287,
2.075,0.0036162706,
2.07525,0.0009983589,
2.0755,-0.0034103731,
2.07575,0.0019185111,
2.076,0.0077075893,
2.07625,0.0025219875,
2.0765,-0.0085972240,
2.07675,0.0029427095,
2.077,0.0130725326,
2.07725,0.0021884516,
2.0775,-0.0034477594,
2.07775,0.0033777175,
2.078,0.0154550225,
2.07825,0.0018434280,
2.0785,-0.0029566046,
2.07875,0.0085293353,
2.079,0.0132250274,
2.07925,0.0083188806,
2.0795,-0.0019421382,
2.07975,0.0009550698,
2.08,0.0112396469,
2.08025,0.0012315148,
2.0805,0.0009359341,
2.08075,0.0072626495,
2.081,0.0091597121,
2.08125,0.0068180007,
2.0815,0.0018324096,
2.08175,0.0023359361,
2.082,0.0039484585,
2.08225,0.0090577714,
2.0825,0.0035636551,
2.08275,0.0004360444,
2.083,0.0015784241,
2.08325,0.0042227167,
2.0835,0.0095282253,
2.08375,-0.0004450027,
2.084,0.0045290627,
2.08425,0.0090644732,
2.0845,0.0038255972,
2.08475,-0.0048076804,
2.085,-0.0027446290,
2.08525,0.0068649114,
2.0855,0.0060950923,
2.08575,-0.0015145155,
2.086,-0.0088868188,
2.08625,0.0044182898,
2.0865,0.0049308473,
2.08675,-0.0035429511,
2.087,0.0021856322,
2.08725,0.0009877129,
2.0875,0.0019226463,
2.08775,-0.0052112597,
2.088,-0.0131069571,
2.08825,-0.0010196700,
2.0885,-0.0014060144,
2.08875,-0.0054611256,
2.089,-0.0045843557,
2.08925,-0.0047883475,
2.0895,0.0000295512,
2.08975,0.0004261282,
2.09,-0.0099053876,
2.09025,-0.0050718668,
2.0905,-0.0005166332,
2.09075,-0.0059180935,
2.091,-0.0024544215,
2.09125,-0.0066001830,
2.0915,-0.0044359658,
2.09175,0.0036824951,
2.092,-0.0077870158,
2.09225,-0.0043885550,
2.0925,0.0023262859,
2.09275,0.0009960437,
2.093,0.0019108683,
2.09325,-0.0051643262,
2.0935,-0.0058173519,
2.09375,0.0049445960,
2.094,0.0072405767,
2.09425,-0.0109029897,
2.0945,0.0026209301,
2.09475,0.0102246497,
2.095,0.0026575627,
2.09525,0.0034085521,
2.0955,0.0024905284,
2.09575,0.0103062494,
2.096,0.0058246665,
2.09625,-0.0101475464,
2.0965,-0.0064724656,
2.09675,0.0047682934,
2.097,0.0037110082,
2.09725,0.0000962644,
2.0975,0.0005758866,
2.09775,0.0008293024,
2.098,-0.0013166026,
2.09825,-0.0012465169,
2.0985,-0.0007894019,
2.09875,-0.0039374731,
2.099,0.0048807086,
2.09925,0.0006559348,
2.0995,-0.0030612405,
2.09975,-0.0034344187,
2.1,-0.0017004544,
2.10025,0.0035358402,
2.1005,-0.0045469259,
2.10075,-0.0054146526,
2.101,-0.0008561683,
2.10125,-0.0022007327,
2.1015,-0.0115210647,
2.10175,-0.0151532060,
2.102,0.0022570593,
2.10225,0.0066562928,
2.1025,-0.0053512827,
2.10275,-0.0127865281,
2.103,-0.0048953751,
2.10325,-0.0004522069,
2.1035,-0.0089333905,
2.10375,-0.0119700450,
2.104,-0.0018109898,
2.10425,0.0017602139,
2.1045,-0.0116739608,
2.10475,-0.0137703121,
2.105,-0.0014219538,
2.10525,0.0002943280,
2.1055,-0.0055145882,
2.10575,-0.0057209474,
2.106,-0.0062082317,
2.10625,-0.0062040929,
2.1065,-0.0066107241,
2.10675,-0.0071442178,
2.107,-0.0055023492,
2.10725,-0.0037019209,
2.1075,-0.0000256545,
2.10775,-0.0031282720,
2.108,-0.0049831327,
2.10825,-0.0070955441,
2.1085,0.0024729737,
2.10875,0.0053558992,
2.109,-0.0071250461,
2.10925,0.0013173290,
2.1095,0.0065516471,
2.10975,-0.0004607412,
2.11,-0.0016817583,
2.11025,0.0018992582,
2.1105,0.0115351435,
2.11075,0.0105759483,
2.111,-0.0059501897,
2.11125,-0.0080239745,
2.1115,0.0116170235,
2.11175,0.0065967841,
2.112,-0.0057834601,
2.11225,0.0056741438,
2.1125,0.0032867261,
2.11275,0.0017530154,
2.113,0.0027224319,
2.11325,-0.0098877763,
2.1135,0.0069773057,
2.11375,0.0098992381,
2.114,-0.0090252366,
2.11425,0.0023052141,
2.1145,0.0012757903,
2.11475,-0.0013017268,
2.115,0.0055597574,
2.11525,-0.0048100566,
2.1155,-0.0036919601,
2.11575,0.0024843025,
2.116,-0.0066751004,
2.11625,-0.0059095486,
2.1165,-0.0041681398,
2.11675,-0.0071732914,
2.117,-0.0006838376,
2.11725,-0.0048051104,
2.1175,-0.0092573669,
2.11775,-0.0023965482,
2.118,-0.0001697695,
2.11825,-0.0070433989,
2.1185,-0.0086719897,
2.11875,-0.0025741025,
2.119,0.0036110221,
2.11925,-0.0005819219,
2.1195,-0.0122059584,
2.11975,0.0015549993,
2.12,0.0075967931,
2.12025,0.0036377232,
2.1205,-0.0042673675,
2.12075,-0.0024237656,
2.121,0.0047067776,
2.12125,-0.0073913429,
2.1215,-0.0055984217,
2.12175,-0.0023168090,
2.122,0.0022344859,
2.12225,0.0013759873,
2.1225,-0.0024106521,
2.12275,-0.0003423567,
2.123,0.0031780112,
2.12325,0.0084795319,
2.1235,0.0008915085,
2.12375,0.0046889442,
2.124,0.0041920263,
2.12425,0.0054734563,
2.1245,0.0062146178,
2.12475,-0.0044279229,
2.125,0.0027885111,
2.12525,0.0060825073,
2.1255,0.0022098208,
2.12575,0.0034662210,
2.126,0.0054161525,
2.12625,0.0039661857,
2.1265,0.0067250361,
2.12675,-0.0010133102,
2.127,-0.0046032276,
2.12725,0.0077077555,
2.1275,0.0034730602,
2.12775,0.0000382905,
2.128,-0.0009688508,
2.12825,0.0028047499,
2.1285,0.0111788232,
2.12875,0.0010475009,
2.129,-0.0067762947,
2.12925,0.0020045417,
2.1295,0.0044318400,
2.12975,-0.0051978650,
2.13,-0.0053862464,
2.13025,-0.0009459599,
2.1305,0.0057528410,
2.13075,0.0019043336,
2.131,-0.0079773972,
2.13125,-0.0004297037,
2.1315,-0.0005740903,
2.13175,-0.0009468525,
2.132,0.0023136744,
2.13225,-0.0020773271,
2.1325,-0.0010923038,
2.13275,0.0078262798,
2.133,-0.0056324345,
2.13325,-0.0042194366,
2.1335,0.0014961767,
2.13375,0.0004479996,
2.134,0.0059304736,
2.13425,-0.0062060757,
2.1345,-0.0015263299,
2.13475,0.0065073506,
2.135,-0.0014532383,
2.13525,-0.0044677746,
2.1355,0.0037031041,
2.13575,0.0113866832,
2.136,0.0074336464,
2.13625,-0.0048687058,
2.1365,-0.0049198414,
2.13675,0.0090632392,
2.137,0.0040653637,
2.13725,-0.0056228032,
2.1375,0.0006385980,
2.13775,0.0035862452,
2.138,0.0016162158,
2.13825,-0.0016536039,
2.1385,-0.0059063323,
2.13875,0.0081325918,
2.139,0.0074693589,
2.13925,-0.0017764716,
2.1395,0.0044546621,
2.13975,0.0040280437,
2.14,0.0035995522,
2.14025,0.0032199698,
2.1405,0.0027029891,
2.14075,0.0001227064,
2.141,0.0030022233,
2.14125,0.0039555868,
2.1415,-0.0038580413,
2.14175,-0.0029457211,
2.142,-0.0030399747,
2.14225,0.0053991033,
2.1425,0.0033325804,
2.14275,-0.0068855844,
2.143,0.0040171398,
2.14325,0.0032806562,
2.1435,-0.0044288123,
2.14375,-0.0077097584,
2.144,0.0010750304,
2.14425,0.0083409809,
2.1445,-0.0043379464,
2.14475,-0.0115939490,
2.145,-0.0010744625,
2.14525,0.0077845766,
2.1455,-0.0026885853,
2.14575,-0.0079432018,
2.146,-0.0007157017,
2.14625,-0.0004231159,
2.1465,-0.0047993921,
2.14675,-0.0067367149,
2.147,-0.0056863641,
2.14725,0.0053059240,
2.1475,-0.0009276354,
2.14775,-0.0072147576,
2.148,-0.0044453726,
2.14825,-0.0030454742,
2.1485,-0.0006789697,
2.14875,-0.0009966935,
2.149,-0.0050600125,
2.14925,-0.0064709615,
2.1495,0.0014253379,
2.14975,-0.0035972418,
2.15,-0.0051908568,
2.15025,0.0006877386,
2.1505,0.0010458216,
2.15075,0.0030694439,
2.151,-0.0041773249,
2.15125,-0.0049356883,
2.1515,0.0056473650,
2.15175,0.0058818739,
2.152,-0.0094266031,
2.15225,-0.0085153300,
2.1525,0.0024712190,
2.15275,0.0016951489,
2.153,-0.0056967828,
2.15325,-0.0085645877,
2.1535,0.0051028831,
2.15375,0.0058008754,
2.154,-0.0082227644,
2.15425,-0.0088538118,
2.1545,0.0006265580,
2.15475,0.0007501933,
2.155,-0.0067826919,
2.15525,-0.0044121584,
2.1555,-0.0004179766,
2.15575,0.0006311545,
2.156,-0.0030571935,
2.15625,-0.0045920913,
2.1565,-0.0064989747,
2.15675,0.0009823169,
2.157,-0.0025481042,
2.15725,-0.0069961441,
2.1575,-0.0067951754,
2.15775,-0.0080114799,
2.158,-0.0029474553,
2.15825,-0.0041332790,
2.1585,-0.0108951498,
2.15875,-0.0033908163,
2.159,0.0021033138,
2.15925,-0.0027323959,
2.1595,-0.0069500562,
2.15975,-0.0054896087,
2.16,-0.0018951873,
2.16025,-0.0011454989,
2.1605,-0.0075393724,
2.16075,-0.0095981807,
2.161,0.0006085984,
2.16125,0.0040866756,
2.1615,-0.0115058525,
2.16175,-0.0076193218,
2.162,0.0051169395,
2.16225,0.0018795007,
2.1625,-0.0041339262,
2.16275,-0.0107913008,
2.163,0.0022770865,
2.16325,0.0040668868,
2.1635,-0.0033187366,
2.16375,-0.0019322501,
2.164,0.0018366642,
2.16425,0.0056614010,
2.1645,-0.0049469615,
2.16475,-0.0074015441,
2.165,-0.0018977512,
2.16525,0.0020957799,
2.1655,-0.0005952853,
2.16575,-0.0005477870,
2.166,-0.0053994264,
2.16625,-0.0052687521,
2.1665,0.0050323321,
2.16675,-0.0003036690,
2.167,-0.0032450701,
2.16725,0.0061286106,
2.1675,0.0058061983,
2.16775,-0.0039636400,
2.168,-0.0065693753,
2.16825,-0.0053537074,
2.1685,0.0063982275,
2.16875,0.0063146208,
2.169,-0.0118728634,
2.16925,-0.0034939484,
2.1695,0.0074850060,
2.16975,-0.0050969478,
2.17,-0.0109270783,
2.17025,0.0003918642,
2.1705,0.0075779492,
2.17075,0.0016846580,
2.171,-0.0098942779,
2.17125,-0.0104859238,
2.1715,0.0058478001,
2.17175,-0.0005173596,
2.172,-0.0069878176,
2.17225,0.0001947500,
2.1725,-0.0004192184,
2.17275,-0.0040116934,
2.173,-0.0053709457,
2.17325,-0.0057360674,
2.1735,-0.0024188852,
2.17375,-0.0002742507,
2.174,-0.0003304819,
2.17425,-0.0050575701,
2.1745,-0.0069253840,
2.17475,-0.0018614792,
2.175,0.0029826139,
2.17525,-0.0039835684,
2.1755,-0.0055781216,
2.17575,0.0007941225,
2.176,0.0089163259,
2.17625,-0.0001015385,
2.1765,-0.0060176039,
2.17675,0.0083568823,
2.177,0.0082863737,
2.17725,0.0004958931,
2.1775,-0.0065690270,
2.17775,-0.0000691497,
2.178,0.0126219857,
2.17825,0.0037815261,
2.1785,-0.0010619325,
2.17875,0.0087191099,
2.179,0.0121977180,
2.17925,0.0028967443,
2.1795,-0.0022662387,
2.17975,0.0034075654,
2.18,0.0087376721,
2.18025,0.0104351360,
2.1805,0.0018739713,
2.18075,-0.0034530112,
2.181,0.0107637253,
2.18125,0.0001735599,
2.1815,-0.0020566499,
2.18175,0.0046625175,
2.182,0.0051644370,
2.18225,0.0163405426,
2.1825,0.0081181172,
2.18275,-0.0002110674,
2.183,0.0018158414,
2.18325,0.0057139499,
2.1835,0.0041251546,
2.18375,0.0015153335,
2.184,0.0014173967,
2.18425,-0.0000332069,
2.1845,0.0068479865,
2.18475,-0.0091655264,
2.185,-0.0045412821,
2.18525,0.0077028777,
2.1855,0.0066748727,
2.18575,0.0030635553,
2.186,-0.0099922847,
2.18625,0.0024796461,
2.1865,0.0091917608,
2.18675,-0.0035845533,
2.187,0.0003805339,
2.18725,0.0064833113,
2.1875,0.0065016323,
2.18775,0.0008450969,
2.188,-0.0024920960,
2.18825,-0.0017390131,
2.1885,0.0102668758,
2.18875,0.0001049473,
2.189,-0.0038481308,
2.18925,0.0055750362,
2.1895,0.0043755658,
2.18975,0.0022659027,
2.19,0.0071062595,
2.19025,0.0004495470,
2.1905,0.0063351877,
2.19075,0.0131313950,
2.191,-0.0005020941,
2.19125,0.0016459073,
2.1915,0.0044914610,
2.19175,0.0053546461,
2.192,0.0094285952,
2.19225,-0.0021118273,
2.1925,0.0040975530,
2.19275,0.0084835142,
2.193,0.0012619935,
2.19325,-0.0012935139,
2.1935,0.0001870929,
2.19375,0.0069460981,
2.194,0.0120346677,
2.19425,-0.0003257201,
2.1945,-0.0068643480,
2.19475,0.0094681457,
2.195,0.0065626120,
2.19525,-0.0018187439,
2.1955,0.0009132485,
2.19575,-0.0015414598,
2.196,0.0089244051,
2.19625,0.0019660834,
2.1965,-0.0079292525,
2.19675,0.0060359165,
2.197,0.0090710707,
2.19725,0.0011271925,
2.1975,-0.0009888716,
2.19775,0.0008236188,
2.198,0.0028118314,
2.19825,0.0007778250,
2.1985,-0.0062564397,
2.19875,-0.0055594463,
2.199,0.0081646163,
2.19925,0.0001857680,
2.1995,-0.0002986360,
2.19975,-0.0019378401,
2.2,-0.0045990101,
2.20025,0.0086547425,
2.2005,-0.0023292489,
2.20075,-0.0058472427,
2.201,0.0032133828,
2.20125,0.0015846138,
2.2015,0.0032665927,
2.20175,-0.0069200336,
2.202,-0.0055932971,
2.20225,0.0071619493,
2.2025,0.0068306760,
2.20275,-0.0087981280,
2.203,-0.0025726962,
2.20325,0.0108396811,
2.2035,0.0006778871,
2.20375,-0.0088489046,
2.204,-0.0047731502,
2.20425,0.0017451185,
2.2045,0.0014160877,
2.20475,-0.0047512664,
2.205,-0.0038312622,
2.20525,0.0049481317,
2.2055,0.0004100566,
2.20575,-0.0050658090,
2.206,-0.0026519680,
2.20625,0.0030435789,
2.2065,-0.0001140533,
2.20675,-0.0010430093,
2.207,0.0024720370,
2.20725,-0.0062976941,
2.2075,0.0086935973,
2.20775,0.0058070561,
2.208,-0.0051446576,
2.20825,-0.0012453239,
2.2085,0.0002265784,
2.20875,0.0014708732,
2.209,-0.0018912966,
2.20925,-0.0043480117,
2.2095,0.0009167036,
2.20975,0.0089375107,
2.21,-0.0053718989,
2.21025,-0.0095385136,
2.2105,0.0055770534,
2.21075,0.0043359702,
2.211,0.0024483847,
2.21125,-0.0076921266,
2.2115,-0.0035290727,
2.21175,0.0130594615,
2.212,-0.0007007493,
2.21225,-0.0104058404,
2.2125,-0.0011911665,
2.21275,0.0036402137,
2.213,0.0003390134,
2.21325,-0.0071130930,
2.2135,-0.0034151876,
2.21375,0.0057314364,
2.214,-0.0016502044,
2.21425,-0.0100996159,
2.2145,-0.0046692668,
2.21475,0.0037135687,
2.215,-0.0020570219,
2.21525,-0.0007844032,
2.2155,-0.0030026187,
2.21575,-0.0026048063,
2.216,0.0055667763,
2.21625,0.0008381654,
2.2165,-0.0005386631,
2.21675,0.0059235496,
2.217,0.0045353449,
2.21725,0.0017624988,
2.2175,-0.0025595534,
2.21775,-0.0036006239,
2.218,0.0044589499,
2.21825,0.0082200598,
2.2185,-0.0055169552,
2.21875,-0.0022541708,
2.219,0.0055764839,
2.21925,0.0040799025,
2.2195,0.0000717096,
2.21975,-0.0037111200,
2.22,0.0065153651,
2.22025,0.0119146165,
2.2205,-0.0005978789,
2.22075,-0.0058801449,
2.221,0.0067884978,
2.22125,0.0039205169,
2.2215,0.0002683465,
2.22175,-0.0057777474,
2.222,0.0002121100,
2.22225,0.0063577453,
2.2225,-0.0040833987,
2.22275,-0.0058406005,
2.223,0.0012575104,
2.22325,0.0000296510,
2.2235,-0.0020934874,
2.22375,-0.0038310853,
2.224,-0.0042960774,
2.22425,-0.0016073796,
2.2245,0.0016639730,
2.22475,-0.0054401485,
2.225,-0.0031151108,
2.22525,-0.0030439848,
2.2255,-0.0052753785,
2.22575,-0.0000958708,
2.226,-0.0088159451,
2.22625,-0.0050233603,
2.2265,0.0030432723,
2.22675,-0.0059367418,
2.227,-0.0087939501,
2.22725,-0.0039505512,
2.2275,0.0019071996,
2.22775,0.0002103505,
2.228,-0.0054566492,
2.22825,-0.0062594102,
2.2285,0.0063779084,
2.22875,0.0050031887,
2.229,-0.0065077888,
2.22925,-0.0018464233,
2.2295,-0.0016417580,
2.22975,0.0027783508,
2.23,-0.0017599850,
2.23025,-0.0059349695,
2.2305,0.0076030418,
2.23075,0.0036780960,
2.231,-0.0015354927,
2.23125,-0.0040565054,
2.2315,0.0023767746,
2.23175,0.0061240671,
2.232,0.0019378657,
2.23225,0.0005920056,
2.2325,0.0023958203,
2.23275,0.0055278302,
2.233,0.0042683352,
2.23325,0.0052887052,
2.2335,0.0028557591,
2.23375,0.0066871885,
2.234,0.0084030610,
2.23425,-0.0004739049,
2.2345,0.0000649730,
2.23475,0.0060417401,
2.235,0.0084697353,
2.23525,0.0045366040,
2.2355,-0.0035403348,
2.23575,0.0054391483,
2.236,0.0168360416,
2.23625,0.0003922982,
2.2365,-0.0043269377,
2.23675,0.0116985068,
2.237,0.0116807539,
2.23725,0.0032040551,
2.2375,-0.0064427429,
2.23775,0.0028461812,
2.238,0.0077618072,
2.23825,-0.0010157812,
2.2385,-0.0021610877,
2.23875,0.0060231825,
2.239,0.0079469169,
2.23925,-0.0005373955,
2.2395,0.0030676522,
2.23975,-0.0019323467,
2.24,0.0001924355,
2.24025,0.0045849853,
2.2405,-0.0018397864,
2.24075,-0.0013093026,
2.241,-0.0036415369,
2.24125,-0.0018941384,
2.2415,0.0029965644,
2.24175,-0.0040726312,
2.242,-0.0034390045,
2.24225,0.0036460785,
2.2425,-0.0026771738,
2.24275,-0.0077253818,
2.243,-0.0042358418,
2.24325,-0.0011747461,
2.2435,0.0054338137,
2.24375,-0.0053188908,
2.244,-0.0027546564,
2.24425,0.0124679953,
2.2445,0.0016370775,
2.24475,-0.0035273652,
2.245,-0.0018150773,
2.24525,0.0076575861,
2.2455,0.0075649559,
2.24575,-0.0021264225,
2.246,-0.0051143337,
2.24625,0.0035711178,
2.2465,0.0036186916,
2.24675,-0.0032595354,
2.247,0.0039191600,
2.24725,0.0061901361,
2.2475,0.0078199767,
2.24775,0.0119219292,
2.248,-0.0036866805,
2.24825,0.0057319049,
2.2485,0.0098403441,
2.24875,0.0044179391,
2.249,0.0095499447,
2.24925,0.0047213631,
2.2495,0.0056658457,
2.24975,0.0086398246,
2.25,-0.0012518652,
2.25025,-0.0012470961,
2.2505,0.0106873605,
2.25075,0.0060401894,
2.251,0.0022016177,
2.25125,0.0032379986,
2.2515,0.0028064316,
2.25175,0.0074265841,
2.252,0.0016233071,
2.25225,-0.0038093580,
2.2525,0.0047857082,
2.25275,0.0072566839,
2.253,-0.0000696214,
2.25325,-0.0086759860,
2.2535,0.0007342361,
2.25375,0.0075913197,
2.254,-0.0018014896,
2.25425,-0.0051734662,
2.2545,-0.0062229652,
2.25475,-0.0020329666,
2.255,-0.0062310658,
2.25525,-0.0160899553,
2.2555,-0.0043247631,
2.25575,0.0013260697,
2.256,-0.0032641995,
2.25625,-0.0084683150,
2.2565,-0.0022471598,
2.25675,-0.0017992139,
2.257,-0.0027005374,
2.25725,-0.0015179591,
2.2575,-0.0078349067,
2.25775,-0.0053161746,
2.258,-0.0022140229,
2.25825,-0.0063019171,
2.2585,-0.0076216408,
2.25875,-0.0082120290,
2.259,-0.0054975748,
2.25925,0.0004668971,
2.2595,-0.0041731172,
2.25975,-0.0031729857,
2.26,0.0030888771,
2.26025,0.0006528918,
2.2605,-0.0034319374,
2.26075,-0.0093319388,
2.261,0.0032064128,
2.26125,0.0064688670,
2.2615,-0.0054601310,
2.26175,-0.0049129506,
2.262,0.0008739807,
2.26225,0.0035400724,
2.2625,-0.0041360133,
2.26275,-0.0047323811,
2.263,-0.0001093319,
2.26325,0.0056017167,
2.2635,-0.0038226331,
2.26375,-0.0080990503,
2.264,0.0027175536,
2.26425,0.0019894962,
2.2645,-0.0008671894,
2.26475,-0.0017875254,
2.265,-0.0020850368,
2.26525,-0.0021365951,
2.2655,-0.0024396610,
2.26575,-0.0073992796,
2.266,-0.0081493724,
2.26625,-0.0033563820,
2.2665,-0.0028797435,
2.26675,-0.0026431084,
2.267,-0.0088088019,
2.26725,-0.0045946399,
2.2675,-0.0026599197,
2.26775,0.0007000592,
2.268,-0.0116046127,
2.26825,-0.0106019378,
2.2685,0.0053941691,
2.26875,-0.0074299211,
2.269,-0.0138421115,
2.26925,-0.0067060995,
2.2695,0.0029128862,
2.26975,0.0006854407,
2.27,-0.0149171893,
2.27025,-0.0062741009,
2.2705,0.0070659933,
2.27075,-0.0058228127,
2.271,-0.0131404996,
2.27125,-0.0078302789,
2.2715,-0.0002807286,
2.27175,-0.0044664512,
2.272,-0.0102103762,
2.27225,-0.0056545441,
2.2725,0.0034096607,
2.27275,-0.0039842399,
2.273,-0.0080854315,
2.27325,0.0026928894,
2.2735,-0.0054338891,
2.27375,-0.0035228762,
2.274,0.0009474623,
2.27425,-0.0070825028,
2.2745,-0.0063985381,
2.27475,-0.0021473910,
2.275,0.0013445492,
2.27525,-0.0016268580,
2.2755,-0.0015961004,
2.27575,-0.0032723111,
2.276,0.0040655648,
2.27625,0.0016644382,
2.2765,-0.0092582535,
2.27675,0.0092162732,
2.277,0.0108513236,
2.27725,-0.0015140055,
2.2775,-0.0056859311,
2.27775,0.0002881106,
2.278,0.0088456264,
2.27825,-0.0016054477,
2.2785,-0.0049165473,
2.27875,0.0022669951,
2.279,0.0074203033,
2.27925,-0.0014017388,
2.2795,-0.0091056693,
2.27975,-0.0034380569,
2.28,0.0058183977,
2.28025,0.0007033849,
2.2805,-0.0047607077,
2.28075,0.0005934454,
2.281,-0.0001012686,
2.28125,0.0016981409,
2.2815,-0.0062657776,
2.28175,-0.0073337364,
2.282,0.0013614026,
2.28225,-0.0033795636,
2.2825,0.0004311247,
2.28275,-0.0057834988,
2.283,-0.0058336640,
2.28325,0.0031072469,
2.2835,-0.0054320442,
2.28375,-0.0046730177,
2.284,-0.0005438146,
2.28425,-0.0031223858,
2.2845,0.0033243680,
2.28475,-0.0045677982,
2.285,-0.0062729251,
2.28525,0.0058085173,
2.2855,0.0020470663,
2.28575,-0.0083017461,
2.286,-0.0098637491,
2.28625,0.0042441702,
2.2865,0.0036221812,
2.28675,0.0018141768,
2.287,-0.0022287518,
2.28725,0.0044557783,
2.2875,0.0097676823,
2.28775,-0.0058255019,
2.288,-0.0032835535,
2.28825,0.0044862954,
2.2885,0.0029279739,
2.28875,-0.0012934454,
2.289,-0.0036858509,
2.28925,-0.0003354597,
2.2895,0.0046722223,
2.28975,0.0009102129,
2.29,-0.0040218947,
2.29025,0.0037981942,
2.2905,0.0052538235,
2.29075,0.0067447256,
2.291,0.0046186624,
2.29125,-0.0051923795,
2.2915,0.0019476912,
2.29175,0.0023687286,
2.292,-0.0028589440,
2.29225,0.0005889472,
2.2925,0.0020654369,
2.29275,0.0022350729,
2.293,0.0033824500,
2.29325,-0.0064966222,
2.2935,-0.0020255670,
2.29375,0.0087056290,
2.294,0.0057077976,
2.29425,-0.0011169804,
2.2945,-0.0039033699,
2.29475,0.0064976476,
2.295,0.0021913215,
2.29525,-0.0019290047,
2.2955,-0.0008678236,
2.29575,0.0058856504,
2.296,0.0074300687,
2.29625,-0.0062608183,
2.2965,-0.0057965429,
2.29675,0.0032895603,
2.297,0.0062027271,
2.29725,0.0016077579,
2.2975,-0.0053873840,
2.29775,0.0036862348,
2.298,0.0041784891,
2.29825,-0.0020914956,
2.2985,-0.0003496831,
2.29875,-0.0031312450,
2.299,0.0076625077,
2.29925,0.0068470687,
2.2995,0.0006351058,
2.29975,0.0016727657,
2.3,0.0025480469,
2.30025,0.0086678201,
2.3005,0.0032738366,
2.30075,0.0049748691,
2.301,0.0019465589,
2.30125,0.0088476501,
2.3015,0.0065478720,
2.30175,-0.0082549509,
2.302,0.0065089487,
2.30225,0.0116814384,
2.3025,0.0070974375,
2.30275,-0.0048134699,
2.303,-0.0034319793,
2.30325,0.0107188569,
2.3035,0.0048702182,
2.30375,-0.0041012261,
2.304,-0.0017557568,
2.30425,0.0143458610,
2.3045,0.0016416635,
2.30475,-0.0063135386,
2.305,0.0033193061,
2.30525,0.0077588069,
2.3055,0.0074163582,
2.30575,0.0006974792,
2.306,0.0032363897,
2.30625,0.0036954223,
2.3065,-0.0001728175,
2.30675,-0.0027372255,
2.307,-0.0000239670,
2.30725,0.0022074792,
2.3075,0.0042026332,
2.30775,0.0071131187,
2.308,-0.0030477054,
2.30825,-0.0081019616,
2.3085,0.0015964998,
2.30875,0.0052391761,
2.309,-0.0017368520,
2.30925,-0.0029028754,
2.3095,0.0005694464,
2.30975,0.0055605215,
2.31,-0.0040094084,
2.31025,-0.0105781741,
2.3105,0.0057318658,
2.31075,0.0116212489,
2.311,-0.0037524179,
2.31125,-0.0137601085,
2.3115,-0.0004111466,
2.31175,0.0094775772,
2.312,-0.0006639856,
2.31225,-0.0075995866,
2.3125,-0.0002166787,
2.31275,0.0053428356,
2.313,-0.0039736335,
2.31325,-0.0050644041,
2.3135,0.0000413973,
2.31375,0.0059489021,
2.314,0.0025725365,
2.31425,-0.0065920828,
2.3145,0.0001065470,
2.31475,0.0023342608,
2.315,0.0034551122,
2.31525,-0.0010865749,
2.3155,-0.0028493165,
2.31575,0.0042036148,
2.316,0.0028140559,
2.31625,0.0046469774,
2.3165,-0.0029396380,
2.31675,-0.0007126793,
2.317,0.0092183882,
2.31725,0.0046540499,
2.3175,-0.0005105615,
2.31775,-0.0011290368,
2.318,0.0026734124,
2.31825,0.0057023019,
2.3185,-0.0037800674,
2.31875,-0.0076885172,
2.319,0.0057688719,
2.31925,0.0091135148,
2.3195,-0.0034054224,
2.31975,-0.0049727680,
2.32,0.0051634246,
2.32025,0.0078834891,
2.3205,-0.0006302265,
2.32075,-0.0129278619,
2.321,0.0015184610,
2.32125,0.0078255394,
2.3215,-0.0049111340,
2.32175,-0.0039374470,
2.322,-0.0023625889,
2.32225,-0.0003855070,
2.3225,-0.0047540073,
2.32275,-0.0113659184,
2.323,-0.0047002318,
2.32325,-0.0005424661,
2.3235,-0.0034317058,
2.32375,-0.0104545997,
2.324,-0.0065497286,
2.32425,-0.0054226685,
2.3245,-0.0003407111,
2.32475,0.0028060072,
2.325,-0.0075574662,
2.32525,0.0007199580,
2.3255,0.0010947641,
2.32575,-0.0070177633,
2.326,-0.0068134563,
2.32625,-0.0032764864,
2.3265,0.0039336751,
2.32675,0.0052411957,
2.327,-0.0053454931,
2.32725,-0.0081152832,
2.3275,0.0063680480,
2.32775,0.0047379439,
2.328,-0.0042918725,
2.32825,-0.0010775480,
2.3285,0.0077537750,
2.32875,0.0072671445,
2.329,-0.0025773153,
2.32925,-0.0067896214,
2.3295,0.0027870410,
2.32975,0.0056037381,
2.33,-0.0040678289,
2.33025,-0.0060007977,
2.3305,-0.0000178163,
2.33075,0.0043422142,
2.331,-0.0006928083,
2.33125,-0.0056491978,
2.3315,0.0014226098,
2.33175,0.0033595043,
2.332,-0.0022981351,
2.33225,-0.0025856926,
2.3325,-0.0045174975,
2.33275,-0.0031835295,
2.333,0.0033655516,
2.33325,-0.0051857606,
2.3335,-0.0046553919,
2.33375,0.0023464847,
2.334,0.0006109119,
2.33425,0.0029736024,
2.3345,-0.0049330662,
2.33475,-0.0034229828,
2.335,0.0048904498,
2.33525,0.0033478953,
2.3355,-0.0115317628,
2.33575,-0.0038148686,
2.336,0.0106610125,
2.33625,0.0039757141,
2.3365,-0.0083736684,
2.33675,-0.0094713513,
2.337,0.0155245848,
2.33725,0.0014705845,
2.3375,-0.0095477691,
2.33775,-0.0029249911,
2.338,0.0046753236,
2.33825,0.0050712619,
2.3385,-0.0079109743,
2.33875,-0.0037908657,
2.339,0.0087171607,
2.33925,-0.0000545837,
2.3395,-0.0060550347,
2.33975,0.0012328795,
2.34,-0.0004198219,
2.34025,-0.0018479833,
2.3405,0.0021907326,
2.34075,0.0003656255,
2.341,-0.0036286691,
2.34125,0.0013324140,
2.3415,0.0048284894,
2.34175,0.0000947399,
2.342,-0.0057942518,
2.34225,-0.0043899193,
2.3425,0.0094002895,
2.34275,-0.0051016444,
2.343,-0.0111777224,
2.34325,0.0056403931,
2.3435,0.0062742899,
2.34375,-0.0006562802,
2.344,-0.0080179600,
2.34425,0.0045423931,
2.3445,0.0174946468,
2.34475,-0.0006875645,
2.345,-0.0109544583,
2.34525,0.0070107244,
2.3455,0.0101929670,
2.34575,-0.0028751120,
2.346,-0.0028605410,
2.34625,0.0013645726,
2.3465,0.0058003142,
2.34675,0.0015657132,
2.347,-0.0054345983,
2.34725,0.0039308462,
2.3475,0.0099086957,
2.34775,0.0018678545,
2.348,0.0046070185,
2.34825,0.0036665716,
2.3485,0.0016647474,
2.34875,0.0086154081,
2.349,0.0011602838,
2.34925,-0.0013932883,
2.3495,0.0011280393,
2.34975,0.0044472497,
2.35,0.0085882638,
2.35025,-0.0021130727,
2.3505,-0.0037526628,
2.35075,0.0072255172,
2.351,0.0014147838,
2.35125,-0.0028484429,
2.3515,0.0026502451,
2.35175,0.0054050125,
2.352,0.0091841891,
2.35225,-0.0014523047,
2.3525,-0.0062894262,
2.35275,0.0152156046,
2.353,0.0121090151,
2.35325,-0.0008086378,
2.3535,0.0008691644,
2.35375,0.0098481504,
2.354,0.0092023192,
2.35425,0.0035222599,
2.3545,-0.0044380915,
2.35475,0.0039759148,
2.355,0.0082692960,
2.35525,-0.0045733685,
2.3555,0.0014903581,
2.35575,0.0062306686,
2.356,0.0075555230,
2.35625,0.0029468199,
2.3565,-0.0005309095,
2.35675,0.0048431559,
2.357,0.0077622458,
2.35725,0.0079563325,
2.3575,0.0067661558,
2.35775,0.0020451341,
2.358,0.0042531961,
2.35825,0.0064333268,
2.3585,0.0038175553,
2.35875,0.0020350933,
2.359,0.0041235993,
2.35925,0.0050514340,
2.3595,0.0038332297,
2.35975,-0.0009424536,
2.36,0.0005165771,
2.36025,0.0112100635,
2.3605,0.0026472399,
2.36075,-0.0080804192,
2.361,0.0019877721,
2.36125,0.0038868426,
2.3615,0.0049850461,
2.36175,-0.0018237829,
2.362,-0.0033537287,
2.36225,0.0088490238,
2.3625,0.0033199028,
2.36275,-0.0068902806,
2.363,-0.0027327826,
2.36325,0.0025852851,
2.3635,-0.0015016505,
2.36375,-0.0028054486,
2.364,-0.0081070755,
2.36425,0.0000637778,
2.3645,0.0033212057,
2.36475,-0.0077235373,
2.365,-0.0038948627,
2.36525,-0.0031165839,
2.3655,-0.0045244638,
2.36575,-0.0008756762,
2.366,-0.0051877955,
2.36625,-0.0048048422,
2.3665,0.0042535285,
2.36675,0.0002130949,
2.367,-0.0059823170,
2.36725,-0.0008354450,
2.3675,-0.0054706424,
2.36775,0.0089174546,
2.368,0.0022609208,
2.36825,-0.0081772022,
2.3685,0.0041049067,
2.36875,0.0033979767,
2.369,-0.0006725264,
2.36925,-0.0056024827,
2.3695,0.0015407818,
2.36975,0.0090801008,
2.37,-0.0007649221,
2.37025,-0.0131741520,
2.3705,0.0031227826,
2.37075,0.0093453480,
2.371,-0.0015362101,
2.37125,-0.0027298185,
2.3715,0.0023488847,
2.37175,0.0056341873,
2.372,-0.0006742737,
2.37225,-0.0027008241,
2.3725,0.0041315341,
2.37275,0.0067828270,
2.373,-0.0013717107,
2.37325,-0.0009892944,
2.3735,0.0023881753,
2.37375,-0.0018420895,
2.374,-0.0008197108,
2.37425,0.0040304302,
2.3745,-0.0008561413,
2.37475,-0.0029724592,
2.375,0.0067795906,
2.37525,0.0008689743,
2.3755,-0.0070258798,
2.37575,-0.0050606588,
2.376,-0.0015612112,
2.37625,0.0035677154,
2.3765,-0.0050717522,
2.37675,-0.0092901373,
2.377,0.0050193714,
2.37725,0.0018050686,
2.3775,-0.0168309063,
2.37775,-0.0082344851,
2.378,0.0029268702,
2.37825,-0.0038350092,
2.3785,-0.0070176776,
2.37875,-0.0073369015,
2.379,-0.0005281370,
2.37925,-0.0014973596,
2.3795,-0.0152997160,
2.37975,-0.0137744956,
2.38,-0.0023640280,
2.38025,-0.0084526539,
2.3805,-0.0106515493,
2.38075,-0.0049520242,
2.381,-0.0100668017,
2.38125,-0.0024648216,
2.3815,-0.0026470537,
2.38175,-0.0099645136,
2.382,-0.0011957590,
2.38225,-0.0050870427,
2.3825,-0.0025329548,
2.38275,-0.0046080579,
2.383,-0.0111511340,
2.38325,-0.0004837480,
2.3835,0.0040585613,
2.38375,-0.0034661330,
2.384,-0.0055520581,
2.38425,0.0009796363,
2.3845,0.0027056667,
2.38475,-0.0003960678,
2.385,-0.0015175744,
2.38525,0.0030531592,
2.3855,0.0121486802,
2.38575,-0.0008360961,
2.386,-0.0076139164,
2.38625,0.0040359632,
2.3865,0.0077785994,
2.38675,0.0042824158,
2.387,-0.0011788059,
2.38725,0.0056186542,
2.3875,0.0068477616,
2.38775,0.0045403708,
2.388,-0.0039243894,
2.38825,0.0019098632,
2.3885,0.0082918676,
2.38875,-0.0002557411,
2.389,-0.0033722946,
2.38925,-0.0033950238,
2.3895,0.0026500493,
2.38975,0.0006245575,
2.39,-0.0047035599,
2.39025,-0.0008909386,
2.3905,-0.0056828801,
2.39075,-0.0026029232,
2.391,-0.0014535432,
2.39125,-0.0088896351,
2.3915,-0.0067443918,
2.39175,-0.0008475126,
2.392,-0.0051502837,
2.39225,-0.0078021274,
2.3925,-0.0035740929,
2.39275,-0.0056206780,
2.393,-0.0021151968,
2.39325,-0.0086820265,
2.3935,-0.0122437766,
2.39375,-0.0006064475,
2.394,0.0030353758,
2.39425,-0.0084603988,
2.3945,-0.0066408943,
2.39475,0.0032394994,
2.395,-0.0011070424,
2.39525,-0.0023998369,
2.3955,-0.0065098321,
2.39575,-0.0045601116,
2.396,0.0035501150,
2.39625,-0.0055903196,
2.3965,-0.0104228966,
2.39675,-0.0016118541,
2.397,-0.0004717386,
2.39725,-0.0020504473,
2.3975,-0.0009428153,
2.39775,-0.0023440067,
2.398,0.0074520949,
2.39825,0.0022670156,
2.3985,-0.0046876851,
2.39875,-0.0015460070,
2.399,0.0015980295,
2.39925,0.0063433768,
2.3995,0.0022109740,
2.39975,0.0018391752,
2.4,0.0009082206,
2.40025,0.0027389114,
2.4005,-0.0012306070,
2.40075,-0.0044283331,
2.401,0.0050367559,
2.40125,0.0015423041,
2.4015,0.0050452203,
2.40175,-0.0025966903,
2.402,-0.0055081467,
2.40225,0.0094240215,
2.4025,0.0073763272,
2.40275,-0.0036800348,
2.403,-0.0024927009,
2.40325,0.0082601961,
2.4035,0.0034574252,
2.40375,-0.0033456180,
2.404,-0.0045926087,
2.40425,0.0054895161,
2.4045,0.0057999515,
2.40475,-0.0064615631,
2.405,-0.0067079444,
2.40525,0.0056198169,
2.4055,0.0040555033,
2.40575,-0.0033831734,
2.406,-0.0008192830,
2.40625,0.0030225236,
2.4065,-0.0017152993,
2.40675,-0.0038618012,
2.407,0.0004855714,
2.40725,-0.0011241653,
2.4075,0.0039747912,
2.40775,0.0041677938,
2.408,-0.0000336567,
2.40825,-0.0029326202,
2.4085,-0.0007638594,
2.40875,0.0025102748,
2.409,0.0011598987,
2.40925,0.0003836665,
2.4095,0.0019035388,
2.40975,0.0071876179,
2.41,-0.0021583748,
2.41025,-0.0069730473,
2.4105,0.0048704739,
2.41075,0.0111902803,
2.411,0.0036203188,
2.41125,-0.0101174591,
2.4115,0.0029143901,
2.41175,0.0082749445,
2.412,-0.0020592306,
2.41225,-0.0000931744,
2.4125,0.0033713775,
2.41275,0.0076842639,
2.413,0.0033965688,
2.41325,-0.0041242763,
2.4135,0.0013672821,
2.41375,0.0101825632,
2.414,0.0018134738,
2.41425,-0.0004851171,
2.4145,0.0055008186,
2.41475,0.0016732899,
2.415,0.0079963366,
2.41525,0.0077712950,
2.4155,-0.0047148806,
2.41575,0.0045773652,
2.416,0.0062162140,
2.41625,-0.0021500229,
2.4165,0.0010794981,
2.41675,0.0000149267,
2.417,0.0016222200,
2.41725,0.0049163736,
2.4175,-0.0054991008,
2.41775,-0.0035304883,
2.418,0.0109010171,
2.41825,0.0018024300,
2.4185,0.0008826557,
2.41875,0.0030179089,
2.419,0.0021762387,
2.41925,0.0091078607,
2.4195,-0.0035595745,
2.41975,-0.0103914421,
2.42,0.0068569565,
2.42025,0.0067278259,
2.4205,0.0002693354,
2.42075,-0.0014517622,
2.421,-0.0001247911,
2.42125,0.0023013211,
2.4215,0.0015808605,
2.42175,-0.0062392908,
2.422,0.0009480229,
2.42225,0.0098643024,
2.4225,-0.0056858868,
2.42275,-0.0037447070,
2.423,-0.0030893711,
2.42325,0.0013680592,
2.4235,0.0031434353,
2.42375,-0.0037505503,
2.424,-0.0028042733,
2.42425,0.0010552101,
2.4245,0.0025049853,
2.42475,-0.0022494681,
2.425,-0.0038563791,
2.42525,-0.0017526138,
2.4255,0.0009694324,
2.42575,-0.0032077939,
2.426,-0.0066651003,
2.42625,-0.0001708434,
2.4265,0.0011262468,
2.42675,0.0003238985,
2.427,-0.0071095559,
2.42725,-0.0072407741,
2.4275,0.0042637493,
2.42775,-0.0000493984,
2.428,-0.0068647256,
2.42825,-0.0047243168,
2.4285,0.0015505091,
2.42875,0.0003780398,
2.429,-0.0078500817,
2.42925,-0.0093844887,
2.4295,-0.0002457648,
2.42975,0.0023089594,
2.43,-0.0028391681,
2.43025,-0.0069632968,
2.4305,0.0004121192,
2.43075,0.0020557635,
2.431,-0.0049025919,
2.43125,-0.0076375320,
2.4315,-0.0019587788,
2.43175,-0.0007870107,
2.432,-0.0048486008,
2.43225,-0.0042369724,
2.4325,-0.0071034394,
2.43275,-0.0020770689,
2.433,-0.0018872488,
2.43325,-0.0095354179,
2.4335,-0.0048619644,
2.43375,-0.0024859020,
2.434,-0.0006981001,
2.43425,0.0022703772,
2.4345,-0.0055736862,
2.43475,-0.0056850095,
2.435,0.0058327094,
2.43525,-0.0025245091,
2.4355,-0.0102380961,
2.43575,0.0010852619,
2.436,0.0024625366,
2.43625,0.0027000927,
2.4365,-0.0122018438,
2.43675,-0.0122812958,
2.437,0.0092915250,
2.43725,0.0045397766,
2.4375,-0.0096564516,
2.43775,-0.0021797998,
2.438,0.0070467778,
2.43825,-0.0024279640,
2.4385,-0.0053935219,
2.43875,-0.0032006809,
2.439,0.0037308175,
2.43925,0.0073052752,
2.4395,-0.0044956580,
2.43975,-0.0040808562,
2.44,0.0021427588,
2.44025,-0.0019623833,
2.4405,-0.0022490867,
2.44075,0.0002014128,
2.441,-0.0065758470,
2.44125,0.0001578608,
2.4415,0.0030539273,
2.44175,-0.0050494634,
2.442,-0.0038356665,
2.44225,0.0008155098,
2.4425,0.0053925538,
2.44275,-0.0013262826,
2.443,-0.0087154265,
2.44325,0.0013467566,
2.4435,0.0095162280,
2.44375,-0.0029587075,
2.444,-0.0079552941,
2.44425,0.0042180386,
2.4445,0.0090186223,
2.44475,-0.0028687664,
2.445,-0.0129743619,
2.44525,0.0057444447,
2.4455,0.0109618865,
2.44575,-0.0045757680,
2.446,-0.0093573444,
2.44625,-0.0027819658,
2.4465,0.0017178336,
2.44675,-0.0024662381,
2.447,-0.0075325649,
2.44725,-0.0054838457,
2.4475,0.0062604416,
2.44775,-0.0029476769,
2.448,-0.0066583953,
2.44825,-0.0011903562,
2.4485,-0.0013555773,
2.44875,0.0023020192,
2.449,0.0000287819,
2.44925,-0.0078361817,
2.4495,-0.0031606548,
2.44975,0.0018853646,
2.45,-0.0007481423,
2.45025,-0.0026078811,
2.4505,-0.0032525298,
2.45075,0.0019954862,
2.451,0.0043157777,
2.45125,-0.0027575204,
2.4515,-0.0013453867,
2.45175,0.0047081150,
2.452,0.0080977716,
2.45225,-0.0026369581,
2.4525,-0.0094887661,
2.45275,0.0055482723,
2.453,0.0125304665,
2.45325,-0.0027029854,
2.4535,-0.0060485541,
2.45375,0.0081602074,
2.454,0.0083304988,
2.45425,0.0012990027,
2.4545,-0.0039857933,
2.45475,0.0023928655,
2.455,0.0098664239,
2.45525,-0.0027816682,
2.4555,-0.0068289530,
2.45575,0.0066868151,
2.456,0.0062134890,
2.45625,0.0016720606,
2.4565,0.0018611194,
2.45675,-0.0019075448,
2.457,0.0035414328,
2.45725,0.0067469203,
2.4575,0.0010152410,
2.45775,0.0027322383,
2.458,-0.0026816314,
2.45825,0.0062598996,
2.4585,0.0043058777,
2.45875,-0.0054768529,
2.459,0.0080133993,
2.45925,0.0087190932,
2.4595,0.0017962807,
2.45975,-0.0020713047,
2.46,-0.0023027000,
2.46025,0.0018353094,
2.4605,0.0076910025,
2.46075,-0.0052919001,
2.461,-0.0034818568,
2.46125,0.0132419188,
2.4615,0.0034525036,
2.46175,-0.0003803055,
2.462,-0.0006799825,
2.46225,0.0026488723,
2.4625,0.0087635051,
2.46275,-0.0008965635,
2.463,-0.0082149794,
2.46325,0.0070809908,
2.4635,0.0069130999,
2.46375,-0.0025919520,
2.464,-0.0023558256,
2.46425,0.0043000276,
2.4645,0.0115815913,
2.46475,0.0036407204,
2.465,-0.0021184627,
2.46525,0.0032826096,
2.4655,0.0059619406,
2.46575,0.0043681199,
2.466,0.0045402544,
2.46625,0.0019794547,
2.4665,0.0044236421,
2.46675,0.0095632616,
2.467,0.0029720340,
2.46725,-0.0015525599,
2.4675,0.0050137527,
2.46775,0.0020115045,
2.468,0.0069759069,
2.46825,-0.0011778884,
2.4685,-0.0019081774,
2.46875,0.0136666233,
2.469,0.0101731978,
2.46925,-0.0022692245,
2.4695,-0.0008290865,
2.46975,0.0163766257,
2.47,0.0053132460,
2.47025,-0.0020054986,
2.4705,-0.0004121390,
2.47075,0.0053055715,
2.471,0.0088575864,
2.47125,-0.0045588338,
2.4715,-0.0025876684,
2.47175,0.0135862511,
2.472,0.0057998737,
2.47225,-0.0004933110,
2.4725,0.0008361023,
2.47275,0.0074002892,
2.473,0.0065565626,
2.47325,0.0011663603,
2.4735,-0.0037908982,
2.47375,-0.0005702859,
2.474,0.0025186292,
2.47425,0.0059988606,
2.4745,0.0061525539,
2.47475,-0.0024308355,
2.475,0.0015924651,
2.47525,0.0086362204,
2.4755,-0.0002687669,
2.47575,-0.0008473548,
2.476,0.0032699211,
2.47625,0.0078747915,
2.4765,-0.0007394904,
2.47675,-0.0132672898,
2.477,0.0023336748,
2.47725,0.0129206851,
2.4775,0.0039440454,
2.47775,-0.0090577798,
2.478,0.0030970203,
2.47825,0.0092624463,
2.4785,-0.0017440957,
2.47875,-0.0071493913,
2.479,0.0006695531,
2.47925,0.0088535212,
2.4795,-0.0010475356,
2.47975,-0.0061563021,
2.48,-0.0016429141,
2.48025,0.0049862778,
2.4805,-0.0004118738,
2.48075,-0.0040996564,
2.481,-0.0014281229,
2.48125,0.0052797152,
2.4815,0.0021854360,
2.48175,-0.0015873064,
2.482,-0.0017403555,
2.48225,0.0000266571,
2.4825,0.0048783803,
2.48275,-0.0002476991,
2.483,-0.0033051586,
2.48325,-0.0031018138,
2.4835,0.0005975603,
2.48375,0.0023903083,
2.484,-0.0036445339,
2.48425,-0.0015213131,
2.4845,0.0022800688,
2.48475,0.0028503812,
2.485,-0.0039111334,
2.48525,-0.0061908979,
2.4855,0.0051127844,
2.48575,0.0104846051,
2.486,-0.0032344714,
2.48625,-0.0166220330,
2.4865,0.0050790226,
2.48675,0.0089419903,
2.487,-0.0035047324,
2.48725,0.0009265562,
2.4875,0.0019540023,
2.48775,0.0042506545,
2.488,-0.0049478477,
2.48825,-0.0118147507,
2.4885,0.0015307592,
2.48875,0.0038184784,
2.489,-0.0048056603,
2.48925,-0.0046115797,
2.4895,-0.0035048714,
2.48975,0.0030615083,
2.49,-0.0003839801,
2.49025,-0.0004712770,
2.4905,-0.0028755553,
2.49075,0.0026565986,
2.491,0.0033985658,
2.49125,-0.0020863966,
2.4915,-0.0017729861,
2.49175,-0.0026075474,
2.492,0.0072126691,
2.49225,-0.0000041720,
2.4925,-0.0036693609,
2.49275,0.0002983902,
2.493,0.0025742895,
2.49325,-0.0006392794,
2.4935,-0.0056887399,
2.49375,-0.0017866795,
2.494,0.0030458623,
2.49425,0.0062024714,
2.4945,-0.0071392762,
2.49475,-0.0052917353,
2.495,0.0042034728,
2.49525,0.0038135676,
2.4955,0.0013410284,
2.49575,-0.0038715780,
2.496,0.0048362785,
2.49625,0.0036852437,
2.4965,-0.0043030754,
2.49675,-0.0092959441,
2.497,0.0012877160,
2.49725,0.0059492881,
2.4975,-0.0038204340,
2.49775,-0.0048287995,
2.498,-0.0024800294,
2.49825,-0.0002990100,
2.4985,-0.0052576587,
2.49875,-0.0085968515,
2.499,-0.0040614330,
2.49925,0.0042670728,
2.4995,-0.0040864265,
2.49975,-0.0080187432,
2.5,-0.0043518413,
2.50025,-0.0066248192,
2.5005,-0.0061092130,
2.50075,-0.0030845623,
2.501,-0.0052492642,
2.50125,-0.0026828977,
2.5015,-0.0015271391,
2.50175,-0.0057828128,
2.502,-0.0089484192,
2.50225,-0.0053528049,
2.5025,0.0038828831,
2.50275,0.0051823254,
2.503,-0.0114183119,
2.50325,-0.0083169714,
2.5035,0.0077649853,
2.50375,0.0013176834,
2.504,-0.0096755140,
2.50425,0.0010879879,
2.5045,0.0051427567,
2.50475,0.0014784464,
2.505,-0.0092801694,
2.50525,-0.0039786561,
2.5055,0.0117856245,
2.50575,0.0016186909,
2.506,-0.0038145494,
2.50625,0.0029674557,
2.5065,0.0045328052,
2.50675,-0.0015278568,
2.507,0.0029215920,
2.50725,0.0020473406,
2.5075,0.0004363345,
2.50775,0.0071803671,
2.508,0.0045241038,
2.50825,0.0001649532,
2.5085,-0.0049364152,
2.50875,0.0012706092,
2.509,0.0033109626,
2.50925,-0.0002629077,
2.5095,-0.0056870473,
2.50975,0.0028708738,
2.51,0.0082284501,
2.51025,-0.0073763872,
2.5105,-0.0029479638,
2.51075,0.0106066726,
2.511,0.0117708761,
2.51125,-0.0036531037,
2.5115,-0.0052339667,
2.51175,0.0058948603,
2.512,0.0110014537,
2.51225,0.0029109893,
2.5125,-0.0045721233,
2.51275,0.0098838601,
2.513,0.0030827010,
2.51325,-0.0044042463,
2.5135,-0.0020889167,
2.51375,0.0026047162,
2.514,0.0057640723,
2.51425,-0.0017196907,
2.5145,-0.0038484195,
2.51475,-0.0014456476,
2.515,0.0042284369,
2.51525,0.0004525282,
2.5155,0.0040065264,
2.51575,-0.0009494615,
2.516,-0.0032430370,
2.51625,0.0047856644,
2.5165,-0.0041906917,
2.51675,-0.0044152616,
2.517,0.0012716580,
2.51725,-0.0022675365,
2.5175,0.0023428190,
2.51775,-0.0051271757,
2.518,-0.0048294296,
2.51825,0.0074499524,
2.5185,-0.0023156488,
2.51875,-0.0078298291,
2.519,0.0019809119,
2.51925,0.0074770264,
2.5195,0.0051820250,
2.51975,-0.0071871579,
2.52,-0.0057696779,
2.52025,0.0086982055,
2.5205,0.0080141155,
2.52075,-0.0074983165,
2.521,0.0039706668,
2.52125,0.0041904184,
2.5215,-0.0006619336,
2.52175,-0.0005928895,
2.522,-0.0028678342,
2.52225,0.0116144437,
2.5225,0.0115277255,
2.52275,0.0005055433,
2.523,0.0055377190,
2.52325,0.0109263891,
2.5235,0.0048453230,
2.52375,0.0084417928,
2.524,0.0058063697,
2.52425,-0.0009828303,
2.5245,0.0090701403,
2.52475,0.0049033919,
2.525,0.0021548194,
2.52525,0.0055016782,
2.5255,0.0069316621,
2.52575,0.0085003078,
2.526,0.0024732016,
2.52625,0.0014604817,
2.5265,0.0064458889,
2.52675,0.0120280040,
2.527,0.0005286789,
2.52725,-0.0020374423,
2.5275,0.0044003273,
2.52775,0.0081583094,
2.528,-0.0009377406,
2.52825,-0.0064827879,
2.5285,0.0062924530,
2.52875,0.0037826146,
2.529,-0.0027179867,
2.52925,-0.0071247434,
2.5295,-0.0047408156,
2.52975,0.0016775611,
2.53,-0.0026687067,
2.53025,-0.0092528872,
2.5305,-0.0041210586,
2.53075,-0.0002671078,
2.531,-0.0038139962,
2.53125,-0.0063265306,
2.5315,-0.0059875031,
2.53175,-0.0013696635,
2.532,0.0026408476,
2.53225,-0.0033741246,
2.5325,-0.0051159109,
2.53275,-0.0004407635,
2.533,-0.0022492781,
2.53325,-0.0052801888,
2.5335,-0.0061620395,
2.53375,-0.0069299974,
2.534,-0.0020169499,
2.53425,-0.0017836840,
2.5345,-0.0050018746,
2.53475,-0.0030145412,
2.535,0.0018747156,
2.53525,0.0006330037,
2.5355,0.0001897381,
2.53575,-0.0051802611,
2.536,0.0085334200,
2.53625,0.0092816800,
2.5365,-0.0085646454,
2.53675,-0.0066436171,
2.537,0.0006227795,
2.53725,0.0059493161,
2.5375,-0.0090744635,
2.53775,-0.0084920079,
2.538,0.0041408380,
2.53825,0.0020791977,
2.5385,-0.0035691354,
2.53875,-0.0034424579,
2.539,0.0049494235,
2.53925,0.0038474312,
2.5395,-0.0030189580,
2.53975,-0.0047174683,
2.54,0.0003874465,
2.54025,-0.0024841237,
2.5405,-0.0051034563,
2.54075,0.0000050316,
2.541,-0.0062071383,
2.54125,-0.0068611996,
2.5415,0.0025881303,
2.54175,-0.0037096280,
2.542,-0.0096480157,
2.54225,-0.0001775436,
2.5425,0.0009164796,
2.54275,-0.0076554660,
2.543,-0.0067067556,
2.54325,-0.0087886760,
2.5435,0.0017662565,
2.54375,0.0009447441,
2.544,-0.0130332625,
2.54425,-0.0012977156,
2.5445,0.0078302640,
2.54475,-0.0085258707,
2.545,-0.0142774591,
2.54525,-0.0030432085,
2.5455,0.0016271635,
2.54575,-0.0017797686,
2.546,-0.0103683295,
2.54625,-0.0061043454,
2.5465,0.0011670759,
2.54675,-0.0053152917,
2.547,-0.0129707120,
2.54725,-0.0069794566,
2.5475,0.0031583817,
2.54775,-0.0066388203,
2.548,-0.0075546089,
2.54825,-0.0051889853,
2.5485,-0.0056699733,
2.54875,-0.0009902084,
2.549,-0.0026028187,
2.54925,-0.0059544249,
2.5495,-0.0060331034,
2.54975,-0.0035282196,
2.55,-0.0054197782,
2.55025,-0.0022643271,
2.5505,-0.0069867023,
2.55075,-0.0029568712,
2.551,0.0038061778,
2.55125,-0.0068169320,
2.5515,-0.0060360390,
2.55175,0.0043518064,
2.552,0.0039467663,
2.55225,-0.0015808274,
2.5525,-0.0067317742,
2.55275,0.0004804216,
2.553,0.0092307609,
2.55325,-0.0029369090,
2.5535,-0.0124792019,
2.55375,0.0052724131,
2.554,0.0075023458,
2.55425,-0.0060551353,
2.5545,-0.0021221931,
2.55475,-0.0039338670,
2.555,0.0051333290,
2.55525,-0.0019097335,
2.5555,-0.0121864034,
2.55575,0.0030974364,
2.556,0.0018477640,
2.55625,-0.0047832793,
2.5565,-0.0007044191,
2.55675,-0.0077474108,
2.557,-0.0006049635,
2.55725,-0.0015259959,
2.5575,-0.0035952919,
2.55775,-0.0020355356,
2.558,-0.0026831704,
2.55825,-0.0011289268,
2.5585,0.0020187604,
2.55875,-0.0037390238,
2.559,-0.0048230845,
2.55925,0.0069232141,
2.5595,0.0000990233,
2.55975,-0.0054665301,
2.56,-0.0028562942,
2.56025,0.0020859020,
2.5605,0.0023006138,
2.56075,-0.0060149636,
2.561,-0.0093435673,
2.56125,0.0040662289,
2.5615,0.0076833763,
2.56175,-0.0090336232,
2.562,-0.0026446809,
2.56225,0.0039201472,
2.5625,-0.0024795325,
2.56275,-0.0022747838,
2.563,-0.0068530375,
2.56325,0.0008704494,
2.5635,0.0027679475,
2.56375,-0.0075861625,
2.564,-0.0045541110,
2.56425,0.0013812615,
2.5645,0.0012732362,
2.56475,0.0007848846,
2.565,-0.0034828689,
2.56525,-0.0052855723,
2.5655,-0.0006244285,
2.56575,-0.0007559325,
2.566,-0.0061710919,
2.56625,-0.0080717420,
2.5665,0.0002127025,
2.56675,0.0000815822,
2.567,-0.0009465327,
2.56725,-0.0038822675,
2.5675,0.0009117476,
2.56775,0.0054315617,
2.568,-0.0004003131,
2.56825,-0.0060134530,
2.5685,-0.0035667750,
2.56875,0.0043465700,
2.569,0.0028035033,
2.56925,-0.0027516945,
2.5695,-0.0023651228,
2.56975,0.0076099839,
2.57,0.0063805832,
2.57025,-0.0080276811,
2.5705,-0.0028113264,
2.57075,0.0055177859,
2.571,0.0032354011,
2.57125,-0.0076607708,
2.5715,-0.0061596041,
2.57175,0.0052289315,
2.572,0.0034078732,
2.57225,0.0005764581,
2.5725,0.0005244263,
2.57275,0.0108505962,
2.573,0.0074329879,
2.57325,0.0009513160,
2.5735,0.0024412940,
2.57375,-0.0015196532,
2.574,0.0063628401,
2.57425,0.0085879136,
2.5745,0.0062682712,
2.57475,0.0017914951,
2.575,0.0000065587,
2.57525,0.0079581728,
2.5755,0.0045930948,
2.57575,-0.0063105160,
2.576,0.0044559776,
2.57625,0.0118560074,
2.5765,-0.0011765878,
2.57675,-0.0040015494,
2.577,0.0054886430,
2.57725,0.0149369445,
2.5775,0.0093121836,
2.57775,-0.0077854525,
2.578,0.0009260702,
2.57825,0.0155365765,
2.5785,-0.0020688972,
2.57875,-0.0032011955,
2.579,0.0065741027,
2.57925,0.0069290064,
2.5795,0.0039509954,
2.57975,-0.0040903846,
2.58,0.0026016848,
2.58025,0.0112924911,
2.5805,0.0043653878,
2.58075,-0.0029096194,
2.581,-0.0007091680,
2.58125,0.0032854634,
2.5815,-0.0012422826,
2.58175,-0.0005307678,
2.582,-0.0013872029,
2.58225,-0.0022493347,
2.5825,0.0076442277,
2.58275,0.0035617219,
2.583,-0.0005316860,
2.58325,-0.0028869591,
2.5835,0.0041426369,
2.58375,0.0029169973,
2.584,-0.0015348534,
2.58425,-0.0018610979,
2.5845,0.0018681977,
2.58475,0.0079402681,
2.585,-0.0027123909,
2.58525,-0.0064554624,
2.5855,0.0076911389,
2.58575,0.0074899225,
2.586,-0.0019533299,
2.58625,-0.0066252714,
2.5865,0.0001169663,
2.58675,0.0132468352,
2.587,0.0026135501,
2.58725,-0.0045768735,
2.5875,0.0066469209,
2.58775,0.0103858029,
2.588,-0.0015180677,
2.58825,-0.0027473478,
2.5885,0.0052584549,
2.58875,0.0072044036,
2.589,0.0058333166,
2.58925,-0.0048321644,
2.5895,-0.0013314117,
2.58975,0.0075819804,
2.59,-0.0019497059,
2.59025,0.0007986909,
2.5905,-0.0002729953,
2.59075,0.0011658501,
2.591,0.0063171806,
2.59125,0.0047546597,
2.5915,-0.0037154476,
2.59175,0.0022610906,
2.592,0.0079476824,
2.59225,0.0036267238,
2.5925,0.0019037303,
2.59275,-0.0015154168,
2.593,0.0041080448,
2.59325,0.0035537479,
2.5935,-0.0063616866,
2.59375,-0.0064249751,
2.594,0.0043288590,
2.59425,0.0051585129,
2.5945,-0.0048925988,
2.59475,-0.0059573534,
2.595,0.0004076661,
2.59525,0.0073689967,
2.5955,-0.0005707867,
2.59575,-0.0072881337,
2.596,0.0036302258,
2.59625,0.0014303665,
2.5965,-0.0013723120,
2.59675,-0.0058405865,
2.597,-0.0023215241,
2.59725,0.0050049275,
2.5975,-0.0032859575,
2.59775,-0.0108269090,
2.598,0.0019542906,
2.59825,0.0058011007,
2.5985,-0.0020072400,
2.59875,-0.0051732743,
2.599,-0.0095797833,
2.59925,-0.0050721760,
2.5995,0.0006611406,
2.59975,-0.0033770723,
2.6,-0.0058024474,
2.60025,0.0066192653,
2.6005,0.0008102774,
2.60075,-0.0028806096,
2.601,-0.0036087208,
2.60125,-0.0050885146,
2.6015,0.0015580358,
2.60175,0.0019141771,
2.602,-0.0050473399,
2.60225,-0.0024435271,
2.6025,0.0079776803,
2.60275,0.0042361757,
2.603,-0.0048416732,
2.60325,-0.0060078693,
2.6035,0.0050120498,
2.60375,0.0072406554,
2.604,-0.0065670274,
2.60425,-0.0074342396,
2.6045,-0.0004004756,
2.60475,0.0048998231,
2.605,-0.0070480872,
2.60525,-0.0060643014,
2.6055,0.0069631692,
2.60575,0.0053280536,
2.606,-0.0017935052,
2.60625,-0.0046118628,
2.6065,0.0014054393,
2.60675,-0.0002576755,
2.607,-0.0004098206,
2.60725,-0.0038403179,
2.6075,-0.0033667004,
2.60775,-0.0004130006,
2.608,0.0039234227,
2.60825,0.0018566556,
2.6085,-0.0084081199,
2.60875,-0.0019329276,
2.609,0.0035367366,
2.60925,-0.0012588728,
2.6095,-0.0066793659,
2.60975,-0.0016320975,
2.61,0.0117660491,
2.61025,-0.0011355362,
2.6105,-0.0104646981,
2.61075,0.0006413771,
2.611,0.0130826896,
2.61125,0.0054919096,
2.6115,-0.0078863325,
2.61175,0.0009671361,
2.612,0.0127556128,
2.61225,0.0002550090,
2.6125,-0.0068967529,
2.61275,0.0025327632,
2.613,0.0034255818,
2.61325,0.0043410296,
2.6135,-0.0024432717,
2.61375,-0.0033360918,
2.614,0.0052363523,
2.61425,-0.0020296650,
2.6145,-0.0024902783,
2.61475,-0.0018195931,
2.615,0.0026899297,
2.61525,0.0066445111,
2.6155,0.0027064374,
2.61575,-0.0007419965,
2.616,-0.0028942095,
2.61625,0.0032864749,
2.6165,0.0027665913,
2.61675,-0.0069394517,
2.617,-0.0045562740,
2.61725,0.0001891455,
2.6175,-0.0007114161,
2.61775,-0.0045701726,
2.618,-0.0068373960,
2.61825,0.0013687385,
2.6185,0.0067830430,
2.61875,-0.0013335625,
2.619,-0.0065301536,
2.61925,0.0027490475,
2.6195,0.0126162283,
2.61975,-0.0023792041,
2.62,-0.0090736458,
2.62025,0.0001018847,
2.6205,0.0075657205,
2.62075,0.0008854736,
2.621,-0.0075582908,
2.62125,0.0003101586,
2.6215,0.0080367532,
2.62175,-0.0014910027,
2.622,-0.0052462639,
2.62225,0.0004586432,
2.6225,0.0056838496,
2.62275,0.0026856670,
2.623,-0.0054703383,
2.62325,0.0031990840,
2.6235,0.0042406777,
2.62375,0.0032422608,
2.624,0.0024954278,
2.62425,-0.0031147068,
2.6245,0.0049558645,
2.62475,0.0020397354,
2.625,0.0045003020,
2.62525,0.0001498369,
2.6255,-0.0009313750,
2.62575,0.0087407967,
2.626,0.0036953189,
2.62625,0.0016125005,
2.6265,0.0022401479,
2.62675,0.0112158479,
2.627,0.0087420633,
2.62725,-0.0011069388,
2.6275,-0.0008483699,
2.62775,0.0072832969,
2.628,0.0122428387,
2.62825,-0.0041837096,
2.6285,-0.0001678718,
2.62875,0.0120403199,
2.629,0.0107403025,
2.62925,0.0012247356,
2.6295,-0.0031948709,
2.62975,0.0061934865,
2.63,0.0059572328,
2.63025,0.0007194068,
2.6305,-0.0018521968,
2.63075,0.0056562615,
2.631,0.0083418246,
2.63125,0.0012219760,
2.6315,0.0020877025,
2.63175,0.0028135898,
2.632,0.0059610023,
2.63225,0.0043261102,
2.6325,-0.0003998313,
2.63275,-0.0009147584,
2.633,0.0020467702,
2.63325,0.0036818199,
2.6335,0.0014656873,
2.63375,-0.0015544437,
2.634,0.0033936254,
2.63425,0.0066307532,
2.6345,0.0008404913,
2.63475,0.0001808338,
2.635,0.0023605558,
2.63525,0.0078998264,
2.6355,0.0041858661,
2.63575,-0.0042579868,
2.636,-0.0012983314,
2.63625,0.0079483902,
2.6365,0.0098354788,
2.63675,-0.0060482281,
2.637,-0.0023962273,
2.63725,0.0094120679,
2.6375,-0.0006863404,
2.63775,-0.0068163453,
2.638,-0.0016963378,
2.63825,0.0030004382,
2.6385,0.0068908068,
2.63875,-0.0033572312,
2.639,-0.0071109580,
2.63925,0.0080666570,
2.6395,-0.0007703261,
2.63975,-0.0031331759,
2.64,0.0014206761,
2.64025,-0.0020611093,
2.6405,0.0016180788,
2.64075,0.0019235116,
2.641,0.0000503386,
2.64125,0.0018098021,
2.6415,0.0046711056,
2.64175,0.0045612957,
2.642,0.0046364348,
2.64225,-0.0015283632,
2.6425,0.0014746182,
2.64275,0.0100751510,
2.643,-0.0028066337,
2.64325,-0.0033740120,
2.6435,0.0059718993,
2.64375,0.0072815833,
2.644,0.0043493779,
2.64425,-0.0051423372,
2.6445,0.0068634013,
2.64475,0.0155759212,
2.645,-0.0034496463,
2.64525,-0.0052678892,
2.6455,0.0089925881,
2.64575,0.0096877562,
2.646,-0.0001559303,
2.64625,-0.0057771034,
2.6465,0.0028370367,
2.64675,0.0045714779,
2.647,-0.0013496958,
2.64725,-0.0038676555,
2.6475,0.0069744228,
2.64775,0.0048528831,
2.648,-0.0040691257,
2.64825,-0.0003794395,
2.6485,-0.0062951637,
2.64875,-0.0016768577,
2.649,0.0012077696,
2.64925,-0.0009150378,
2.6495,-0.0015423169,
2.64975,-0.0062311729,
2.65,0.0020202231,
2.65025,-0.0011356537,
2.6505,-0.0073557859,
2.65075,-0.0014335706,
2.651,0.0009286193,
2.65125,-0.0012683676,
2.6515,-0.0076260441,
2.65175,-0.0071374583,
2.652,0.0011645028,
2.65225,-0.0007997421,
2.6525,-0.0102772294,
2.65275,-0.0048614889,
2.653,0.0030215224,
2.65325,0.0038963647,
2.6535,-0.0091656502,
2.65375,-0.0103199529,
2.654,0.0022434895,
2.65425,-0.0014421773,
2.6545,-0.0117583703,
2.65475,-0.0069585331,
2.655,-0.0053261425,
2.65525,-0.0032792126,
2.6555,-0.0082114283,
2.65575,-0.0123784281,
2.656,0.0006282177,
2.65625,-0.0005216896,
2.6565,-0.0097995522,
2.65675,-0.0062377593,
2.657,-0.0014099993,
2.65725,-0.0051277420,
2.6575,0.0027966090,
2.65775,-0.0048024999,
2.658,-0.0119820843,
2.65825,0.0002717937,
2.6585,-0.0027841195,
2.65875,-0.0056818435,
2.659,-0.0011393472,
2.65925,-0.0027869795,
2.6595,0.0037051316,
2.65975,0.0022760970,
2.66,-0.0075726560,
2.66025,0.0033660363,
2.6605,0.0051743998,
2.66075,-0.0058699558,
2.661,-0.0061276513,
2.66125,0.0001187315,
2.6615,0.0088113379,
2.66175,0.0008971695,
2.662,-0.0045003821,
2.66225,0.0030432399,
2.6625,0.0018970815,
2.66275,-0.0007869072,
2.663,-0.0028264527,
2.66325,-0.0017469609,
2.6635,0.0018992696,
2.66375,-0.0008190424,
2.664,-0.0086734276,
2.66425,-0.0063958722,
2.6645,0.0017893550,
2.66475,-0.0035518294,
2.665,-0.0051687788,
2.66525,-0.0065772953,
2.6655,-0.0074294852,
2.66575,0.0005465469,
2.666,-0.0064120525,
2.66625,-0.0101516750,
2.6665,-0.0044539999,
2.66675,-0.0038673878,
2.667,-0.0059565892,
2.66725,-0.0075383373,
2.6675,-0.0043923808,
2.66775,-0.0016288023,
2.668,-0.0031083156,
2.66825,-0.0063016522,
2.6685,-0.0070557324,
2.66875,-0.0029570274,
2.669,0.0030407324,
2.66925,-0.0072464882,
2.6695,-0.0102407467,
2.66975,0.0017270579,
2.67,0.0033231820,
2.67025,-0.0028974351,
2.6705,-0.0052011311,
2.67075,-0.0017133260,
2.671,0.0054076100,
2.67125,-0.0059743132,
2.6715,-0.0144162448,
2.67175,0.0006437511,
2.672,0.0038031440,
2.67225,-0.0041446751,
2.6725,-0.0017676601,
2.67275,0.0005090506,
2.673,0.0048593637,
2.67325,0.0003995724,
2.6735,-0.0056664562,
2.67375,0.0007994389,
2.674,0.0001617037,
2.67425,-0.0006015404,
2.6745,0.0009379560,
2.67475,-0.0031311449,
2.675,-0.0030175210,
2.67525,0.0035661501,
2.6755,0.0020005570,
2.67575,-0.0010686885,
2.676,0.0009123705,
2.67625,0.0009866084,
2.6765,0.0049956976,
2.67675,-0.0061111320,
2.677,-0.0111083025,
2.67725,0.0100640720,
2.6775,0.0068232110,
2.67775,-0.0098033110,
2.678,-0.0027784198,
2.67825,0.0084781107,
2.6785,0.0044391630,
2.67875,-0.0042460011,
2.679,-0.0022013623,
2.67925,0.0097551793,
2.6795,0.0024124365,
2.67975,-0.0123026827,
2.68,-0.0073358440,
2.68025,0.0047977227,
2.6805,0.0006068340,
2.68075,-0.0056788540,
2.681,0.0007893660,
2.68125,0.0047714710,
2.6815,-0.0039170133,
2.68175,-0.0009197041,
2.682,-0.0030743415,
2.68225,0.0004711113,
2.6825,0.0039439639,
2.68275,0.0054884488,
2.683,0.0032749483,
2.68325,-0.0035800717,
2.6835,0.0017248446,
2.68375,0.0022842539,
2.684,0.0001325235,
2.68425,0.0015867247,
2.6845,0.0015707493,
2.68475,0.0068197749,
2.685,-0.0025483710,
2.68525,-0.0059023057,
2.6855,0.0058806804,
2.68575,0.0099162748,
2.686,0.0036450990,
2.68625,-0.0066482099,
2.6865,0.0000190134,
2.68675,0.0064137555,
2.687,-0.0011887958,
2.68725,-0.0026366711,
2.6875,0.0020189902,
2.68775,0.0097321663,
2.688,0.0064272410,
2.68825,-0.0077456869,
2.6885,-0.0003118696,
2.68875,0.0088236108,
2.689,0.0042268233,
2.68925,0.0004170689,
2.6895,0.0026207794,
2.68975,0.0054489081,
2.69,0.0008228348,
2.69025,-0.0044692555,
2.6905,-0.0021521507,
2.69075,0.0027424830,
2.691,0.0050092125,
2.69125,0.0021776073,
2.6915,-0.0036614137,
2.69175,-0.0039379466,
2.692,0.0027716814,
2.69225,0.0085602440,
2.6925,0.0019588168,
2.69275,0.0010883682,
2.693,0.0061319713,
2.69325,0.0009659704,
2.6935,0.0003480943,
2.69375,-0.0005187719,
2.694,0.0031143967,
2.69425,0.0128175355,
2.6945,-0.0042879437,
2.69475,-0.0079789069,
2.695,0.0081021190,
2.69525,0.0095656710,
2.6955,0.0018764324,
2.69575,0.0054609305,
2.696,0.0022002454,
2.69625,0.0041590459,
2.6965,0.0048618815,
2.69675,-0.0038575982,
2.697,0.0064870198,
2.69725,0.0115439771,
2.6975,0.0039589368,
2.69775,0.0001816643,
2.698,-0.0016372789,
2.69825,0.0033426937,
2.6985,0.0034772237,
2.69875,0.0019602536,
2.699,-0.0021999446,
2.69925,0.0032546730,
2.6995,0.0009365884,
2.69975,-0.0061282413,
2.7,-0.0033064859,
2.70025,-0.0006110498,
2.7005,0.0056063365,
2.70075,-0.0022726632,
2.701,-0.0049029151,
2.70125,-0.0028589945,
2.7015,-0.0032876553,
2.70175,-0.0011189302,
2.702,-0.0058570546,
2.70225,-0.0049127918,
2.7025,0.0015774636,
2.70275,0.0029359213,
2.703,-0.0086101079,
2.70325,-0.0099747721,
2.7035,0.0007888757,
2.70375,0.0023442062,
2.704,-0.0052912058,
2.70425,-0.0152994180,
2.7045,-0.0026719687,
2.70475,0.0005707506,
2.705,-0.0096349018,
2.70525,-0.0075002522,
2.7055,-0.0000185296,
2.70575,0.0028397860,
2.706,-0.0042652767,
2.70625,-0.0103262579,
2.7065,-0.0009166045,
2.70675,0.0015143967,
2.707,-0.0016657973,
2.70725,-0.0010385364,
2.7075,-0.0026917493,
2.70775,-0.0019514409,
2.708,-0.0023006860,
2.70825,-0.0043744636,
2.7085,-0.0071292981,
2.70875,0.0007949501,
2.709,0.0049695848,
2.70925,0.0025793766,
2.7095,-0.0070119221,
2.70975,-0.0023771592,
2.71,0.0077755637,
2.71025,0.0011540434,
2.7105,-0.0049006823,
2.71075,-0.0015327444,
2.711,0.0074204952,
2.71125,0.0059251329,
2.7115,-0.0116374288,
2.71175,-0.0087512806,
2.712,0.0125775021,
2.71225,0.0016802279,
2.7125,-0.0101375664,
2.71275,0.0005958962,
2.713,0.0021027301,
2.71325,0.0035703976,
2.7135,-0.0048700585,
2.71375,-0.0073316079,
2.714,0.0057501458,
2.71425,0.0023832570,
2.7145,-0.0079932865,
2.71475,-0.0034725585,
2.715,0.0017337491,
2.71525,-0.0053807343,
2.7155,-0.0018326121,
2.71575,-0.0032592164,
2.716,-0.0086394772,
2.71625,0.0007427460,
2.7165,-0.0009531872,
2.71675,-0.0051233722,
2.717,-0.0059523443,
2.71725,-0.0019514958,
2.7175,-0.0004660285,
2.71775,-0.0055004237,
2.718,-0.0061053918,
2.71825,-0.0020689007,
2.7185,0.0075511909,
2.71875,-0.0015973900,
2.719,-0.0135957394,
2.71925,-0.0009356937,
2.7195,0.0060766917,
2.71975,-0.0015897977,
2.72,-0.0084672691,
2.72025,-0.0040904814,
2.7205,0.0106268413,
2.72075,0.0001987101,
2.721,-0.0136549305,
2.72125,-0.0031444351,
2.7215,0.0043475227,
2.72175,-0.0039522182,
2.722,-0.0078257555,
2.72225,-0.0037828935,
2.7225,0.0060343780,
2.72275,0.0026591660,
2.723,-0.0073469486,
2.72325,-0.0013198099,
2.7235,0.0040100855,
2.72375,0.0002857982,
2.724,0.0010581196,
2.72425,-0.0012985363,
2.7245,-0.0011143070,
2.72475,0.0023131249,
2.725,0.0041110530,
2.72525,-0.0032839375,
2.7255,-0.0012174868,
2.72575,0.0062662759,
2.726,0.0009587507,
2.72625,0.0000830386,
2.7265,-0.0032930903,
2.72675,0.0038856235,
2.727,0.0072792964,
2.72725,-0.0056036850,
2.7275,-0.0066513279,
2.72775,0.0048561390,
2.728,0.0075252256,
2.72825,-0.0009633517,
2.7285,-0.0032356151,
2.72875,0.0038705445,
2.729,0.0126957279,
2.72925,0.0051623518,
2.7295,-0.0055992212,
2.72975,0.0039099660,
2.73,0.0063477573,
2.73025,0.0005611377,
2.7305,-0.0039174319,
2.73075,-0.0015141412,
2.731,0.0045194128,
2.73125,0.0003002237,
2.7315,-0.0109791188,
2.73175,-0.0052205566,
2.732,0.0039440151,
2.73225,-0.0038994954,
2.7325,0.0028155707,
2.73275,-0.0038698267,
2.733,-0.0045321258,
2.73325,0.0039702058,
2.7335,-0.0035815036,
2.73375,-0.0066946703,
2.734,0.0020170757,
2.73425,0.0009017793,
2.7345,0.0002796036,
2.73475,-0.0010127492,
2.735,-0.0076672137,
2.73525,0.0017465188,
2.7355,0.0069285063,
2.73575,-0.0101393508,
2.736,-0.0101693198,
2.73625,0.0067169662,
2.7365,0.0049513271,
2.73675,-0.0008695353,
2.737,-0.0053424430,
2.73725,0.0053636311,
2.7375,0.0100906398,
2.73775,-0.0021058610,
2.738,-0.0064364425,
2.73825,0.0067202831,
2.7385,0.0114811473,
2.73875,0.0006482517,
2.739,-0.0022157023,
2.73925,0.0039345399,
2.7395,0.0092043886,
2.73975,0.0045377421,
2.74,0.0043563945,
2.74025,0.0101944283,
2.7405,0.0051132133,
2.74075,0.0058149849,
2.741,-0.0004034093,
2.74125,-0.0016944276,
2.7415,0.0047360770,
2.74175,0.0072653731,
2.742,0.0054313126,
2.74225,-0.0014237185,
2.7425,-0.0022828782,
2.74275,0.0031915621,
2.743,0.0079093669,
2.74325,-0.0015328431,
2.7435,-0.0007860268,
2.74375,0.0132669052,
2.744,0.0070374780,
2.74425,-0.0053015696,
2.7445,-0.0043243160,
2.74475,0.0122897979,
2.745,0.0102848224,
2.74525,-0.0087777227,
2.7455,-0.0012308536,
2.74575,0.0120776910,
2.746,0.0062208213,
2.74625,-0.0055401358,
2.7465,-0.0045329505,
2.74675,0.0079638455,
2.747,0.0071024746,
2.74725,-0.0019848931,
2.7475,0.0020233281,
2.74775,0.0109579284,
2.748,0.0084490282,
2.74825,0.0038338304,
2.7485,0.0033449233,
2.74875,0.0022303949,
2.749,0.0031584599,
2.74925,0.0081504546,
2.7495,0.0072797090,
2.74975,0.0015709149,
2.75,0.0052346261,
2.75025,0.0081785712,
2.7505,0.0058075096,
2.75075,-0.0030033628,
2.751,0.0066483864,
2.75125,0.0118620778,
2.7515,0.0060659945,
2.75175,-0.0034470395,
2.752,-0.0010442269,
2.75225,0.0126218181,
2.7525,0.0043782443,
2.75275,-0.0083152000,
2.753,-0.0008095829,
2.75325,0.0169201251,
2.7535,0.0023269507,
2.75375,-0.0059440681,
2.754,0.0038110530,
2.75425,0.0073386878,
2.7545,0.0046087392,
2.75475,-0.0086935600,
2.755,-0.0044649132,
2.75525,0.0094422558,
2.7555,-0.0003513196,
2.75575,-0.0041339649,
2.756,0.0023878221,
2.75625,0.0055625332,
2.7565,0.0008090100,
2.75675,-0.0029545962,
2.757,-0.0035462012,
2.75725,0.0015260282,
2.7575,0.0021953697,
2.75775,0.0019108305,
2.758,-0.0052030450,
2.75825,-0.0070217117,
2.7585,-0.0002433500,
2.75875,0.0047342135,
2.759,-0.0012076168,
2.75925,0.0023486798,
2.7595,0.0058266362,
2.75975,0.0032974868,
2.76,-0.0030026704,
2.76025,-0.0100802984,
2.7605,0.0048737735,
2.76075,0.0100809000,
2.761,-0.0043410724,
2.76125,-0.0086723231,
2.7615,0.0001832833,
2.76175,0.0058368496,
2.762,0.0009751933,
2.76225,-0.0034388476,
2.7625,0.0015206556,
2.76275,0.0075100870,
2.763,-0.0003849106,
2.76325,-0.0100539811,
2.7635,0.0023153841,
2.76375,0.0042443122,
2.764,-0.0023285300,
2.76425,-0.0021143905,
2.7645,-0.0046598567,
2.76475,0.0053018988,
2.765,0.0030697321,
2.76525,-0.0051602749,
2.7655,0.0009485219,
2.76575,0.0034253886,
2.766,-0.0002886457,
2.76625,0.0020375852,
2.7665,-0.0019882282,
2.76675,-0.0035055624,
2.767,0.0028098652,
2.76725,-0.0008945818,
2.7675,-0.0053447392,
2.76775,0.0007301490,
2.768,-0.0016340502,
2.76825,0.0010775491,
2.7685,-0.0047188420,
2.76875,-0.0082966080,
2.769,0.0060805166,
2.76925,0.0060691056,
2.7695,-0.0053857109,
2.76975,-0.0076421276,
2.77,0.0023094132,
2.77025,0.0063928170,
2.7705,-0.0034753820,
2.77075,-0.0021144552,
2.771,0.0026455664,
2.77125,0.0025631147,
2.7715,-0.0065855505,
2.77175,-0.0140449852,
2.772,-0.0011570691,
2.77225,0.0015404688,
2.7725,-0.0050131516,
2.77275,-0.0077812183,
2.773,-0.0024543027,
2.77325,-0.0017496762,
2.7735,-0.0078633949,
2.77375,-0.0092833610,
2.774,-0.0060712323,
2.77425,-0.0023506088,
2.7745,0.0005341867,
2.77475,-0.0003802605,
2.775,-0.0057060090,
2.77525,-0.0041402900,
2.7755,-0.0014706311,
2.77575,-0.0042006117,
2.776,-0.0102424026,
2.77625,-0.0026436858,
2.7765,0.0027005333,
2.77675,-0.0016114347,
2.777,-0.0117867943,
2.77725,-0.0055728490,
2.7775,0.0119605102,
2.77775,0.0043038982,
2.778,-0.0097159734,
2.77825,-0.0014734683,
2.7785,0.0105450787,
2.77875,0.0040718834,
2.779,-0.0056845807,
2.77925,0.0034476067,
2.7795,0.0098736994,
2.77975,0.0000775353,
2.78,-0.0063157855,
2.78025,-0.0012444265,
2.7805,0.0074733924,
2.78075,0.0010381024,
2.781,-0.0017148231,
2.78125,0.0060364585,
2.7815,-0.0015412462,
2.78175,0.0027460265,
2.782,0.0008711008,
2.78225,-0.0031544818,
2.7825,0.0039547533,
2.78275,0.0009974790,
2.783,0.0047323080,
2.78325,0.0002547273,
2.7835,-0.0052374313,
2.78375,0.0005694719,
2.784,0.0046091909,
2.78425,-0.0020576904,
2.7845,-0.0033085546,
2.78475,0.0072444282,
2.785,-0.0000199656,
2.78525,-0.0012173293,
2.7855,-0.0055368310,
2.78575,0.0013556371,
2.786,0.0137835843,
2.78625,-0.0031672765,
2.7865,-0.0077653266,
2.78675,0.0065528252,
2.787,0.0075014266,
2.78725,-0.0004073448,
2.7875,-0.0035971850,
2.78775,0.0029551366,
2.788,0.0039825584,
2.78825,-0.0032368228,
2.7885,-0.0107898638,
2.78875,-0.0025603250,
2.789,0.0043071159,
2.78925,-0.0036284174,
2.7895,-0.0010863375,
2.78975,0.0002138698,
2.79,0.0024768794,
2.79025,0.0021201663,
2.7905,-0.0030530044,
2.79075,-0.0004853783,
2.791,-0.0005929430,
2.79125,0.0058049671,
2.7915,0.0026175079,
2.79175,-0.0074970727,
2.792,0.0020943366,
2.79225,0.0004140883,
2.7925,-0.0016267014,
2.79275,-0.0024067955,
2.793,-0.0001974926,
2.79325,0.0039459155,
2.7935,0.0013244895,
2.79375,-0.0083002690,
2.794,-0.0009608188,
2.79425,0.0125167435,
2.7945,0.0072266757,
2.79475,-0.0000461837,
2.795,-0.0000164502,
2.79525,0.0082547748,
2.7955,0.0070050177,
2.79575,-0.0006955310,
2.796,0.0023866105,
2.79625,0.0079885796,
2.7965,0.0050966819,
2.79675,-0.0003422503,
2.797,-0.0034368318,
2.79725,0.0061850226,
2.7975,0.0128420442,
2.79775,0.0006906298,
2.798,0.0045179450,
2.79825,0.0072262269,
2.7985,0.0034318245,
2.79875,0.0065783868,
2.799,0.0033002675,
2.79925,0.0031622038,
2.7995,0.0065798736,
2.79975,0.0072178249,
2.8,-0.0028734817,
2.80025,0.0033782178,
2.8005,0.0030985146,
2.80075,-0.0000790259,
2.801,0.0051843566,
2.80125,-0.0054456671,
2.8015,0.0014845283,
2.80175,0.0087220669,
2.802,-0.0021191626,
2.80225,-0.0012398210,
2.8025,0.0012372165,
2.80275,0.0059479177,
2.803,0.0011461315,
2.80325,-0.0088218106,
2.8035,-0.0033899944,
2.80375,0.0073711807,
2.804,0.0002625686,
2.80425,-0.0075151315,
2.8045,-0.0034170430,
2.80475,-0.0009468978,
2.805,-0.0042889146,
2.80525,-0.0071188812,
2.8055,-0.0070375041,
2.80575,0.0064173490,
2.806,0.0030149836,
2.80625,-0.0074006803,
2.8065,0.0008211833,
2.80675,-0.0013986852,
2.807,0.0015976299,
2.80725,-0.0003613668,
2.8075,0.0006766481,
2.80775,0.0000890737,
2.808,0.0037401551,
2.80825,0.0014173955,
2.8085,-0.0076831207,
2.80875,-0.0012587784,
2.809,0.0008475614,
2.80925,0.0037958152,
2.8095,-0.0009114493,
2.80975,-0.0053620171,
2.81,0.0047884504,
2.81025,0.0033877476,
2.8105,0.0023828989,
2.81075,-0.0023979372,
2.811,0.0107983239,
2.81125,0.0140547929,
2.8115,-0.0050305026,
2.81175,-0.0050781500,
2.812,0.0075926050,
2.81225,0.0088713430,
2.8125,-0.0031065037,
2.81275,-0.0083834017,
2.813,-0.0001495890,
2.81325,0.0044047749,
2.8135,-0.0025460166,
2.81375,-0.0032668971,
2.814,0.0054799910,
2.81425,0.0060626129,
2.8145,-0.0024870443,
2.81475,-0.0059248293,
2.815,-0.0014461158,
2.81525,0.0003502164,
2.8155,-0.0033235103,
2.81575,-0.0021600027,
2.816,-0.0027352932,
2.81625,-0.0076113269,
2.8165,-0.0017884710,
2.81675,-0.0058982340,
2.817,-0.0095478985,
2.81725,-0.0020996935,
2.8175,-0.0020483877,
2.81775,0.0003935900,
2.818,-0.0078133252,
2.81825,-0.0083540250,
2.8185,0.0037686399,
2.81875,-0.0040566428,
2.819,-0.0117821787,
2.81925,-0.0044957912,
2.8195,0.0056909826,
2.81975,-0.0045293882,
2.82,-0.0113928951,
2.82025,-0.0090082511,
2.8205,0.0038543332,
2.82075,0.0056225359,
2.821,-0.0106827579,
2.82125,-0.0029661092,
2.8215,0.0010795018,
2.82175,-0.0047322381,
2.822,-0.0060413969,
2.82225,-0.0051007485,
2.8225,0.0024021640,
2.82275,0.0033108136,
2.823,-0.0044173114,
2.82325,-0.0092636673,
2.8235,-0.0049478938,
2.82375,-0.0007459050,
2.824,-0.0022042948,
2.82425,-0.0033397647,
2.8245,-0.0047923494,
2.82475,-0.0018159179,
2.825,-0.0020276515,
2.82525,-0.0085732276,
2.8255,-0.0062640449,
2.82575,-0.0011587921,
2.826,-0.0006510340,
2.82625,-0.0067449957,
2.8265,-0.0024783234,
2.82675,-0.0032848783,
2.827,0.0003734636,
2.82725,-0.0012902216,
2.8275,-0.0126538258,
2.82775,-0.0006644958,
2.828,0.0045212829,
2.82825,-0.0073162937,
2.8285,-0.0113967489,
2.82875,-0.0051390077,
2.829,0.0050786748,
2.82925,-0.0057638767,
2.8295,-0.0096604992,
2.82975,-0.0053695608,
2.83,-0.0006749900,
2.83025,-0.0029809049,
2.8305,-0.0105960285,
2.83075,-0.0002626747,
2.831,0.0020619421,
2.83125,0.0000807473,
2.8315,-0.0032421905,
2.83175,-0.0067803077,
2.832,-0.0018455910,
2.83225,-0.0025141179,
2.8325,-0.0030025998,
2.83275,-0.0026147638,
2.833,-0.0046622092,
2.83325,0.0011508997,
2.8335,0.0031436528,
2.83375,-0.0044491147,
2.834,-0.0001093256,
2.83425,0.0071966527,
2.8345,0.0000188853,
2.83475,-0.0007987279,
2.835,-0.0050981566,
2.83525,0.0005062893,
2.8355,0.0035438640,
2.83575,-0.0079028225,
2.836,-0.0050166971,
2.83625,0.0029361113,
2.8365,0.0027867428,
2.83675,-0.0017440028,
2.837,-0.0071686199,
2.83725,0.0017420355,
2.8375,0.0076968893,
2.83775,-0.0046166424,
2.838,-0.0084841289,
2.83825,-0.0035017356,
2.8385,0.0022241331,
2.83875,-0.0037754546,
2.839,-0.0100179957,
2.83925,-0.0033713912,
2.8395,0.0011399037,
2.83975,-0.0020502147,
2.84,-0.0092461035,
2.84025,-0.0058220308,
2.8405,-0.0002683160,
2.84075,-0.0032653459,
2.841,0.0000357609,
2.84125,-0.0111336131,
2.8415,-0.0031955470,
2.84175,0.0005132703,
2.842,-0.0054677348,
2.84225,-0.0051543373,
2.8425,-0.0049937163,
2.84275,0.0000466869,
2.843,0.0040883892,
2.84325,-0.0075593521,
2.8435,-0.0039174710,
2.84375,0.0064856922,
2.844,0.0010724631,
2.84425,-0.0056791143,
2.8445,-0.0051508802,
2.84475,0.0079531604,
2.845,0.0075460621,
2.84525,-0.0065527409,
2.8455,-0.0073228534,
2.84575,0.0089907814,
2.846,0.0035830215,
2.84625,-0.0046969675,
2.8465,-0.0034057465,
2.84675,0.0034658026,
2.847,0.0097612469,
2.84725,-0.0013961260,
2.8475,-0.0022421891,
2.84775,0.0123822242,
2.848,0.0068708258,
2.84825,0.0052017020,
2.8485,0.0039247354,
2.84875,-0.0005655724,
2.849,0.0041622706,
2.84925,0.0050414936,
2.8495,0.0003238366,
2.84975,0.0016381217,
2.85,0.0032876548,
2.85025,0.0038507720,
2.8505,0.0099381907,
2.85075,-0.0034662308,
2.851,0.0009384679,
2.85125,0.0138150118,
2.8515,0.0014488666,
2.85175,-0.0036959588,
2.852,0.0022575525,
2.85225,0.0072701513,
2.8525,0.0067566936,
2.85275,-0.0093590701,
2.853,-0.0029999493,
2.85325,0.0162370484,
2.8535,0.0050718337,
2.85375,-0.0074785678,
2.854,0.0051851682,
2.85425,0.0077540865,
2.8545,0.0028378658,
2.85475,-0.0002029890,
2.855,-0.0064094542,
2.85525,0.0064031850,
2.8555,0.0024612639,
2.85575,-0.0077938079,
2.856,0.0022870237,
2.85625,0.0084821843,
2.8565,0.0041057011,
2.85675,0.0028911424,
2.857,-0.0040484015,
2.85725,-0.0020803683,
2.8575,0.0106087280,
2.85775,0.0042332481,
2.858,0.0002004132,
2.85825,0.0022594952,
2.8585,-0.0011467645,
2.85875,0.0062188995,
2.859,-0.0003514451,
2.85925,-0.0043065017,
2.8595,0.0087899966,
2.85975,0.0054995385,
2.86,0.0040385909,
2.86025,-0.0012573691,
2.8605,0.0044726916,
2.86075,0.0115171205,
2.861,0.0028865554,
2.86125,-0.0083431695,
2.8615,0.0023353230,
2.86175,0.0141857462,
2.862,0.0028284700,
2.86225,0.0000168532,
2.8625,0.0055809990,
2.86275,0.0098748095,
2.863,0.0036541345,
2.86325,-0.0037135961,
2.8635,0.0035552795,
2.86375,0.0126546379,
2.864,0.0057248436,
2.86425,0.0013707769,
2.8645,0.0020856548,
2.86475,0.0066516185,
2.865,0.0028488797,
2.86525,-0.0004570064,
2.8655,0.0002186921,
2.86575,0.0033879012,
2.866,0.0051839235,
2.86625,0.0056720972,
2.8665,-0.0040620575,
2.86675,-0.0029793573,
2.867,0.0105752554,
2.86725,0.0063819019,
2.8675,-0.0037071630,
2.86775,0.0054803714,
2.868,0.0000825876,
2.86825,-0.0006750532,
2.8685,-0.0017818179,
2.86875,-0.0088396072,
2.869,0.0036675183,
2.86925,0.0078744609,
2.8695,-0.0032862420,
2.86975,-0.0065544895,
2.87,0.0018781611,
2.87025,0.0053451331,
2.8705,0.0032186294,
2.87075,-0.0041696439,
2.871,-0.0060108937,
2.87125,0.0020864438,
2.8715,-0.0033917073,
2.87175,-0.0106524546,
2.872,-0.0021296393,
2.87225,0.0058151665,
2.8725,0.0031980677,
2.87275,-0.0091819093,
2.873,-0.0050486317,
2.87325,0.0023078206,
2.8735,-0.0053158035,
2.87375,-0.0052196556,
2.874,-0.0057819574,
2.87425,-0.0007131925,
2.8745,0.0064265751,
2.87475,-0.0021354461,
2.875,-0.0077041080,
2.87525,0.0014778769,
2.8755,-0.0009113231,
2.87575,0.0021917091,
2.876,-0.0031302185,
2.87625,-0.0046474435,
2.8765,0.0039848224,
2.87675,0.0033332754,
2.877,-0.0063352217,
2.87725,-0.0026186241,
2.8775,0.0107264034,
2.87775,0.0094220573,
2.878,-0.0036681045,
2.87825,-0.0082636820,
2.8785,0.0040842635,
2.87875,0.0108775459,
2.879,-0.0048576561,
2.87925,-0.0033863666,
2.8795,0.0086739911,
2.87975,0.0016589706,
2.88,-0.0050244378,
2.88025,-0.0093192365,
2.8805,-0.0034743827,
2.88075,0.0076027582,
2.881,-0.0016935251,
2.88125,-0.0028819372,
2.8815,0.0037255762,
2.88175,-0.0040316447,
2.882,-0.0045557711,
2.88225,-0.0018429405,
2.8825,-0.0070846416,
2.88275,0.0005764752,
2.883,0.0063780001,
2.88325,-0.0045062564,
2.8835,-0.0079717599,
2.88375,-0.0063067931,
2.884,0.0003768050,
2.88425,0.0033989514,
2.8845,-0.0057053468,
2.88475,-0.0004340394,
2.885,0.0049047126,
2.88525,-0.0003231230,
2.8855,-0.0096235350,
2.88575,-0.0011148048,
2.886,0.0093041072,
2.88625,0.0044300808,
2.8865,-0.0054831267,
2.88675,-0.0100217313,
2.887,0.0084324051,
2.88725,0.0056114704,
2.8875,-0.0078884317,
2.88775,-0.0017378870,
2.888,0.0040843864,
2.88825,0.0051288875,
2.8885,-0.0022786027,
2.88875,-0.0050356938,
2.889,0.0052334191,
2.88925,0.0065683881,
2.8895,-0.0021169400,
2.88975,-0.0041030562,
2.89,0.0004893080,
2.89025,-0.0000146066,
2.8905,-0.0020504671,
2.89075,-0.0012045024,
2.891,-0.0010989077,
2.89125,0.0027511246,
2.8915,0.0043809083,
2.89175,-0.0063345898,
2.892,-0.0053742663,
2.89225,0.0005010716,
2.8925,-0.0012035416,
2.89275,-0.0025896863,
2.893,-0.0044871741,
2.89325,-0.0000536547,
2.8935,0.0082918946,
2.89375,-0.0017978747,
2.894,-0.0069411322,
2.89425,0.0040759505,
2.8945,0.0061474135,
2.89475,0.0011269083,
2.895,-0.0096920980,
2.89525,-0.0019719745,
2.8955,0.0085537210,
2.89575,-0.0016757176,
2.896,-0.0070892945,
2.89625,-0.0041203937,
2.8965,0.0065395506,
2.89675,-0.0016180223,
2.897,-0.0087488713,
2.89725,0.0009069435,
2.8975,0.0029397714,
2.89775,0.0043825111,
2.898,-0.0055992641,
2.89825,-0.0020178698,
2.8985,0.0037411915,
2.89875,0.0016682151,
2.899,-0.0002405996,
2.89925,-0.0034548501,
2.8995,0.0026442138,
2.89975,-0.0008449817,
2.9,0.0023040059,
2.90025,-0.0044490080,
2.9005,-0.0061617270,
2.90075,0.0026457084,
2.901,0.0029332924,
2.90125,-0.0035325040,
2.9015,-0.0021022949,
2.90175,0.0036326388,
2.902,0.0042827297,
2.90225,0.0001368440,
2.9025,-0.0034783522,
2.90275,0.0057697138,
2.903,0.0128407795,
2.90325,-0.0008473401,
2.9035,-0.0027412772,
2.90375,0.0045291283,
2.904,0.0083214305,
2.90425,0.0034192053,
2.9045,-0.0053821248,
2.90475,0.0031551367,
2.905,0.0095910244,
2.90525,0.0043799407,
2.9055,-0.0012464896,
2.90575,0.0025445723,
2.906,0.0083957352,
2.90625,0.0051053059,
2.9065,-0.0037942254,
2.90675,0.0020130759,
2.907,0.0078087803,
2.90725,0.0038157052,
2.9075,0.0015536316,
2.90775,0.0017229912,
2.908,0.0048487429,
2.90825,0.0070365220,
2.9085,0.0051556383,
2.90875,-0.0001559922,
2.909,0.0038928308,
2.90925,0.0032790345,
2.9095,0.0007543090,
2.90975,0.0004922759,
2.91,-0.0028836485,
2.91025,0.0058488846,
2.9105,0.0084449407,
2.91075,-0.0065227663,
2.911,-0.0024810734,
2.91125,0.0090418002,
2.9115,0.0055976114,
2.91175,-0.0064448277,
2.912,-0.0041426001,
2.91225,0.0102858879,
2.9125,0.0074721798,
2.91275,-0.0097966855,
2.913,-0.0072635827,
2.91325,0.0071357200,
2.9135,0.0039808946,
2.91375,-0.0054429462,
2.914,0.0028860802,
2.91425,0.0049885307,
2.9145,0.0029928759,
2.91475,-0.0027670453,
2.915,-0.0012875297,
2.91525,0.0052198577,
2.9155,0.0056021423,
2.91575,0.0041169687,
2.916,0.0023298829,
2.91625,0.0026386182,
2.9165,0.0013172544,
2.91675,0.0079603679,
2.917,0.0042938637,
2.91725,0.0006780656,
2.9175,0.0061397809,
2.91775,0.0088414541,
2.918,0.0021272264,
2.91825,-0.0033461694,
2.9185,0.0052871127,
2.91875,0.0077684084,
2.919,0.0059405630,
2.91925,-0.0020477017,
2.9195,0.0040634843,
2.91975,0.0142711680,
2.92,0.0001134395,
2.92025,-0.0065358123,
2.9205,0.0041680704,
2.92075,0.0140296938,
2.921,0.0049287910,
2.92125,-0.0024027347,
2.9215,0.0023735515,
2.92175,0.0034823208,
2.922,0.0045467406,
2.92225,-0.0059670554,
2.9225,-0.0004793326,
2.92275,0.0113256220,
2.923,0.0006630359,
2.92325,-0.0032573184,
2.9235,-0.0018424499,
2.92375,0.0014790787,
2.924,0.0041534626,
2.92425,0.0014215941,
2.9245,-0.0020644090,
2.92475,-0.0014028909,
2.925,0.0023204114,
2.92525,-0.0050355522,
2.9255,-0.0019019432,
2.92575,-0.0000239740,
2.926,0.0011575909,
2.92625,0.0033671735,
2.9265,-0.0064352057,
2.92675,-0.0023433438,
2.927,0.0036784508,
2.92725,0.0006457971,
2.9275,-0.0038696660,
2.92775,-0.0098060928,
2.928,0.0021587755,
2.92825,0.0015155755,
2.9285,-0.0100181364,
2.92875,-0.0093024187,
2.929,0.0037813778,
2.92925,0.0014491226,
2.9295,-0.0042872773,
2.92975,-0.0088830628,
2.93,-0.0053542457,
2.93025,0.0020937060,
2.9305,-0.0103416536,
2.93075,-0.0074208118,
2.931,0.0043268567,
2.93125,0.0001622931,
2.9315,-0.0015705457,
2.93175,-0.0007470240,
2.932,-0.0025045332,
2.93225,0.0040178504,
2.9325,0.0025959704,
2.93275,-0.0054563880,
2.933,-0.0019439678,
2.93325,-0.0046562166,
2.9335,-0.0042297784,
2.93375,-0.0011748695,
2.934,-0.0082435580,
2.93425,-0.0008383869,
2.9345,0.0029598228,
2.93475,-0.0010996136,
2.935,-0.0028836257,
2.93525,0.0031490449,
2.9355,0.0018616077,
2.93575,0.0025902982,
2.936,-0.0026681675,
2.93625,-0.0035871493,
2.9365,0.0124012865,
2.93675,0.0009281311,
2.937,-0.0081999442,
2.93725,-0.0024041489,
2.9375,0.0014863235,
2.93775,-0.0002173891,
2.938,-0.0063449885,
2.93825,-0.0072489157,
2.9385,-0.0004146026,
2.93875,-0.0036842257,
2.939,-0.0124354856,
2.93925,-0.0107620331,
2.9395,0.0001843576,
2.93975,-0.0026655255,
2.94,-0.0060953572,
2.94025,-0.0054177102,
2.9405,-0.0066042361,
2.94075,-0.0059383265,
2.941,-0.0047707893,
2.94125,-0.0109948870,
2.9415,-0.0083418237,
2.94175,-0.0035152955,
2.942,-0.0038067498,
2.94225,-0.0082666669,
2.9425,-0.0107945167,
2.94275,-0.0079305544,
2.943,-0.0021899687,
2.94325,-0.0089897942,
2.9435,-0.0130508244,
2.94375,-0.0051991311,
2.944,0.0019107660,
2.94425,-0.0066974438,
2.9445,-0.0135177039,
2.94475,0.0041466122,
2.945,0.0081723193,
2.94525,-0.0026668296,
2.9455,-0.0072357506,
2.94575,0.0029659222,
2.946,0.0086755818,
2.94625,-0.0059394143,
2.9465,-0.0107312985,
2.94675,-0.0005505095,
2.947,0.0049433382,
2.94725,-0.0045282873,
2.9475,-0.0053803427,
2.94775,0.0035932353,
2.948,0.0038009707,
2.94825,-0.0025139304,
2.9485,-0.0013234332,
2.94875,0.0023250706,
2.949,-0.0037947132,
2.94925,0.0015309728,
2.9495,0.0065019126,
2.94975,-0.0026305602,
2.95,0.0000927917,
2.95025,0.0029241899,
2.9505,0.0017513067,
2.95075,-0.0019640601,
2.951,-0.0053265383,
2.95125,0.0033782944,
2.9515,0.0068497090,
2.95175,-0.0090753110,
2.952,-0.0044419593,
2.95225,0.0087924600,
2.9525,-0.0009034487,
2.95275,-0.0091906106,
2.953,-0.0042978050,
2.95325,0.0029803112,
2.9535,0.0057454868,
2.95375,-0.0090552447,
2.954,-0.0096732955,
2.95425,0.0080857975,
2.9545,-0.0028142063,
2.95475,-0.0066453731,
2.955,-0.0025327408,
2.95525,-0.0038124111,
2.9555,0.0029354915,
2.95575,-0.0037075132,
2.956,-0.0081472816,
2.95625,0.0042903945,
2.9565,0.0028619075,
2.95675,-0.0025323825,
2.957,-0.0029022363,
2.95725,-0.0020635882,
2.9575,0.0034403966,
2.95775,0.0040920307,
2.958,-0.0032824585,
2.95825,-0.0040220651,
2.9585,0.0022275650,
2.95875,-0.0000731368,
2.959,-0.0032874974,
2.95925,0.0008696759,
2.9595,0.0003199619,
2.95975,0.0082142809,
2.96,0.0009678318,
2.96025,-0.0047593326,
2.9605,0.0023546505,
2.96075,0.0053177653,
2.961,0.0083113508,
2.96125,-0.0046561323,
2.9615,-0.0007649326,
2.96175,0.0111761801,
2.962,0.0000236851,
2.96225,-0.0051271161,
2.9625,0.0038098125,
2.96275,0.0070338733,
2.963,0.0044678263,
2.96325,-0.0049692281,
2.9635,-0.0050146412,
2.96375,0.0071036937,
2.964,0.0030942352,
2.96425,-0.0004338064,
2.9645,0.0058518182,
2.96475,0.0076011661,
2.965,0.0055159051,
2.96525,0.0002735913,
2.9655,-0.0037539266,
2.96575,0.0014635768,
2.966,0.0020613838,
2.96625,-0.0000092951,
2.9665,-0.0025505112,
2.96675,-0.0032755877,
2.967,-0.0001257557,
2.96725,0.0046979580,
2.9675,-0.0019290159,
2.96775,0.0024192436,
2.968,0.0037741717,
2.96825,0.0017431446,
2.9685,0.0030980271,
2.96875,-0.0023931656,
2.969,0.0014024407,
2.96925,0.0085113812,
2.9695,0.0008811965,
2.96975,-0.0074846642,
2.97,0.0024558087,
2.97025,0.0063102320,
2.9705,0.0024588616,
2.97075,0.0014683157,
2.971,0.0018757245,
2.97125,0.0083098719,
2.9715,0.0022684871,
2.97175,-0.0110895606,
2.972,0.0040979367,
2.97225,0.0099242069,
2.9725,0.0032649678,
2.97275,0.0072827558,
2.973,-0.0042625726,
2.97325,0.0075665805,
2.9735,0.0023739182,
2.97375,-0.0069361171,
2.974,0.0017051513,
2.97425,0.0016466121,
2.9745,0.0020391499,
2.97475,0.0043711737,
2.975,-0.0053575360,
2.97525,-0.0068233395,
2.9755,0.0057059880,
2.97575,0.0029045485,
2.976,0.0005942957,
2.97625,0.0072979014,
2.9765,0.0017687446,
2.97675,0.0048136860,
2.977,-0.0046541290,
2.97725,-0.0102883251,
2.9775,0.0088211838,
2.97775,0.0113800466,
2.978,-0.0066521252,
2.97825,-0.0059859897,
2.9785,0.0043304646,
2.97875,0.0046887882,
2.979,-0.0004226679,
2.97925,-0.0086101778,
2.9795,0.0045199068,
2.97975,0.0018055172,
2.98,-0.0117270192,
2.98025,-0.0070627821,
2.9805,0.0019681838,
2.98075,0.0048575820,
2.981,-0.0013194456,
2.98125,-0.0017292389,
2.9815,-0.0006713488,
2.98175,0.0034402686,
2.982,-0.0033891266,
2.98225,-0.0007538032,
2.9825,-0.0006440258,
2.98275,-0.0043786243,
2.983,0.0027043987,
2.98325,-0.0013406845,
2.9835,-0.0078928377,
2.98375,-0.0056864782,
2.984,0.0050227782,
2.98425,0.0033720664,
2.9845,-0.0052968701,
2.98475,-0.0016629969,
2.985,0.0036692703,
2.98525,0.0047382140,
2.9855,-0.0081301257,
2.98575,0.0000891623,
2.986,0.0112008806,
2.98625,0.0070377835,
2.9865,-0.0089201685,
2.98675,-0.0122900112,
2.987,0.0067171780,
2.98725,0.0011257892,
2.9875,-0.0043401914,
2.98775,-0.0006610139,
2.988,0.0066615017,
2.98825,0.0066691181,
2.9885,-0.0024536883,
2.98875,-0.0053187693,
2.989,0.0000620619,
2.98925,0.0017066619,
2.9895,-0.0053229965,
2.98975,-0.0056956545,
2.99,-0.0000152105,
2.99025,-0.0007123352,
2.9905,-0.0034122681,
2.99075,-0.0067765471,
2.991,-0.0057794042,
2.99125,-0.0003321718,
2.9915,-0.0024771064,
2.99175,-0.0069640800,
2.992,-0.0079543702,
2.99225,-0.0050215418,
2.9925,-0.0002189828,
2.99275,-0.0042631002,
2.993,-0.0087976316,
2.99325,0.0031083915,
2.9935,0.0043083993,
2.99375,-0.0014843778,
2.994,-0.0078693572,
2.99425,-0.0043063336,
2.9945,0.0044256798,
2.99475,-0.0016517316,
2.995,-0.0127687305,
2.99525,-0.0050160326,
2.9955,0.0078853797,
2.99575,-0.0024596185,
2.996,-0.0115917111,
2.99625,-0.0050272150,
2.9965,0.0017795198,
2.99675,-0.0015657584,
2.997,-0.0056684297,
2.99725,-0.0055837887,
2.9975,0.0063944319,
2.99775,0.0011016328,
2.998,-0.0055205128,
2.99825,0.0015298887,
2.9985,0.0023872750,
2.99875,0.0023911386,
2.999,-0.0010118962,
2.99925,-0.0041245478,
2.9995,-0.0046446864,
2.99975,0.0022340592,