Date,2020-11-03 12:29:04
Filename,STFCB-20201012-0105-0160_20201103_122804_002.dat
Data Label,정상
Label No,00
Motor Spec,L-EF-04,1760,2.2,4.7,
Period,1SEC
Sample Rate,2000
RMS,3.28027,3.26477,3.16804,
Data Length,2000,
0,-2.6475830078125,-1.7266845703125,3.8787841796875,
0.0005,-2.3272705078125,-2.3272705078125,4.1590576171875,
0.001,-1.5264892578125,-2.9278564453125,3.9188232421875,
0.0015,-1.0059814453125,-3.4483642578125,3.9188232421875,
0.002,-0.1251220703125,-3.6485595703125,3.2381591796875,
0.0025,0.5955810546875,-3.9688720703125,2.8377685546875,
0.003,1.6766357421875,-4.2891845703125,2.0770263671875,
0.0035,2.2371826171875,-4.2891845703125,1.5565185546875,
0.004,2.9178466796875,-4.4093017578125,0.9559326171875,
0.0045,3.1580810546875,-3.9288330078125,0.3153076171875,
0.005,3.5184326171875,-3.6485595703125,-0.3253173828125,
0.0055,3.6385498046875,-2.9678955078125,-1.1260986328125,
0.006,4.0389404296875,-2.5675048828125,-1.9268798828125,
0.0065,3.7987060546875,-1.7667236328125,-2.5274658203125,
0.007,3.8787841796875,-1.1260986328125,-3.2081298828125,
0.0075,3.1180419921875,-0.1651611328125,-3.3682861328125,
0.008,2.9578857421875,0.4754638671875,-3.7686767578125,
0.0085,2.2371826171875,1.5164794921875,-4.0089111328125,
0.009,1.7967529296875,2.0369873046875,-4.1290283203125,
0.0095,1.0360107421875,2.7576904296875,-4.0489501953125,
0.01,0.3553466796875,3.0780029296875,-3.6885986328125,
0.0105,-0.4854736328125,3.3582763671875,-3.1680908203125,
0.011,-1.3663330078125,3.5985107421875,-2.5274658203125,
0.0115,-2.4073486328125,3.9588623046875,-1.8468017578125,
0.012,-2.8878173828125,3.7186279296875,-1.1260986328125,
0.0125,-3.5284423828125,3.8787841796875,-0.6456298828125,
0.013,-3.6085205078125,3.1981201171875,0.1151123046875,
0.0135,-3.9288330078125,2.9178466796875,0.6756591796875,
0.014,-4.1290283203125,2.1971435546875,1.5965576171875,
0.0145,-4.3292236328125,1.6766357421875,2.2772216796875,
0.015,-4.1290283203125,0.7957763671875,2.8778076171875,
0.0155,-4.0489501953125,0.1551513671875,3.3582763671875,
0.016,-3.3282470703125,-0.6456298828125,3.5184326171875,
0.0165,-3.0079345703125,-1.2862548828125,3.8387451171875,
0.017,-2.3272705078125,-2.2872314453125,4.0789794921875,
0.0175,-1.7266845703125,-2.7276611328125,3.9188232421875,
0.018,-1.1260986328125,-3.4083251953125,3.9989013671875,
0.0185,-0.3253173828125,-3.5284423828125,3.3582763671875,
0.019,0.3953857421875,-3.8487548828125,2.9178466796875,
0.0195,1.3963623046875,-4.1290283203125,2.1971435546875,
0.02,2.2772216796875,-4.4493408203125,1.5965576171875,
0.0205,2.7176513671875,-4.1290283203125,0.9158935546875,
0.021,3.2781982421875,-4.2491455078125,0.5155029296875,
0.0215,3.3582763671875,-3.5284423828125,-0.3253173828125,
0.022,3.6785888671875,-3.2081298828125,-0.9259033203125,
0.0225,3.9989013671875,-2.5675048828125,-1.9268798828125,
0.023,3.9588623046875,-1.9268798828125,-2.4874267578125,
0.0235,3.8787841796875,-1.1260986328125,-3.2081298828125,
0.024,3.3983154296875,-0.2852783203125,-3.5284423828125,
0.0245,2.8778076171875,0.5155029296875,-3.7286376953125,
0.025,2.3172607421875,1.3162841796875,-3.9688720703125,
0.0255,1.7967529296875,2.2772216796875,-4.3292236328125,
0.026,0.9959716796875,2.6776123046875,-3.9288330078125,
0.0265,0.5155029296875,3.3182373046875,-4.0889892578125,
0.027,-0.5655517578125,3.3582763671875,-3.1280517578125,
0.0275,-1.2462158203125,3.7186279296875,-2.7276611328125,
0.028,-2.4073486328125,3.9188232421875,-1.8468017578125,
0.0285,-3.1280517578125,4.0389404296875,-1.2462158203125,
0.029,-3.5684814453125,3.7186279296875,-0.4854736328125,
0.0295,-3.8887939453125,3.5584716796875,0.0350341796875,
0.03,-3.9688720703125,2.8377685546875,0.8358154296875,
0.0305,-4.2091064453125,2.3572998046875,1.4764404296875,
0.031,-4.5294189453125,1.6365966796875,2.4774169921875,
0.0315,-4.2091064453125,0.7957763671875,2.9578857421875,
0.032,-4.2091064453125,0.1551513671875,3.6385498046875,
0.0325,-3.4884033203125,-0.6856689453125,3.7186279296875,
0.033,-3.0479736328125,-1.4063720703125,3.9989013671875,
0.0335,-2.3673095703125,-2.2872314453125,4.1190185546875,
0.034,-1.7667236328125,-3.0880126953125,4.3192138671875,
0.0345,-0.9659423828125,-3.4483642578125,3.8787841796875,
0.035,-0.4454345703125,-3.9688720703125,3.8787841796875,
0.0355,0.6356201171875,-4.0089111328125,2.8778076171875,
0.036,1.3563232421875,-4.3292236328125,2.4373779296875,
0.0365,2.5174560546875,-4.5694580078125,1.5965576171875,
0.037,3.0379638671875,-4.4893798828125,0.9158935546875,
0.0375,3.5584716796875,-4.3292236328125,0.2752685546875,
0.038,3.7586669921875,-3.8487548828125,-0.3653564453125,
0.0385,3.8787841796875,-3.2081298828125,-1.2061767578125,
0.039,4.0389404296875,-2.6475830078125,-1.9268798828125,
0.0395,4.4393310546875,-2.0069580078125,-2.8878173828125,
0.04,3.8787841796875,-0.9659423828125,-3.3282470703125,
0.0405,3.8787841796875,-0.3253173828125,-3.9288330078125,
0.041,2.8377685546875,0.7957763671875,-3.9288330078125,
0.0415,2.4774169921875,1.4364013671875,-4.2491455078125,
0.042,1.6766357421875,2.3973388671875,-4.3692626953125,
0.0425,0.9959716796875,3.1180419921875,-4.3692626953125,
0.043,0.1951904296875,3.4783935546875,-3.9688720703125,
0.0435,-0.4854736328125,3.8787841796875,-3.6485595703125,
0.044,-1.6466064453125,3.9188232421875,-2.5274658203125,
0.0445,-2.3673095703125,4.1590576171875,-2.0469970703125,
0.045,-3.5284423828125,4.3592529296875,-1.1260986328125,
0.0455,-3.8887939453125,3.9588623046875,-0.3653564453125,
0.046,-4.3692626953125,3.7987060546875,0.3153076171875,
0.0465,-4.4093017578125,2.9979248046875,1.0360107421875,
0.047,-4.5694580078125,2.3572998046875,1.8367919921875,
0.0475,-4.6094970703125,1.6365966796875,2.5574951171875,
0.048,-4.8096923828125,0.9559326171875,3.4783935546875,
0.0485,-4.1290283203125,-0.1251220703125,3.7987060546875,
0.049,-4.0889892578125,-0.6856689453125,4.3192138671875,
0.0495,-2.8878173828125,-1.8868408203125,4.2391357421875,
0.05,-2.5274658203125,-2.4874267578125,4.4793701171875,
0.0505,-1.6065673828125,-3.4083251953125,4.5194091796875,
0.051,-0.8458251953125,-3.9688720703125,4.3192138671875,
0.0515,-0.1251220703125,-4.3292236328125,3.8787841796875,
0.052,0.7557373046875,-4.6094970703125,3.2781982421875,
0.0525,1.8768310546875,-4.6495361328125,2.2772216796875,
0.053,2.5574951171875,-4.7296142578125,1.6365966796875,
0.0535,3.5584716796875,-4.8897705078125,0.7957763671875,
0.054,3.7987060546875,-4.5294189453125,-0.0450439453125,
0.0545,4.2391357421875,-4.2491455078125,-0.4854736328125,
0.055,4.3192138671875,-3.2481689453125,-1.5665283203125,
0.0555,4.5194091796875,-2.6075439453125,-2.2872314453125,
0.056,4.4393310546875,-1.7667236328125,-3.0880126953125,
0.0565,4.5194091796875,-1.0059814453125,-3.8487548828125,
0.057,3.6785888671875,0.1151123046875,-4.1290283203125,
0.0575,3.3983154296875,0.7557373046875,-4.4893798828125,
0.058,2.2371826171875,1.9969482421875,-4.4893798828125,
0.0585,1.7967529296875,2.5574951171875,-4.6495361328125,
0.059,0.9158935546875,3.4783935546875,-4.6495361328125,
0.0595,0.0350341796875,3.9188232421875,-4.2491455078125,
0.06,-0.6856689453125,4.1990966796875,-3.7686767578125,
0.0605,-1.7667236328125,4.3992919921875,-2.8878173828125,
0.061,-2.8477783203125,4.5194091796875,-1.9268798828125,
0.0615,-3.5284423828125,4.4393310546875,-1.2061767578125,
0.062,-4.4493408203125,4.4393310546875,-0.4454345703125,
0.0625,-4.6094970703125,3.7987060546875,0.5155029296875,
0.063,-4.8897705078125,3.5184326171875,1.0360107421875,
0.0635,-4.8897705078125,2.3572998046875,2.1971435546875,
0.064,-5.0098876953125,1.7967529296875,2.8377685546875,
0.0645,-4.8497314453125,0.8358154296875,3.5985107421875,
0.065,-4.7696533203125,0.0350341796875,4.3192138671875,
0.0655,-3.9288330078125,-0.9659423828125,4.4793701171875,
0.066,-3.5284423828125,-1.6466064453125,4.6795654296875,
0.0665,-2.3673095703125,-2.8878173828125,4.7196044921875,
0.067,-1.8067626953125,-3.4483642578125,4.6795654296875,
0.0675,-0.8858642578125,-4.3292236328125,4.6395263671875,
0.068,0.0350341796875,-4.6094970703125,4.1190185546875,
0.0685,0.7156982421875,-4.8497314453125,3.5985107421875,
0.069,1.8768310546875,-4.9698486328125,2.5975341796875,
0.0695,2.8778076171875,-5.1300048828125,1.7567138671875,
0.07,3.5584716796875,-4.9298095703125,0.8358154296875,
0.0705,4.3192138671875,-5.0098876953125,0.1551513671875,
0.071,4.3992919921875,-4.2091064453125,-0.7257080078125,
0.0715,4.6395263671875,-3.8087158203125,-1.2862548828125,
0.072,4.6795654296875,-2.6876220703125,-2.4874267578125,
0.0725,4.7596435546875,-2.0469970703125,-3.1280517578125,
0.073,4.5594482421875,-1.0860595703125,-3.8887939453125,
0.0735,4.2391357421875,-0.1651611328125,-4.4493408203125,
0.074,3.3983154296875,0.7957763671875,-4.5694580078125,
0.0745,2.8778076171875,1.5965576171875,-4.7696533203125,
0.075,1.7967529296875,2.8377685546875,-4.9298095703125,
0.0755,1.1961669921875,3.2781982421875,-4.7296142578125,
0.076,0.2752685546875,4.1590576171875,-4.6495361328125,
0.0765,-0.6456298828125,4.3592529296875,-3.9288330078125,
0.077,-1.4063720703125,4.5594482421875,-3.4483642578125,
0.0775,-2.6876220703125,4.6395263671875,-2.2471923828125,
0.078,-3.6485595703125,4.7996826171875,-1.4464111328125,
0.0785,-4.2891845703125,4.3992919921875,-0.4854736328125,
0.079,-4.9698486328125,4.3592529296875,0.1951904296875,
0.0795,-4.9298095703125,3.5184326171875,1.1160888671875,
0.08,-5.0899658203125,3.0379638671875,1.6766357421875,
0.0805,-5.2100830078125,1.9569091796875,2.9178466796875,
0.081,-5.0899658203125,1.2362060546875,3.5184326171875,
0.0815,-4.9298095703125,0.2352294921875,4.2791748046875,
0.082,-4.4493408203125,-0.7257080078125,4.6795654296875,
0.0825,-3.6485595703125,-1.5665283203125,4.7596435546875,
0.083,-2.8878173828125,-2.4473876953125,4.8397216796875,
0.0835,-1.9268798828125,-3.6085205078125,4.9998779296875,
0.084,-1.1260986328125,-4.0089111328125,4.5594482421875,
0.0845,-0.3253173828125,-4.8096923828125,4.5594482421875,
0.085,0.6356201171875,-4.8497314453125,3.7186279296875,
0.0855,1.3162841796875,-5.0899658203125,3.1981201171875,
0.086,2.6375732421875,-5.1700439453125,1.9569091796875,
0.0865,3.5184326171875,-5.2501220703125,1.1961669921875,
0.087,4.0789794921875,-4.8897705078125,0.2352294921875,
0.0875,4.6395263671875,-4.7296142578125,-0.3653564453125,
0.088,4.5594482421875,-3.8487548828125,-1.2462158203125,
0.0885,4.6795654296875,-3.2481689453125,-1.8868408203125,
0.089,4.9598388671875,-2.2471923828125,-3.1280517578125,
0.0895,4.6395263671875,-1.4063720703125,-3.6085205078125,
0.09,4.5194091796875,-0.4854736328125,-4.4093017578125,
0.0905,3.7987060546875,0.5155029296875,-4.6094970703125,
0.091,3.1580810546875,1.3162841796875,-4.7296142578125,
0.0915,2.2371826171875,2.2772216796875,-4.8096923828125,
0.092,1.4764404296875,3.2781982421875,-5.0499267578125,
0.0925,0.5155029296875,3.7186279296875,-4.4893798828125,
0.093,-0.1651611328125,4.4393310546875,-4.4893798828125,
0.0935,-1.2061767578125,4.3592529296875,-3.4483642578125,
0.094,-1.8868408203125,4.5594482421875,-2.9678955078125,
0.0945,-3.2481689453125,4.6395263671875,-1.7667236328125,
0.095,-3.9688720703125,4.6395263671875,-0.9659423828125,
0.0955,-4.5294189453125,4.2791748046875,0.0350341796875,
0.096,-4.9298095703125,3.9989013671875,0.6356201171875,
0.0965,-4.8897705078125,3.1580810546875,1.4364013671875,
0.097,-4.9698486328125,2.5174560546875,2.0770263671875,
0.0975,-5.2501220703125,1.5965576171875,3.2381591796875,
0.098,-4.7696533203125,0.6756591796875,3.6785888671875,
0.0985,-4.7696533203125,-0.1251220703125,4.4393310546875,
0.099,-3.8487548828125,-1.1260986328125,4.4793701171875,
0.0995,-3.3682861328125,-1.8067626953125,4.6395263671875,
0.1,-2.4073486328125,-2.8477783203125,4.6795654296875,
0.1005,-1.6866455078125,-3.6885986328125,4.8397216796875,
0.101,-0.7657470703125,-4.1290283203125,4.2791748046875,
0.1015,-0.1651611328125,-4.6895751953125,4.2791748046875,
0.102,0.8758544921875,-4.6495361328125,3.1981201171875,
0.1025,1.5965576171875,-4.8897705078125,2.7176513671875,
0.103,2.8778076171875,-5.1700439453125,1.5164794921875,
0.1035,3.4783935546875,-4.8497314453125,0.9158935546875,
0.104,4.0389404296875,-4.7296142578125,0.1551513671875,
0.1045,4.2791748046875,-4.2091064453125,-0.5655517578125,
0.105,4.3592529296875,-3.5684814453125,-1.2462158203125,
0.1055,4.4393310546875,-2.8077392578125,-2.0870361328125,
0.106,4.7596435546875,-2.0870361328125,-3.0880126953125,
0.1065,4.1990966796875,-1.0860595703125,-3.5284423828125,
0.107,4.2391357421875,-0.3653564453125,-4.2491455078125,
0.1075,3.1981201171875,0.6756591796875,-4.2091064453125,
0.108,2.8778076171875,1.3162841796875,-4.4893798828125,
0.1085,1.9168701171875,2.4373779296875,-4.6094970703125,
0.109,1.2762451171875,3.1180419921875,-4.6094970703125,
0.1095,0.3553466796875,3.5985107421875,-4.2091064453125,
0.11,-0.2852783203125,3.9588623046875,-4.0089111328125,
0.1105,-1.2862548828125,3.9989013671875,-3.0479736328125,
0.111,-2.0870361328125,4.1590576171875,-2.5675048828125,
0.1115,-3.2882080078125,4.5194091796875,-1.5264892578125,
0.112,-3.7686767578125,4.1190185546875,-0.6856689453125,
0.1125,-4.3692626953125,4.1190185546875,-0.0850830078125,
0.113,-4.4093017578125,3.3582763671875,0.6756591796875,
0.1135,-4.5694580078125,2.8778076171875,1.3162841796875,
0.114,-4.6495361328125,2.0770263671875,2.2371826171875,
0.1145,-4.8897705078125,1.4364013671875,3.0780029296875,
0.115,-4.3292236328125,0.4354248046875,3.5184326171875,
0.1155,-4.3692626953125,-0.1651611328125,4.1190185546875,
0.116,-3.3282470703125,-1.2061767578125,3.9989013671875,
0.1165,-3.0479736328125,-1.7667236328125,4.3592529296875,
0.117,-2.1671142578125,-2.8477783203125,4.4793701171875,
0.1175,-1.4864501953125,-3.3282470703125,4.2791748046875,
0.118,-0.7657470703125,-3.9688720703125,4.1190185546875,
0.1185,0.0350341796875,-4.1690673828125,3.5985107421875,
0.119,0.8358154296875,-4.3692626953125,2.8778076171875,
0.1195,1.6766357421875,-4.4893798828125,2.2772216796875,
0.12,2.7576904296875,-4.7696533203125,1.5164794921875,
0.1205,3.1580810546875,-4.3292236328125,0.7557373046875,
0.121,3.7186279296875,-4.4893798828125,0.2752685546875,
0.1215,3.7186279296875,-3.6085205078125,-0.5655517578125,
0.122,3.9989013671875,-3.2882080078125,-1.1661376953125,
0.1225,4.1590576171875,-2.4874267578125,-2.1270751953125,
0.123,4.2391357421875,-1.9268798828125,-2.7677001953125,
0.1235,3.8787841796875,-0.9659423828125,-3.3282470703125,
0.124,3.6385498046875,-0.2852783203125,-3.7686767578125,
0.1245,2.8778076171875,0.6356201171875,-3.8487548828125,
0.125,2.5174560546875,1.3162841796875,-4.1290283203125,
0.1255,1.7967529296875,2.3172607421875,-4.4093017578125,
0.126,1.0760498046875,2.6776123046875,-4.0889892578125,
0.1265,0.5155029296875,3.3182373046875,-4.1290283203125,
0.127,-0.4454345703125,3.3983154296875,-3.3282470703125,
0.1275,-1.2061767578125,3.7586669921875,-2.8477783203125,
0.128,-2.2071533203125,3.9188232421875,-2.0469970703125,
0.1285,-3.0479736328125,4.1590576171875,-1.4063720703125,
0.129,-3.4483642578125,3.7586669921875,-0.6055908203125,
0.1295,-3.8887939453125,3.7987060546875,-0.2452392578125,
0.13,-3.9288330078125,2.9178466796875,0.6356201171875,
0.1305,-4.2091064453125,2.6375732421875,1.2762451171875,
0.131,-4.4893798828125,1.9168701171875,2.2371826171875,
0.1315,-4.3692626953125,1.2362060546875,2.7576904296875,
0.132,-4.2091064453125,0.3953857421875,3.3983154296875,
0.1325,-3.6885986328125,-0.3253173828125,3.5985107421875,
0.133,-3.1680908203125,-1.1260986328125,3.8387451171875,
0.1335,-2.6876220703125,-1.8868408203125,3.9989013671875,
0.134,-2.0469970703125,-2.7677001953125,4.2391357421875,
0.1345,-1.2862548828125,-3.1680908203125,3.8787841796875,
0.135,-0.8057861328125,-3.7686767578125,3.9188232421875,
0.1355,0.1951904296875,-3.7686767578125,2.9979248046875,
0.136,0.8758544921875,-4.1290283203125,2.6776123046875,
0.1365,1.9569091796875,-4.3292236328125,1.8768310546875,
0.137,2.5574951171875,-4.4093017578125,1.3162841796875,
0.1375,3.0379638671875,-4.2091064453125,0.6356201171875,
0.138,3.3582763671875,-3.9688720703125,0.1951904296875,
0.1385,3.5184326171875,-3.3282470703125,-0.6456298828125,
0.139,3.7987060546875,-2.9278564453125,-1.2862548828125,
0.1395,4.1190185546875,-2.2872314453125,-2.2471923828125,
0.14,3.7987060546875,-1.4864501953125,-2.7276611328125,
0.1405,3.7987060546875,-0.8057861328125,-3.3682861328125,
0.141,3.0379638671875,0.0750732421875,-3.4483642578125,
0.1415,2.7576904296875,0.7557373046875,-3.8487548828125,
0.142,2.1170654296875,1.5965576171875,-4.0889892578125,
0.1425,1.5965576171875,2.2772216796875,-4.2491455078125,
0.143,0.7957763671875,2.7176513671875,-3.8487548828125,
0.1435,0.2752685546875,3.2381591796875,-3.7686767578125,
0.144,-0.8057861328125,3.3582763671875,-2.8077392578125,
0.1445,-1.5665283203125,3.7186279296875,-2.4874267578125,
0.145,-2.5675048828125,3.9588623046875,-1.6466064453125,
0.1455,-3.0880126953125,3.7987060546875,-1.0460205078125,
0.146,-3.5684814453125,3.7186279296875,-0.4854736328125,
0.1465,-3.7286376953125,3.1981201171875,0.1951904296875,
0.147,-3.9688720703125,2.7176513671875,0.9559326171875,
0.1475,-4.1690673828125,2.1170654296875,1.6766357421875,
0.148,-4.4893798828125,1.5965576171875,2.5174560546875,
0.1485,-4.0089111328125,0.6356201171875,2.9578857421875,
0.149,-4.0889892578125,0.0750732421875,3.5584716796875,
0.1495,-3.1680908203125,-0.8858642578125,3.5584716796875,
0.15,-2.9278564453125,-1.5264892578125,3.9188232421875,
0.1505,-2.1671142578125,-2.4073486328125,4.0789794921875,
0.151,-1.6065673828125,-3.0479736328125,3.9989013671875,
0.1515,-0.9259033203125,-3.4083251953125,3.7987060546875,
0.152,-0.2452392578125,-3.7286376953125,3.3983154296875,
0.1525,0.7957763671875,-3.8887939453125,2.6375732421875,
0.153,1.5565185546875,-4.2091064453125,2.1571044921875,
0.1535,2.4774169921875,-4.4493408203125,1.4364013671875,
0.154,2.8778076171875,-4.1290283203125,0.7957763671875,
0.1545,3.3582763671875,-4.1290283203125,0.3153076171875,
0.155,3.3983154296875,-3.4083251953125,-0.4854736328125,
0.1555,3.7586669921875,-3.0479736328125,-1.2061767578125,
0.156,3.8787841796875,-2.2872314453125,-1.9669189453125,
0.1565,4.0789794921875,-1.7667236328125,-2.7276611328125,
0.157,3.5584716796875,-0.7657470703125,-3.1280517578125,
0.1575,3.3983154296875,-0.2452392578125,-3.5684814453125,
0.158,2.5574951171875,0.7557373046875,-3.6885986328125,
0.1585,2.3172607421875,1.3563232421875,-4.0489501953125,
0.159,1.5965576171875,2.2772216796875,-4.2091064453125,
0.1595,0.9158935546875,2.7977294921875,-3.9688720703125,
0.16,0.2352294921875,3.2381591796875,-3.7686767578125,
0.1605,-0.6856689453125,3.4383544921875,-3.0479736328125,
0.161,-1.5665283203125,3.7186279296875,-2.4073486328125,
0.1615,-2.4073486328125,3.8787841796875,-1.7667236328125,
0.162,-3.2081298828125,4.0389404296875,-1.1260986328125,
0.1625,-3.5284423828125,3.5584716796875,-0.3653564453125,
0.163,-3.9288330078125,3.5184326171875,0.1151123046875,
0.1635,-3.9688720703125,2.5975341796875,1.0360107421875,
0.164,-4.3292236328125,2.2772216796875,1.6766357421875,
0.1645,-4.4093017578125,1.4764404296875,2.5574951171875,
0.165,-4.3692626953125,0.7957763671875,3.1981201171875,
0.1655,-3.8887939453125,-0.1251220703125,3.5184326171875,
0.166,-3.5284423828125,-0.7657470703125,3.7987060546875,
0.1665,-2.6876220703125,-1.8067626953125,3.9188232421875,
0.167,-2.3272705078125,-2.4073486328125,4.1190185546875,
0.1675,-1.5665283203125,-3.2081298828125,4.2391357421875,
0.168,-0.8057861328125,-3.5284423828125,3.8387451171875,
0.1685,-0.2052001953125,-3.9688720703125,3.5985107421875,
0.169,0.8358154296875,-4.0889892578125,2.6776123046875,
0.1695,1.6766357421875,-4.3292236328125,2.1170654296875,
0.17,2.5174560546875,-4.4093017578125,1.3963623046875,
0.1705,3.1981201171875,-4.4893798828125,0.7957763671875,
0.171,3.4383544921875,-4.0089111328125,0.1151123046875,
0.1715,3.7586669921875,-3.7686767578125,-0.4854736328125,
0.172,3.8787841796875,-2.8878173828125,-1.4464111328125,
0.1725,4.0789794921875,-2.4473876953125,-2.0469970703125,
0.173,4.1590576171875,-1.6466064453125,-2.9278564453125,
0.1735,3.8787841796875,-0.8057861328125,-3.4483642578125,
0.174,3.3983154296875,0.0350341796875,-3.8087158203125,
0.1745,2.7977294921875,0.8358154296875,-3.9688720703125,
0.175,2.1571044921875,1.7567138671875,-4.2891845703125,
0.1755,1.5965576171875,2.3973388671875,-4.2091064453125,
0.176,0.8758544921875,3.1981201171875,-4.3292236328125,
0.1765,0.0350341796875,3.4383544921875,-3.7686767578125,
0.177,-0.6456298828125,3.8387451171875,-3.4884033203125,
0.1775,-1.8468017578125,3.9188232421875,-2.3673095703125,
0.178,-2.6475830078125,4.1590576171875,-1.8067626953125,
0.1785,-3.4483642578125,4.0789794921875,-0.9659423828125,
0.179,-4.0089111328125,3.9989013671875,-0.3253173828125,
0.1795,-4.1690673828125,3.3983154296875,0.4354248046875,
0.18,-4.3292236328125,2.9578857421875,1.0360107421875,
0.1805,-4.5694580078125,2.1170654296875,2.0770263671875,
0.181,-4.5294189453125,1.5164794921875,2.6375732421875,
0.1815,-4.6495361328125,0.6756591796875,3.5584716796875,
0.182,-4.0889892578125,-0.2852783203125,3.8787841796875,
0.1825,-3.6885986328125,-0.9659423828125,4.1590576171875,
0.183,-2.8477783203125,-1.9268798828125,4.1990966796875,
0.1835,-2.2071533203125,-2.8077392578125,4.4793701171875,
0.184,-1.4464111328125,-3.3282470703125,4.2391357421875,
0.1845,-0.7657470703125,-4.0889892578125,4.3192138671875,
0.185,0.1151123046875,-4.2091064453125,3.5584716796875,
0.1855,0.7957763671875,-4.5294189453125,3.1981201171875,
0.186,2.0770263671875,-4.6495361328125,2.0369873046875,
0.1865,2.8377685546875,-4.7696533203125,1.4364013671875,
0.187,3.5584716796875,-4.6094970703125,0.5955810546875,
0.1875,3.9989013671875,-4.4493408203125,-0.0850830078125,
0.188,4.1190185546875,-3.8487548828125,-0.7657470703125,
0.1885,4.2391357421875,-3.1680908203125,-1.5665283203125,
0.189,4.5194091796875,-2.4073486328125,-2.5675048828125,
0.1895,4.3192138671875,-1.5665283203125,-3.1680908203125,
0.19,4.3592529296875,-0.8057861328125,-4.0089111328125,
0.1905,3.5184326171875,0.2352294921875,-4.1690673828125,
0.191,3.1580810546875,0.9158935546875,-4.4493408203125,
0.1915,2.1170654296875,2.0770263671875,-4.4893798828125,
0.192,1.5565185546875,2.9178466796875,-4.7296142578125,
0.1925,0.6356201171875,3.4783935546875,-4.3292236328125,
0.193,-0.0450439453125,4.0789794921875,-4.2891845703125,
0.1935,-0.9659423828125,4.1190185546875,-3.3682861328125,
0.194,-1.7667236328125,4.3592529296875,-2.8878173828125,
0.1945,-3.1680908203125,4.5194091796875,-1.6466064453125,
0.195,-3.8087158203125,4.4393310546875,-0.9659423828125,
0.1955,-4.4893798828125,4.2391357421875,-0.1251220703125,
0.196,-4.7296142578125,3.8387451171875,0.6356201171875,
0.1965,-4.8096923828125,3.1180419921875,1.3162841796875,
0.197,-4.8497314453125,2.3172607421875,2.1571044921875,
0.1975,-5.1300048828125,1.5565185546875,3.2381591796875,
0.198,-4.6495361328125,0.5555419921875,3.6785888671875,
0.1985,-4.7296142578125,-0.2452392578125,4.4793701171875,
0.199,-3.7286376953125,-1.2462158203125,4.4793701171875,
0.1995,-3.3282470703125,-1.8868408203125,4.6795654296875,
0.2,-2.2471923828125,-3.0479736328125,4.7596435546875,
0.2005,-1.5264892578125,-3.8087158203125,4.7596435546875,
0.201,-0.6055908203125,-4.3292236328125,4.3592529296875,
0.2015,0.0750732421875,-4.8096923828125,4.1590576171875,
0.202,1.0760498046875,-4.8096923828125,3.1981201171875,
0.2025,1.8768310546875,-4.9698486328125,2.5975341796875,
0.203,3.2381591796875,-5.2100830078125,1.4364013671875,
0.2035,3.7987060546875,-4.8497314453125,0.6356201171875,
0.204,4.4393310546875,-4.8096923828125,-0.1251220703125,
0.2045,4.5194091796875,-4.1290283203125,-0.8858642578125,
0.205,4.6395263671875,-3.5284423828125,-1.5665283203125,
0.2055,4.6795654296875,-2.5675048828125,-2.5274658203125,
0.206,4.9197998046875,-1.8868408203125,-3.5284423828125,
0.2065,4.3192138671875,-0.7657470703125,-3.9688720703125,
0.207,4.2391357421875,0.0350341796875,-4.6895751953125,
0.2075,3.1580810546875,1.1561279296875,-4.6094970703125,
0.208,2.7176513671875,1.7967529296875,-4.8096923828125,
0.2085,1.6365966796875,3.0379638671875,-4.9298095703125,
0.209,0.8358154296875,3.7186279296875,-4.7696533203125,
0.2095,-0.0450439453125,4.1590576171875,-4.4093017578125,
0.21,-0.7657470703125,4.5194091796875,-3.9688720703125,
0.2105,-1.8468017578125,4.5194091796875,-2.9678955078125,
0.211,-2.6876220703125,4.6795654296875,-2.2471923828125,
0.2115,-4.0489501953125,4.9197998046875,-1.1661376953125,
0.212,-4.4493408203125,4.3592529296875,-0.2452392578125,
0.2125,-5.0499267578125,4.3592529296875,0.3953857421875,
0.213,-5.0499267578125,3.3983154296875,1.3162841796875,
0.2135,-5.1300048828125,2.7576904296875,1.9969482421875,
0.214,-5.1700439453125,1.7567138671875,2.9979248046875,
0.2145,-5.2901611328125,0.9559326171875,3.8787841796875,
0.215,-4.6094970703125,-0.1651611328125,4.2791748046875,
0.2155,-4.5294189453125,-0.8458251953125,4.8797607421875,
0.216,-3.3282470703125,-1.9669189453125,4.7596435546875,
0.2165,-2.8477783203125,-2.5675048828125,4.8797607421875,
0.217,-1.7266845703125,-3.8487548828125,4.9998779296875,
0.2175,-0.8458251953125,-4.3692626953125,4.6395263671875,
0.218,-0.0450439453125,-4.8497314453125,4.3592529296875,
0.2185,0.8358154296875,-5.0899658203125,3.6785888671875,
0.219,1.8367919921875,-5.0899658203125,2.7176513671875,
0.2195,2.7176513671875,-5.1700439453125,1.9569091796875,
0.22,3.8787841796875,-5.3702392578125,0.9959716796875,
0.2205,4.1990966796875,-4.7696533203125,0.0350341796875,
0.221,4.7996826171875,-4.7296142578125,-0.5655517578125,
0.2215,4.7596435546875,-3.5684814453125,-1.6065673828125,
0.222,4.8397216796875,-3.0880126953125,-2.2471923828125,
0.2225,4.8797607421875,-2.0469970703125,-3.2882080078125,
0.223,4.8397216796875,-1.2862548828125,-4.0489501953125,
0.2235,4.1590576171875,-0.1251220703125,-4.4493408203125,
0.224,3.8787841796875,0.6756591796875,-4.8497314453125,
0.2245,2.6375732421875,1.8367919921875,-4.8096923828125,
0.225,2.1971435546875,2.4774169921875,-4.8897705078125,
0.2255,1.1961669921875,3.6385498046875,-5.0499267578125,
0.226,0.1951904296875,4.0389404296875,-4.4893798828125,
0.2265,-0.4854736328125,4.5594482421875,-4.3292236328125,
0.227,-1.5665283203125,4.6395263671875,-3.3282470703125,
0.2275,-2.5274658203125,4.6795654296875,-2.4874267578125,
0.228,-3.4483642578125,4.6795654296875,-1.5665283203125,
0.2285,-4.4893798828125,4.8397216796875,-0.6856689453125,
0.229,-4.6895751953125,4.1190185546875,0.2752685546875,
0.2295,-5.1300048828125,3.9989013671875,0.7957763671875,
0.23,-5.0499267578125,2.7576904296875,1.9168701171875,
0.2305,-5.1300048828125,2.2772216796875,2.4373779296875,
0.231,-5.2100830078125,1.2362060546875,3.5184326171875,
0.2315,-4.9698486328125,0.4354248046875,4.1190185546875,
0.232,-4.4093017578125,-0.6055908203125,4.5194091796875,
0.2325,-3.8887939453125,-1.3663330078125,4.7596435546875,
0.233,-2.8477783203125,-2.4473876953125,4.7596435546875,
0.2335,-2.2872314453125,-3.0479736328125,4.7996826171875,
0.234,-1.3262939453125,-4.1290283203125,4.8797607421875,
0.2345,-0.4053955078125,-4.4493408203125,4.2391357421875,
0.235,0.1951904296875,-4.8897705078125,4.1190185546875,
0.2355,1.4364013671875,-4.9298095703125,2.9578857421875,
0.236,2.2371826171875,-5.0499267578125,2.3172607421875,
0.2365,3.1580810546875,-5.0499267578125,1.3563232421875,
0.237,3.9588623046875,-5.0499267578125,0.6356201171875,
0.2375,4.1590576171875,-4.4893798828125,-0.2452392578125,
0.238,4.5194091796875,-4.2491455078125,-0.8057861328125,
0.2385,4.5194091796875,-3.1680908203125,-1.9268798828125,
0.239,4.5994873046875,-2.6876220703125,-2.4473876953125,
0.2395,4.7596435546875,-1.6866455078125,-3.4884033203125,
0.24,4.3192138671875,-0.7657470703125,-3.9688720703125,
0.2405,3.9188232421875,0.1151123046875,-4.4093017578125,
0.241,3.1580810546875,1.0360107421875,-4.4893798828125,
0.2415,2.3973388671875,1.9969482421875,-4.6895751953125,
0.242,1.7967529296875,2.6375732421875,-4.6895751953125,
0.2425,0.9559326171875,3.5985107421875,-4.7696533203125,
0.243,0.0350341796875,3.8787841796875,-4.0889892578125,
0.2435,-0.6055908203125,4.3192138671875,-3.9688720703125,
0.244,-1.9268798828125,4.3192138671875,-2.6475830078125,
0.2445,-2.5675048828125,4.5194091796875,-2.1671142578125,
0.245,-3.6085205078125,4.4793701171875,-1.2061767578125,
0.2455,-4.2091064453125,4.3592529296875,-0.4854736328125,
0.246,-4.4893798828125,3.7987060546875,0.3553466796875,
0.2465,-4.6495361328125,3.3582763671875,0.9559326171875,
0.247,-4.7696533203125,2.3973388671875,1.9569091796875,
0.2475,-4.8096923828125,1.9168701171875,2.5174560546875,
0.248,-4.9698486328125,1.0360107421875,3.4783935546875,
0.2485,-4.3692626953125,0.0750732421875,3.8787841796875,
0.249,-4.1690673828125,-0.6055908203125,4.3592529296875,
0.2495,-3.2081298828125,-1.6065673828125,4.3592529296875,
0.25,-2.6876220703125,-2.4073486328125,4.5194091796875,
0.2505,-1.8868408203125,-3.1280517578125,4.4793701171875,
0.251,-1.1661376953125,-3.8887939453125,4.5194091796875,
0.2515,-0.2852783203125,-4.1290283203125,3.8787841796875,
0.252,0.3153076171875,-4.4893798828125,3.6385498046875,
0.2525,1.5565185546875,-4.4893798828125,2.4373779296875,
0.253,2.1971435546875,-4.7696533203125,2.0369873046875,
0.2535,3.1580810546875,-4.8096923828125,1.1561279296875,
0.254,3.5584716796875,-4.5294189453125,0.4354248046875,
0.2545,3.8787841796875,-4.2491455078125,-0.2452392578125,
0.255,3.9989013671875,-3.5684814453125,-0.9659423828125,
0.2555,4.2391357421875,-2.8878173828125,-1.8067626953125,
0.256,4.1990966796875,-2.2471923828125,-2.4073486328125,
0.2565,4.4393310546875,-1.5665283203125,-3.3282470703125,
0.257,3.7186279296875,-0.4854736328125,-3.6085205078125,
0.2575,3.5985107421875,0.1551513671875,-4.0889892578125,
0.258,2.5574951171875,1.1961669921875,-4.0889892578125,
0.2585,2.2772216796875,1.8768310546875,-4.4493408203125,
0.259,1.4364013671875,2.5975341796875,-4.3292236328125,
0.2595,0.7957763671875,3.1981201171875,-4.2491455078125,
0.26,0.0350341796875,3.5184326171875,-3.7286376953125,
0.2605,-0.7657470703125,3.7987060546875,-3.3282470703125,
0.261,-1.9268798828125,3.9188232421875,-2.3272705078125,
0.2615,-2.5274658203125,4.0789794921875,-1.8468017578125,
0.262,-3.4483642578125,4.1590576171875,-1.0860595703125,
0.2625,-3.7686767578125,3.7186279296875,-0.3653564453125,
0.263,-4.1290283203125,3.5184326171875,0.1951904296875,
0.2635,-4.1290283203125,2.7576904296875,1.0360107421875,
0.264,-4.4893798828125,2.3172607421875,1.7967529296875,
0.2645,-4.4493408203125,1.5965576171875,2.4774169921875,
0.265,-4.5694580078125,0.9559326171875,3.1981201171875,
0.2655,-3.8887939453125,0.0350341796875,3.5184326171875,
0.266,-3.8087158203125,-0.6055908203125,3.9188232421875,
0.2665,-2.8077392578125,-1.6466064453125,3.9588623046875,
0.267,-2.5274658203125,-2.2471923828125,4.2391357421875,
0.2675,-1.7266845703125,-3.0479736328125,4.2391357421875,
0.268,-1.0860595703125,-3.5284423828125,3.9989013671875,
0.2685,-0.2852783203125,-3.8487548828125,3.5985107421875,
0.269,0.5155029296875,-4.0489501953125,2.9979248046875,
0.2695,1.4764404296875,-4.3292236328125,2.3172607421875,
0.27,2.1971435546875,-4.4493408203125,1.6766357421875,
0.2705,2.9578857421875,-4.6094970703125,1.1160888671875,
0.271,3.1981201171875,-4.1290283203125,0.3553466796875,
0.2715,3.5985107421875,-3.9288330078125,-0.1651611328125,
0.272,3.6785888671875,-3.0880126953125,-1.0860595703125,
0.2725,3.9989013671875,-2.7677001953125,-1.7266845703125,
0.273,3.9989013671875,-1.9268798828125,-2.4874267578125,
0.2735,3.9188232421875,-1.2862548828125,-3.1280517578125,
0.274,3.3582763671875,-0.3253173828125,-3.4483642578125,
0.2745,3.0780029296875,0.2752685546875,-3.7286376953125,
0.275,2.3572998046875,1.3162841796875,-3.9688720703125,
0.2755,2.0369873046875,1.8367919921875,-4.1290283203125,
0.276,1.2762451171875,2.6375732421875,-4.2091064453125,
0.2765,0.5555419921875,2.9578857421875,-3.8087158203125,
0.277,-0.1251220703125,3.3983154296875,-3.5284423828125,
0.2775,-1.1661376953125,3.5184326171875,-2.6475830078125,
0.278,-1.9669189453125,3.8787841796875,-2.2071533203125,
0.2785,-2.7276611328125,3.7987060546875,-1.4063720703125,
0.279,-3.3282470703125,3.9188232421875,-0.9659423828125,
0.2795,-3.5684814453125,3.3983154296875,-0.1251220703125,
0.28,-3.8887939453125,3.1981201171875,0.3553466796875,
0.2805,-4.0889892578125,2.4373779296875,1.3162841796875,
0.281,-4.3292236328125,2.0369873046875,1.9168701171875,
0.2815,-4.3692626953125,1.2762451171875,2.7576904296875,
0.282,-4.0889892578125,0.5155029296875,3.1981201171875,
0.2825,-3.6885986328125,-0.2852783203125,3.5584716796875,
0.283,-3.1680908203125,-1.0059814453125,3.7186279296875,
0.2835,-2.6075439453125,-1.9268798828125,4.0389404296875,
0.284,-2.0870361328125,-2.4874267578125,3.9989013671875,
0.2845,-1.4464111328125,-3.2081298828125,4.1590576171875,
0.285,-0.6055908203125,-3.4884033203125,3.5584716796875,
0.2855,0.0350341796875,-3.8887939453125,3.3582763671875,
0.286,1.1160888671875,-4.0889892578125,2.4373779296875,
0.2865,1.8367919921875,-4.4493408203125,1.9969482421875,
0.287,2.5975341796875,-4.3692626953125,1.1961669921875,
0.2875,3.0780029296875,-4.3292236328125,0.7156982421875,
0.288,3.3182373046875,-3.8087158203125,0.0350341796875,
0.2885,3.5584716796875,-3.4083251953125,-0.6055908203125,
0.289,3.8787841796875,-2.8077392578125,-1.5665283203125,
0.2895,3.8787841796875,-2.2071533203125,-2.1270751953125,
0.29,4.0389404296875,-1.4864501953125,-2.9678955078125,
0.2905,3.4783935546875,-0.6055908203125,-3.2481689453125,
0.291,3.1981201171875,0.0750732421875,-3.6485595703125,
0.2915,2.4774169921875,0.9959716796875,-3.8087158203125,
0.292,2.1170654296875,1.7967529296875,-4.1690673828125,
0.2925,1.3563232421875,2.3572998046875,-3.9688720703125,
0.293,0.7957763671875,2.9979248046875,-4.0889892578125,
0.2935,-0.0850830078125,3.1981201171875,-3.3682861328125,
0.294,-0.7657470703125,3.5184326171875,-3.0479736328125,
0.2945,-1.9268798828125,3.6785888671875,-2.1270751953125,
0.295,-2.5675048828125,3.8787841796875,-1.6466064453125,
0.2955,-3.3282470703125,3.8787841796875,-0.8858642578125,
0.296,-3.6885986328125,3.5985107421875,-0.2852783203125,
0.2965,-3.8487548828125,3.1981201171875,0.3553466796875,
0.297,-4.0089111328125,2.5574951171875,1.0760498046875,
0.2975,-4.4093017578125,2.0369873046875,1.9569091796875,
0.298,-4.2091064453125,1.3162841796875,2.5174560546875,
0.2985,-4.4093017578125,0.6356201171875,3.3582763671875,
0.299,-3.6485595703125,-0.2852783203125,3.4783935546875,
0.2995,-3.4884033203125,-0.8458251953125,3.8787841796875,
0.3,-2.5675048828125,-1.9268798828125,3.9989013671875,
0.3005,-2.2071533203125,-2.5675048828125,4.1990966796875,
0.301,-1.3663330078125,-3.1680908203125,3.9989013671875,
0.3015,-0.7657470703125,-3.6885986328125,3.9588623046875,
0.302,0.0350341796875,-3.8887939453125,3.1981201171875,
0.3025,0.8358154296875,-4.2091064453125,2.7576904296875,
0.303,1.9969482421875,-4.4893798828125,1.9168701171875,
0.3035,2.5975341796875,-4.4093017578125,1.3162841796875,
0.304,3.2781982421875,-4.4893798828125,0.6756591796875,
0.3045,3.5184326171875,-3.9688720703125,0.0350341796875,
0.305,3.7586669921875,-3.6085205078125,-0.6456298828125,
0.3055,3.8787841796875,-2.8477783203125,-1.5264892578125,
0.306,4.1990966796875,-2.2872314453125,-2.3673095703125,
0.3065,3.8787841796875,-1.3663330078125,-2.9278564453125,
0.307,3.9188232421875,-0.6856689453125,-3.6085205078125,
0.3075,3.0780029296875,0.2752685546875,-3.6885986328125,
0.308,2.8377685546875,0.8758544921875,-4.0089111328125,
0.3085,1.9569091796875,1.9969482421875,-4.2491455078125,
0.309,1.3963623046875,2.5574951171875,-4.2491455078125,
0.3095,0.6356201171875,3.1981201171875,-4.1290283203125,
0.31,-0.0850830078125,3.5184326171875,-3.7686767578125,
0.3105,-0.9259033203125,3.6785888671875,-3.1680908203125,
0.311,-1.8468017578125,3.8787841796875,-2.4073486328125,
0.3115,-3.0079345703125,4.2391357421875,-1.5665283203125,
0.312,-3.4483642578125,3.8787841796875,-0.7657470703125,
0.3125,-4.1290283203125,4.0389404296875,-0.2452392578125,
0.313,-4.1290283203125,3.2381591796875,0.5555419921875,
0.3135,-4.3692626953125,2.8778076171875,1.1561279296875,
0.314,-4.4893798828125,1.9969482421875,2.1170654296875,
0.3145,-4.6895751953125,1.3963623046875,2.8778076171875,
0.315,-4.3292236328125,0.4354248046875,3.4783935546875,
0.3155,-4.1690673828125,-0.2452392578125,3.9989013671875,
0.316,-3.3282470703125,-1.1661376953125,3.9989013671875,
0.3165,-2.8878173828125,-1.8468017578125,4.2391357421875,
0.317,-2.0069580078125,-2.9678955078125,4.4793701171875,
0.3175,-1.2462158203125,-3.5684814453125,4.0789794921875,
0.318,-0.6456298828125,-4.1290283203125,4.1590576171875,
0.3185,0.2352294921875,-4.2891845703125,3.4783935546875,
0.319,1.0360107421875,-4.4493408203125,2.8778076171875,
0.3195,1.9969482421875,-4.5694580078125,2.0770263671875,
0.32,3.0780029296875,-4.8497314453125,1.3162841796875,
0.3205,3.4783935546875,-4.4093017578125,0.4754638671875,
0.321,4.0389404296875,-4.4893798828125,0.0350341796875,
0.3215,3.9989013671875,-3.5684814453125,-0.9659423828125,
0.322,4.2391357421875,-3.1280517578125,-1.5665283203125,
0.3225,4.4793701171875,-2.2471923828125,-2.6475830078125,
0.323,4.3592529296875,-1.5264892578125,-3.2882080078125,
0.3235,4.0389404296875,-0.5655517578125,-3.8887939453125,
0.324,3.5985107421875,0.3153076171875,-4.2491455078125,
0.3245,2.7576904296875,1.2762451171875,-4.2891845703125,
0.325,2.2371826171875,1.9969482421875,-4.4893798828125,
0.3255,1.3563232421875,2.9979248046875,-4.8096923828125,
0.326,0.5155029296875,3.4783935546875,-4.2091064453125,
0.3265,-0.1251220703125,4.0389404296875,-4.2891845703125,
0.327,-1.2061767578125,4.1590576171875,-3.2081298828125,
0.3275,-2.0069580078125,4.3592529296875,-2.5675048828125,
0.328,-3.1280517578125,4.4393310546875,-1.6065673828125,
0.3285,-4.0089111328125,4.5194091796875,-0.8057861328125,
0.329,-4.3292236328125,3.9989013671875,0.0350341796875,
0.3295,-4.7696533203125,3.8787841796875,0.5955810546875,
0.33,-4.7296142578125,2.7576904296875,1.5965576171875,
0.3305,-4.8096923828125,2.2772216796875,2.1971435546875,
0.331,-5.0499267578125,1.3162841796875,3.3182373046875,
0.3315,-4.6895751953125,0.4754638671875,3.8387451171875,
0.332,-4.4093017578125,-0.4454345703125,4.3592529296875,
0.3325,-3.6885986328125,-1.3262939453125,4.5194091796875,
0.333,-2.8477783203125,-2.2471923828125,4.5594482421875,
0.3335,-2.2071533203125,-3.0479736328125,4.6395263671875,
0.334,-1.3262939453125,-4.0489501953125,4.7996826171875,
0.3345,-0.3653564453125,-4.3292236328125,4.1190185546875,
0.335,0.1951904296875,-4.8096923828125,4.1190185546875,
0.3355,1.4364013671875,-4.8096923828125,2.8778076171875,
0.336,2.1170654296875,-4.9698486328125,2.2772216796875,
0.3365,3.2381591796875,-5.0499267578125,1.2762451171875,
0.337,3.9588623046875,-4.9698486328125,0.5155029296875,
0.3375,4.2391357421875,-4.4893798828125,-0.2852783203125,
0.338,4.5594482421875,-4.1290283203125,-0.9659423828125,
0.3385,4.5994873046875,-3.0479736328125,-2.0069580078125,
0.339,4.5994873046875,-2.4874267578125,-2.5675048828125,
0.3395,4.8397216796875,-1.5665283203125,-3.6885986328125,
0.34,4.2791748046875,-0.6055908203125,-4.1290283203125,
0.3405,3.9989013671875,0.2752685546875,-4.6094970703125,
0.341,3.0379638671875,1.3563232421875,-4.6495361328125,
0.3415,2.2371826171875,2.1971435546875,-4.8096923828125,
0.342,1.5565185546875,2.9578857421875,-4.8096923828125,
0.3425,0.6756591796875,3.8787841796875,-4.8497314453125,
0.343,-0.2852783203125,4.1590576171875,-4.1290283203125,
0.3435,-0.9659423828125,4.5994873046875,-3.9288330078125,
0.344,-2.3272705078125,4.5594482421875,-2.5274658203125,
0.3445,-3.0079345703125,4.6795654296875,-1.9669189453125,
0.345,-4.0889892578125,4.6795654296875,-0.9259033203125,
0.3455,-4.6495361328125,4.4393310546875,-0.0850830078125,
0.346,-4.9298095703125,3.8787841796875,0.6756591796875,
0.3465,-5.0899658203125,3.3182373046875,1.4364013671875,
0.347,-5.1300048828125,2.2772216796875,2.5174560546875,
0.3475,-5.0499267578125,1.5965576171875,3.0379638671875,
0.348,-5.2501220703125,0.7156982421875,4.0789794921875,
0.3485,-4.4893798828125,-0.3653564453125,4.3592529296875,
0.349,-4.2091064453125,-1.0860595703125,4.8397216796875,
0.3495,-3.0880126953125,-2.2872314453125,4.7996826171875,
0.35,-2.4073486328125,-3.0880126953125,4.9197998046875,
0.3505,-1.5264892578125,-3.8487548828125,4.7596435546875,
0.351,-0.6456298828125,-4.6094970703125,4.7196044921875,
0.3515,0.2752685546875,-4.8096923828125,3.9588623046875,
0.352,0.9959716796875,-5.1300048828125,3.5985107421875,
0.3525,2.3172607421875,-5.0899658203125,2.2772216796875,
0.353,2.9578857421875,-5.1700439453125,1.6365966796875,
0.3535,3.9989013671875,-5.1700439453125,0.6756591796875,
0.354,4.4393310546875,-4.7696533203125,-0.1651611328125,
0.3545,4.6395263671875,-4.2891845703125,-0.8858642578125,
0.355,4.7596435546875,-3.4884033203125,-1.7266845703125,
0.3555,4.8797607421875,-2.6075439453125,-2.7276611328125,
0.356,4.6795654296875,-1.8468017578125,-3.2882080078125,
0.3565,4.8397216796875,-0.9659423828125,-4.2891845703125,
0.357,3.9188232421875,0.2352294921875,-4.4893798828125,
0.3575,3.5985107421875,0.8758544921875,-4.8497314453125,
0.358,2.3973388671875,2.1571044921875,-4.8497314453125,
0.3585,1.8367919921875,2.8778076171875,-5.0499267578125,
0.359,0.9158935546875,3.6785888671875,-4.7696533203125,
0.3595,0.0350341796875,4.3592529296875,-4.6094970703125,
0.36,-0.8858642578125,4.4793701171875,-3.8087158203125,
0.3605,-1.7266845703125,4.7596435546875,-3.2481689453125,
0.361,-3.1280517578125,4.7996826171875,-1.9669189453125,
0.3615,-3.6885986328125,4.7196044921875,-1.2862548828125,
0.362,-4.6495361328125,4.6795654296875,-0.3253173828125,
0.3625,-4.9298095703125,4.1190185546875,0.5155029296875,
0.363,-5.1300048828125,3.5985107421875,1.1961669921875,
0.3635,-5.1300048828125,2.6375732421875,2.1170654296875,
0.364,-5.3302001953125,1.8768310546875,3.0780029296875,
0.3645,-4.9698486328125,0.9959716796875,3.5985107421875,
0.365,-5.0899658203125,0.1551513671875,4.5194091796875,
0.3655,-4.0889892578125,-1.0059814453125,4.5594482421875,
0.366,-3.7686767578125,-1.6866455078125,4.8397216796875,
0.3665,-2.4874267578125,-2.8477783203125,4.9197998046875,
0.367,-1.9268798828125,-3.5284423828125,4.9197998046875,
0.3675,-0.9659423828125,-4.2891845703125,4.6395263671875,
0.368,-0.1251220703125,-4.8096923828125,4.3592529296875,
0.3685,0.7156982421875,-4.8897705078125,3.5985107421875,
0.369,1.5965576171875,-5.0899658203125,2.9178466796875,
0.3695,2.8778076171875,-5.2100830078125,1.7967529296875,
0.37,3.3983154296875,-4.9698486328125,1.1160888671875,
0.3705,4.2391357421875,-5.0499267578125,0.3153076171875,
0.371,4.4393310546875,-4.3292236328125,-0.6055908203125,
0.3715,4.6395263671875,-3.9288330078125,-1.1661376953125,
0.372,4.6395263671875,-2.8878173828125,-2.2071533203125,
0.3725,4.8397216796875,-2.2872314453125,-3.0079345703125,
0.373,4.5194091796875,-1.2862548828125,-3.6085205078125,
0.3735,4.4793701171875,-0.5655517578125,-4.3692626953125,
0.374,3.4383544921875,0.5955810546875,-4.4093017578125,
0.3745,3.1981201171875,1.2362060546875,-4.7696533203125,
0.375,1.9969482421875,2.5174560546875,-4.7696533203125,
0.3755,1.4764404296875,2.9979248046875,-4.7696533203125,
0.376,0.5555419921875,3.7987060546875,-4.5694580078125,
0.3765,-0.2852783203125,4.1590576171875,-4.1290283203125,
0.377,-1.1260986328125,4.3192138671875,-3.4884033203125,
0.3775,-2.0870361328125,4.4393310546875,-2.6075439453125,
0.378,-3.2481689453125,4.6795654296875,-1.7266845703125,
0.3785,-3.8087158203125,4.3592529296875,-0.9259033203125,
0.379,-4.5294189453125,4.4393310546875,-0.1651611328125,
0.3795,-4.6094970703125,3.5985107421875,0.6756591796875,
0.38,-4.8096923828125,3.2381591796875,1.2762451171875,
0.3805,-4.8897705078125,2.2371826171875,2.3172607421875,
0.381,-5.0499267578125,1.6365966796875,2.9979248046875,
0.3815,-4.6895751953125,0.6356201171875,3.6385498046875,
0.382,-4.5294189453125,-0.2052001953125,4.1990966796875,
0.3825,-3.6885986328125,-1.2061767578125,4.2391357421875,
0.383,-3.2481689453125,-1.7667236328125,4.5194091796875,
0.3835,-2.2471923828125,-2.9278564453125,4.6395263671875,
0.384,-1.6866455078125,-3.3282470703125,4.5194091796875,
0.3845,-0.8458251953125,-4.1290283203125,4.4393310546875,
0.385,0.0350341796875,-4.3292236328125,3.7987060546875,
0.3855,0.7557373046875,-4.6094970703125,3.3182373046875,
0.386,1.7967529296875,-4.6895751953125,2.3572998046875,
0.3865,2.7576904296875,-4.9698486328125,1.6365966796875,
0.387,3.2781982421875,-4.6094970703125,0.7957763671875,
0.3875,3.9188232421875,-4.6895751953125,0.2752685546875,
0.388,3.9989013671875,-3.8487548828125,-0.6055908203125,
0.3885,4.1590576171875,-3.5284423828125,-1.1260986328125,
0.389,4.3592529296875,-2.6075439453125,-2.2071533203125,
0.3895,4.3992919921875,-2.0469970703125,-2.8077392578125,
0.39,4.2391357421875,-1.1260986328125,-3.5284423828125,
0.3905,3.7987060546875,-0.3253173828125,-3.9288330078125,
0.391,3.1981201171875,0.5955810546875,-4.0889892578125,
0.3915,2.5574951171875,1.3563232421875,-4.2891845703125,
0.392,1.9569091796875,2.3973388671875,-4.6094970703125,
0.3925,1.2362060546875,2.7576904296875,-4.2891845703125,
0.393,0.5555419921875,3.5584716796875,-4.3692626953125,
0.3935,-0.4053955078125,3.5985107421875,-3.5284423828125,
0.394,-1.0860595703125,3.9989013671875,-3.1680908203125,
0.3945,-2.2471923828125,4.0789794921875,-2.1270751953125,
0.395,-3.0079345703125,4.3592529296875,-1.5665283203125,
0.3955,-3.5684814453125,3.9989013671875,-0.6856689453125,
0.396,-4.0889892578125,3.9588623046875,-0.2452392578125,
0.3965,-4.1290283203125,3.1981201171875,0.6356201171875,
0.397,-4.3292236328125,2.7977294921875,1.1961669921875,
0.3975,-4.6094970703125,1.9969482421875,2.2371826171875,
0.398,-4.4893798828125,1.3563232421875,2.7176513671875,
0.3985,-4.4893798828125,0.5155029296875,3.4783935546875,
0.399,-3.8487548828125,-0.2852783203125,3.7186279296875,
0.3995,-3.5284423828125,-0.9659423828125,3.9989013671875,
0.4,-2.7276611328125,-1.8468017578125,4.1190185546875,
0.4005,-2.2471923828125,-2.6876220703125,4.3592529296875,
0.401,-1.4464111328125,-3.1280517578125,4.0389404296875,
0.4015,-0.9259033203125,-3.8087158203125,4.1590576171875,
0.402,0.0350341796875,-3.8487548828125,3.2781982421875,
0.4025,0.6756591796875,-4.2091064453125,2.9578857421875,
0.403,1.8768310546875,-4.4493408203125,2.0369873046875,
0.4035,2.4373779296875,-4.4893798828125,1.5565185546875,
0.404,3.1180419921875,-4.4493408203125,0.8358154296875,
0.4045,3.4383544921875,-4.1690673828125,0.2752685546875,
0.405,3.6785888671875,-3.6885986328125,-0.4854736328125,
0.4055,3.7987060546875,-3.1680908203125,-1.2061767578125,
0.406,4.2391357421875,-2.6075439453125,-2.1671142578125,
0.4065,3.9188232421875,-1.8067626953125,-2.6075439453125,
0.407,4.0389404296875,-1.0860595703125,-3.3682861328125,
0.4075,3.1981201171875,-0.1251220703125,-3.4884033203125,
0.408,3.0780029296875,0.5155029296875,-3.8887939453125,
0.4085,2.2371826171875,1.5164794921875,-4.0489501953125,
0.409,1.8768310546875,2.1170654296875,-4.2891845703125,
0.4095,0.9959716796875,2.7176513671875,-4.0089111328125,
0.41,0.4754638671875,3.1981201171875,-3.9288330078125,
0.4105,-0.4854736328125,3.3582763671875,-3.1680908203125,
0.411,-1.2462158203125,3.7186279296875,-2.7276611328125,
0.4115,-2.4073486328125,3.9989013671875,-1.9268798828125,
0.412,-2.8878173828125,3.8787841796875,-1.2862548828125,
0.4125,-3.5684814453125,3.9188232421875,-0.6856689453125,
0.413,-3.6885986328125,3.3582763671875,0.0350341796875,
0.4135,-3.9688720703125,2.9979248046875,0.6356201171875,
0.414,-4.1290283203125,2.3172607421875,1.4364013671875,
0.4145,-4.4893798828125,1.8768310546875,2.1971435546875,
0.415,-4.1290283203125,0.9959716796875,2.7576904296875,
0.4155,-4.2891845703125,0.4354248046875,3.4383544921875,
0.416,-3.4083251953125,-0.5655517578125,3.4783935546875,
0.4165,-3.2081298828125,-1.1260986328125,3.8787841796875,
0.417,-2.4073486328125,-2.1671142578125,4.0789794921875,
0.4175,-1.9669189453125,-2.6876220703125,4.1190185546875,
0.418,-1.2462158203125,-3.3282470703125,3.9989013671875,
0.4185,-0.5655517578125,-3.5684814453125,3.5985107421875,
0.419,0.2752685546875,-3.8487548828125,3.0379638671875,
0.4195,1.1561279296875,-4.1290283203125,2.4373779296875,
0.42,2.1571044921875,-4.4893798828125,1.7967529296875,
0.4205,2.5975341796875,-4.2091064453125,1.1561279296875,
0.421,3.2781982421875,-4.4093017578125,0.6356201171875,
0.4215,3.3182373046875,-3.6885986328125,-0.1251220703125,
0.422,3.6385498046875,-3.4483642578125,-0.7657470703125,
0.4225,3.8787841796875,-2.7276611328125,-1.7266845703125,
0.423,4.0789794921875,-2.1671142578125,-2.3673095703125,
0.4235,3.7987060546875,-1.2462158203125,-2.9678955078125,
0.424,3.5985107421875,-0.6055908203125,-3.4483642578125,
0.4245,2.8778076171875,0.3153076171875,-3.5684814453125,
0.425,2.5574951171875,0.9959716796875,-3.8887939453125,
0.4255,1.9569091796875,1.9969482421875,-4.2091064453125,
0.426,1.2762451171875,2.4774169921875,-3.9688720703125,
0.4265,0.6356201171875,3.1180419921875,-4.0889892578125,
0.427,-0.2452392578125,3.2381591796875,-3.3282470703125,
0.4275,-0.9659423828125,3.5985107421875,-2.8477783203125,
0.428,-2.0069580078125,3.7987060546875,-2.0469970703125,
0.4285,-2.8477783203125,4.0389404296875,-1.5264892578125,
0.429,-3.2882080078125,3.6785888671875,-0.6856689453125,
0.4295,-3.8087158203125,3.7186279296875,-0.2852783203125,
0.43,-3.8087158203125,2.8778076171875,0.5155029296875,
0.4305,-4.1290283203125,2.5574951171875,1.1160888671875,
0.431,-4.4093017578125,1.8768310546875,2.1170654296875,
0.4315,-4.3292236328125,1.2362060546875,2.6776123046875,
0.432,-4.1290283203125,0.3953857421875,3.3582763671875,
0.4325,-3.6885986328125,-0.3253173828125,3.5584716796875,
0.433,-3.1280517578125,-1.1260986328125,3.7586669921875,
0.4335,-2.6075439453125,-1.8868408203125,3.9989013671875,
0.434,-2.0069580078125,-2.7677001953125,4.2391357421875,
0.4345,-1.2462158203125,-3.1680908203125,3.8787841796875,
0.435,-0.7657470703125,-3.8087158203125,3.9989013671875,
0.4355,0.3153076171875,-3.8087158203125,3.0379638671875,
0.436,0.9959716796875,-4.1690673828125,2.6776123046875,
0.4365,2.0770263671875,-4.4093017578125,1.8367919921875,
0.437,2.7176513671875,-4.4893798828125,1.2762451171875,
0.4375,3.1981201171875,-4.2891845703125,0.5155029296875,
0.438,3.5584716796875,-4.1290283203125,0.0350341796875,
0.4385,3.6785888671875,-3.3682861328125,-0.8858642578125,
0.439,3.8787841796875,-2.8477783203125,-1.5264892578125,
0.4395,4.2391357421875,-2.2071533203125,-2.5274658203125,
0.44,3.8787841796875,-1.3262939453125,-3.0079345703125,
0.4405,3.8387451171875,-0.6055908203125,-3.6085205078125,
0.441,3.0780029296875,0.3153076171875,-3.7286376953125,
0.4415,2.6375732421875,1.0760498046875,-4.0089111328125,
0.442,1.9569091796875,1.9569091796875,-4.1690673828125,
0.4425,1.3162841796875,2.7576904296875,-4.3692626953125,
0.443,0.5155029296875,3.0780029296875,-3.8487548828125,
0.4435,-0.0450439453125,3.5985107421875,-3.8087158203125,
0.444,-1.2061767578125,3.6385498046875,-2.7276611328125,
0.4445,-1.9268798828125,3.9588623046875,-2.3272705078125,
0.445,-3.0079345703125,4.1590576171875,-1.4063720703125,
0.4455,-3.5284423828125,3.9188232421875,-0.7657470703125,
0.446,-3.9688720703125,3.7186279296875,-0.1251220703125,
0.4465,-4.1290283203125,3.1981201171875,0.5955810546875,
0.447,-4.3292236328125,2.5574951171875,1.3963623046875,
0.4475,-4.4493408203125,1.9569091796875,2.0770263671875,
0.448,-4.7296142578125,1.2762451171875,3.0379638671875,
0.4485,-4.1290283203125,0.2752685546875,3.4383544921875,
0.449,-4.1290283203125,-0.3253173828125,3.9989013671875,
0.4495,-3.1280517578125,-1.3262939453125,3.9588623046875,
0.45,-2.7276611328125,-2.0469970703125,4.2391357421875,
0.4505,-1.9268798828125,-2.8878173828125,4.3192138671875,
0.451,-1.2462158203125,-3.6085205078125,4.2791748046875,
0.4515,-0.4854736328125,-3.8887939453125,3.8787841796875,
0.452,0.2352294921875,-4.2891845703125,3.5184326171875,
0.4525,1.3563232421875,-4.3292236328125,2.4373779296875,
0.453,2.0770263671875,-4.5694580078125,1.9969482421875,
0.4535,3.0780029296875,-4.7696533203125,1.1160888671875,
0.454,3.4783935546875,-4.4493408203125,0.3953857421875,
0.4545,3.8787841796875,-4.2891845703125,-0.2052001953125,
0.455,3.9989013671875,-3.4483642578125,-1.0460205078125,
0.4555,4.1990966796875,-2.8477783203125,-1.8067626953125,
0.456,4.1990966796875,-2.0469970703125,-2.5274658203125,
0.4565,4.4393310546875,-1.4063720703125,-3.4083251953125,
0.457,3.7186279296875,-0.3653564453125,-3.7286376953125,
0.4575,3.5584716796875,0.3153076171875,-4.1690673828125,
0.458,2.4373779296875,1.4364013671875,-4.1690673828125,
0.4585,2.1170654296875,2.0770263671875,-4.4893798828125,
0.459,1.2762451171875,2.9578857421875,-4.4893798828125,
0.4595,0.4754638671875,3.5584716796875,-4.2491455078125,
0.46,-0.3253173828125,3.8787841796875,-3.8087158203125,
0.4605,-1.2462158203125,4.1190185546875,-3.1680908203125,
0.461,-2.3673095703125,4.2391357421875,-2.1671142578125,
0.4615,-3.0479736328125,4.2391357421875,-1.5264892578125,
0.462,-4.0489501953125,4.3992919921875,-0.6856689453125,
0.4625,-4.2891845703125,3.8387451171875,0.1151123046875,
0.463,-4.6094970703125,3.5985107421875,0.6756591796875,
0.4635,-4.6495361328125,2.5975341796875,1.7567138671875,
0.464,-4.8497314453125,1.9969482421875,2.4774169921875,
0.4645,-4.7296142578125,1.1160888671875,3.1981201171875,
0.465,-4.8096923828125,0.3553466796875,3.9989013671875,
0.4655,-3.9688720703125,-0.6856689453125,4.1990966796875,
0.466,-3.6885986328125,-1.3262939453125,4.5194091796875,
0.4665,-2.4874267578125,-2.5675048828125,4.5194091796875,
0.467,-2.0069580078125,-3.1280517578125,4.5994873046875,
0.4675,-1.1260986328125,-3.9688720703125,4.5194091796875,
0.468,-0.2852783203125,-4.4093017578125,4.1590576171875,
0.4685,0.5155029296875,-4.6094970703125,3.5985107421875,
0.469,1.5164794921875,-4.8096923828125,2.7576904296875,
0.4695,2.5975341796875,-4.9698486328125,1.7967529296875,
0.47,3.1981201171875,-4.8096923828125,1.0360107421875,
0.4705,4.0789794921875,-4.9698486328125,0.3153076171875,
0.471,4.1990966796875,-4.2091064453125,-0.4854736328125,
0.4715,4.5194091796875,-3.8487548828125,-1.0860595703125,
0.472,4.5194091796875,-2.8077392578125,-2.2071533203125,
0.4725,4.6395263671875,-2.2071533203125,-2.8477783203125,
0.473,4.4793701171875,-1.2462158203125,-3.6085205078125,
0.4735,4.3192138671875,-0.4053955078125,-4.2891845703125,
0.474,3.4383544921875,0.6356201171875,-4.4093017578125,
0.4745,2.9979248046875,1.3563232421875,-4.6495361328125,
0.475,1.9168701171875,2.5975341796875,-4.7696533203125,
0.4755,1.3563232421875,3.0780029296875,-4.6895751953125,
0.476,0.4354248046875,3.9588623046875,-4.6094970703125,
0.4765,-0.4854736328125,4.1990966796875,-4.0489501953125,
0.477,-1.2061767578125,4.4793701171875,-3.5284423828125,
0.4775,-2.3673095703125,4.5194091796875,-2.4473876953125,
0.478,-3.4884033203125,4.7596435546875,-1.5665283203125,
0.4785,-4.0489501953125,4.3592529296875,-0.6856689453125,
0.479,-4.8096923828125,4.4793701171875,0.0750732421875,
0.4795,-4.8497314453125,3.5985107421875,0.9559326171875,
0.48,-5.0499267578125,3.1981201171875,1.5164794921875,
0.4805,-5.1300048828125,2.0369873046875,2.7176513671875,
0.481,-5.0899658203125,1.3563232421875,3.3582763671875,
0.4815,-4.8497314453125,0.3553466796875,4.0789794921875,
0.482,-4.5294189453125,-0.5655517578125,4.5994873046875,
0.4825,-3.6885986328125,-1.4864501953125,4.6395263671875,
0.483,-3.0479736328125,-2.2471923828125,4.8397216796875,
0.4835,-2.0469970703125,-3.4884033203125,4.9598388671875,
0.484,-1.2862548828125,-3.8887939453125,4.6395263671875,
0.4845,-0.4454345703125,-4.6895751953125,4.5594482421875,
0.485,0.4754638671875,-4.8096923828125,3.8387451171875,
0.4855,1.2362060546875,-5.0899658203125,3.2381591796875,
0.486,2.4373779296875,-5.1300048828125,2.1170654296875,
0.4865,3.4383544921875,-5.2901611328125,1.3162841796875,
0.487,3.9588623046875,-4.8096923828125,0.3553466796875,
0.4875,4.5994873046875,-4.8096923828125,-0.2852783203125,
0.488,4.5594482421875,-3.8887939453125,-1.1260986328125,
0.4885,4.7196044921875,-3.4083251953125,-1.7667236328125,
0.489,4.8797607421875,-2.3673095703125,-3.0079345703125,
0.4895,4.7196044921875,-1.5665283203125,-3.5684814453125,
0.49,4.5194091796875,-0.6055908203125,-4.3292236328125,
0.4905,3.9188232421875,0.3553466796875,-4.6495361328125,
0.491,3.1580810546875,1.2762451171875,-4.7296142578125,
0.4915,2.3973388671875,2.1571044921875,-4.8096923828125,
0.492,1.5565185546875,3.3182373046875,-5.0899658203125,
0.4925,0.6356201171875,3.7186279296875,-4.5694580078125,
0.493,-0.1251220703125,4.4793701171875,-4.6094970703125,
0.4935,-1.1260986328125,4.4393310546875,-3.6085205078125,
0.494,-1.9268798828125,4.6395263671875,-3.0479736328125,
0.4945,-3.1680908203125,4.7596435546875,-1.8868408203125,
0.495,-4.1290283203125,4.8397216796875,-1.0059814453125,
0.4955,-4.6094970703125,4.3592529296875,-0.0450439453125,
0.496,-5.1300048828125,4.1990966796875,0.6356201171875,
0.4965,-5.0499267578125,3.1981201171875,1.4764404296875,
0.497,-5.1300048828125,2.6375732421875,2.1571044921875,
0.4975,-5.3702392578125,1.5965576171875,3.3582763671875,
0.498,-5.0098876953125,0.7156982421875,3.8787841796875,
0.4985,-4.8096923828125,-0.2452392578125,4.6395263671875,
0.499,-4.0889892578125,-1.2061767578125,4.7996826171875,
0.4995,-3.3682861328125,-1.9669189453125,4.8397216796875,
0.5,-2.4874267578125,-2.9278564453125,4.8797607421875,
0.5005,-1.6065673828125,-4.0089111328125,5.0799560546875,
0.501,-0.6055908203125,-4.3692626953125,4.4393310546875,
0.5015,0.0350341796875,-5.0899658203125,4.4393310546875,
0.502,1.1160888671875,-4.9698486328125,3.2781982421875,
0.5025,1.7967529296875,-5.1700439453125,2.7576904296875,
0.503,3.1180419921875,-5.2501220703125,1.5965576171875,
0.5035,3.8787841796875,-5.1300048828125,0.7957763671875,
0.504,4.3592529296875,-4.7696533203125,-0.1251220703125,
0.5045,4.6795654296875,-4.4893798828125,-0.6856689453125,
0.505,4.6395263671875,-3.5284423828125,-1.5665283203125,
0.5055,4.6795654296875,-2.8477783203125,-2.2872314453125,
0.506,4.9998779296875,-1.9669189453125,-3.4483642578125,
0.5065,4.4393310546875,-0.9659423828125,-3.8487548828125,
0.507,4.3592529296875,-0.1251220703125,-4.5694580078125,
0.5075,3.3582763671875,0.9158935546875,-4.5694580078125,
0.508,2.8377685546875,1.6365966796875,-4.7696533203125,
0.5085,1.9168701171875,2.6375732421875,-4.8096923828125,
0.509,1.1561279296875,3.5584716796875,-4.9298095703125,
0.5095,0.1551513671875,3.8787841796875,-4.3292236328125,
0.51,-0.4454345703125,4.3992919921875,-4.2891845703125,
0.5105,-1.5665283203125,4.3192138671875,-3.1280517578125,
0.511,-2.2471923828125,4.5594482421875,-2.5675048828125,
0.5115,-3.6085205078125,4.7596435546875,-1.4063720703125,
0.512,-4.1290283203125,4.4793701171875,-0.6055908203125,
0.5125,-4.6895751953125,4.1990966796875,0.1551513671875,
0.513,-4.8096923828125,3.6385498046875,0.8358154296875,
0.5135,-4.8897705078125,2.8778076171875,1.6766357421875,
0.514,-4.9698486328125,2.1571044921875,2.4373779296875,
0.5145,-5.2501220703125,1.3563232421875,3.4783935546875,
0.515,-4.6094970703125,0.3153076171875,3.8787841796875,
0.5155,-4.6094970703125,-0.3653564453125,4.5594482421875,
0.516,-3.4884033203125,-1.4063720703125,4.4393310546875,
0.5165,-3.1280517578125,-2.0870361328125,4.6795654296875,
0.517,-2.0870361328125,-3.1680908203125,4.7196044921875,
0.5175,-1.3663330078125,-3.8887939453125,4.6395263671875,
0.518,-0.4854736328125,-4.3292236328125,4.1590576171875,
0.5185,0.1551513671875,-4.6895751953125,3.8787841796875,
0.519,1.2362060546875,-4.6495361328125,2.8778076171875,
0.5195,1.9569091796875,-4.8096923828125,2.3172607421875,
0.52,3.1981201171875,-5.0899658203125,1.3563232421875,
0.5205,3.5985107421875,-4.6495361328125,0.5555419921875,
0.521,4.1590576171875,-4.6094970703125,0.0350341796875,
0.5215,4.1590576171875,-3.8087158203125,-0.8458251953125,
0.522,4.3592529296875,-3.2481689453125,-1.5665283203125,
0.5225,4.4393310546875,-2.4473876953125,-2.4073486328125,
0.523,4.6395263671875,-1.8067626953125,-3.2481689453125,
0.5235,3.9989013671875,-0.6856689453125,-3.6885986328125,
0.524,3.9188232421875,-0.0450439453125,-4.2091064453125,
0.5245,2.8377685546875,0.9959716796875,-4.1290283203125,
0.525,2.5574951171875,1.6365966796875,-4.4893798828125,
0.5255,1.6766357421875,2.6375732421875,-4.6094970703125,
0.526,0.9158935546875,3.1981201171875,-4.4093017578125,
0.5265,0.1551513671875,3.6785888671875,-4.1690673828125,
0.527,-0.6456298828125,3.9188232421875,-3.5284423828125,
0.5275,-1.6065673828125,4.0789794921875,-2.7276611328125,
0.528,-2.4473876953125,4.2391357421875,-2.0469970703125,
0.5285,-3.5284423828125,4.4393310546875,-1.2462158203125,
0.529,-3.8087158203125,3.9588623046875,-0.4854736328125,
0.5295,-4.3292236328125,3.9588623046875,0.0750732421875,
0.53,-4.2891845703125,3.0379638671875,0.9559326171875,
0.5305,-4.5694580078125,2.6375732421875,1.5965576171875,
0.531,-4.6495361328125,1.7967529296875,2.5174560546875,
0.5315,-4.7296142578125,1.1561279296875,3.1981201171875,
0.532,-4.2091064453125,0.1551513671875,3.6785888671875,
0.5325,-4.0089111328125,-0.4854736328125,4.0389404296875,
0.533,-3.1280517578125,-1.4464111328125,4.0389404296875,
0.5335,-2.7276611328125,-2.1270751953125,4.2791748046875,
0.534,-1.9268798828125,-3.1280517578125,4.4793701171875,
0.5345,-1.1260986328125,-3.5284423828125,4.0789794921875,
0.535,-0.5655517578125,-4.0089111328125,3.9989013671875,
0.5355,0.3953857421875,-4.0889892578125,3.1981201171875,
0.536,1.1961669921875,-4.3692626953125,2.6375732421875,
0.5365,2.0770263671875,-4.4893798828125,1.8768310546875,
0.537,2.8778076171875,-4.6895751953125,1.3162841796875,
0.5375,3.2381591796875,-4.2491455078125,0.5155029296875,
0.538,3.6785888671875,-4.2091064453125,0.0750732421875,
0.5385,3.7186279296875,-3.3282470703125,-0.8858642578125,
0.539,3.9989013671875,-3.0479736328125,-1.4464111328125,
0.5395,4.1990966796875,-2.2471923828125,-2.4073486328125,
0.54,4.0389404296875,-1.5264892578125,-2.9278564453125,
0.5405,3.7987060546875,-0.6456298828125,-3.5284423828125,
0.541,3.2781982421875,0.0750732421875,-3.6885986328125,
0.5415,2.6776123046875,0.9158935546875,-3.9688720703125,
0.542,2.2371826171875,1.5965576171875,-4.2091064453125,
0.5425,1.5965576171875,2.4774169921875,-4.4093017578125,
0.543,0.7957763671875,2.8778076171875,-3.9288330078125,
0.5435,0.1951904296875,3.4783935546875,-3.9688720703125,
0.544,-0.8458251953125,3.4783935546875,-2.9278564453125,
0.5445,-1.5665283203125,3.8787841796875,-2.5675048828125,
0.545,-2.5675048828125,3.9989013671875,-1.6866455078125,
0.5455,-3.2081298828125,4.0389404296875,-1.1260986328125,
0.546,-3.6485595703125,3.7186279296875,-0.4053955078125,
0.5465,-3.8887939453125,3.4783935546875,0.1151123046875,
0.547,-4.0489501953125,2.7176513671875,0.9959716796875,
0.5475,-4.2891845703125,2.3172607421875,1.5965576171875,
0.548,-4.5294189453125,1.5965576171875,2.5574951171875,
0.5485,-4.1690673828125,0.7957763671875,2.9979248046875,
0.549,-4.0889892578125,0.0750732421875,3.5584716796875,
0.5495,-3.3282470703125,-0.7657470703125,3.6385498046875,
0.55,-3.0079345703125,-1.5264892578125,3.9588623046875,
0.5505,-2.3272705078125,-2.2872314453125,4.0389404296875,
0.551,-1.7667236328125,-3.0079345703125,4.1590576171875,
0.5515,-0.9659423828125,-3.3282470703125,3.7987060546875,
0.552,-0.3653564453125,-3.8087158203125,3.6385498046875,
0.5525,0.6356201171875,-3.8487548828125,2.6776123046875,
0.553,1.3563232421875,-4.2491455078125,2.3572998046875,
0.5535,2.3172607421875,-4.4093017578125,1.5965576171875,
0.554,2.7977294921875,-4.3292236328125,0.9959716796875,
0.5545,3.2381591796875,-4.1290283203125,0.3953857421875,
0.555,3.3983154296875,-3.6485595703125,-0.2452392578125,
0.5555,3.7186279296875,-3.1280517578125,-1.0460205078125,
0.556,3.8787841796875,-2.5675048828125,-1.7266845703125,
0.5565,4.1590576171875,-1.9669189453125,-2.5675048828125,
0.557,3.5985107421875,-1.0460205078125,-2.9678955078125,
0.5575,3.5584716796875,-0.4854736328125,-3.5284423828125,
0.558,2.7176513671875,0.5155029296875,-3.6085205078125,
0.5585,2.5174560546875,1.1561279296875,-4.0489501953125,
0.559,1.7967529296875,1.9969482421875,-4.0889892578125,
0.5595,1.2362060546875,2.6375732421875,-4.1290283203125,
0.56,0.4354248046875,3.0379638671875,-3.7286376953125,
0.5605,-0.2852783203125,3.3582763671875,-3.3682861328125,
0.561,-1.3262939453125,3.5584716796875,-2.5274658203125,
0.5615,-2.0469970703125,3.8787841796875,-2.0870361328125,
0.562,-3.0079345703125,3.9989013671875,-1.3262939453125,
0.5625,-3.3282470703125,3.7186279296875,-0.6456298828125,
0.563,-3.8087158203125,3.5584716796875,-0.0850830078125,
0.5635,-3.8487548828125,2.8778076171875,0.6756591796875,
0.564,-4.2091064453125,2.4373779296875,1.4364013671875,
0.5645,-4.2891845703125,1.7166748046875,2.1571044921875,
0.565,-4.4893798828125,1.0360107421875,2.8377685546875,
0.5655,-3.8487548828125,0.1551513671875,3.2781982421875,
0.566,-3.7686767578125,-0.4454345703125,3.6785888671875,
0.5665,-2.8477783203125,-1.4063720703125,3.7987060546875,
0.567,-2.5675048828125,-2.0069580078125,4.1190185546875,
0.5675,-1.7667236328125,-2.8477783203125,4.1190185546875,
0.568,-1.1260986328125,-3.3282470703125,3.8787841796875,
0.5685,-0.4454345703125,-3.6885986328125,3.5985107421875,
0.569,0.4354248046875,-3.8887939453125,2.9578857421875,
0.5695,1.3563232421875,-4.1290283203125,2.2772216796875,
0.57,2.0770263671875,-4.2891845703125,1.6766357421875,
0.5705,2.8778076171875,-4.4493408203125,1.1160888671875,
0.571,3.1180419921875,-4.0089111328125,0.4354248046875,
0.5715,3.5184326171875,-3.8887939453125,-0.1251220703125,
0.572,3.5985107421875,-3.0479736328125,-1.0059814453125,
0.5725,3.9188232421875,-2.6876220703125,-1.6466064453125,
0.573,3.9989013671875,-2.0469970703125,-2.5675048828125,
0.5735,3.9188232421875,-1.2862548828125,-3.1280517578125,
0.574,3.3582763671875,-0.3653564453125,-3.4483642578125,
0.5745,3.1180419921875,0.3153076171875,-3.7686767578125,
0.575,2.2772216796875,1.3162841796875,-3.9688720703125,
0.5755,1.9569091796875,1.9168701171875,-4.1290283203125,
0.576,1.2362060546875,2.7176513671875,-4.2091064453125,
0.5765,0.4754638671875,3.0780029296875,-3.8487548828125,
0.577,-0.2852783203125,3.5184326171875,-3.5284423828125,
0.5775,-1.2862548828125,3.6785888671875,-2.6475830078125,
0.578,-2.2071533203125,3.9989013671875,-2.0870361328125,
0.5785,-2.9278564453125,3.9188232421875,-1.2862548828125,
0.579,-3.6485595703125,4.0389404296875,-0.7257080078125,
0.5795,-3.8487548828125,3.4783935546875,0.0750732421875,
0.58,-4.1290283203125,3.1981201171875,0.5955810546875,
0.5805,-4.2891845703125,2.2772216796875,1.5965576171875,
0.581,-4.4893798828125,1.7967529296875,2.1571044921875,
0.5815,-4.4493408203125,0.9959716796875,3.0379638671875,
0.582,-4.1690673828125,0.2352294921875,3.4783935546875,
0.5825,-3.6885986328125,-0.6055908203125,3.8387451171875,
0.583,-3.1680908203125,-1.3663330078125,3.9989013671875,
0.5835,-2.4073486328125,-2.3673095703125,4.1990966796875,
0.584,-1.8067626953125,-2.8477783203125,4.1590576171875,
0.5845,-1.1260986328125,-3.6885986328125,4.1990966796875,
0.585,-0.3253173828125,-3.8487548828125,3.5985107421875,
0.5855,0.3953857421875,-4.2091064453125,3.2781982421875,
0.586,1.5164794921875,-4.3292236328125,2.2772216796875,
0.5865,2.3172607421875,-4.5694580078125,1.7166748046875,
0.587,3.0379638671875,-4.4093017578125,0.9158935546875,
0.5875,3.5584716796875,-4.4493408203125,0.3553466796875,
0.588,3.7186279296875,-3.8087158203125,-0.3653564453125,
0.5885,3.9188232421875,-3.3682861328125,-1.0059814453125,
0.589,4.1590576171875,-2.6075439453125,-2.0469970703125,
0.5895,4.1190185546875,-1.9669189453125,-2.6075439453125,
0.59,4.1590576171875,-1.2061767578125,-3.4483642578125,
0.5905,3.5985107421875,-0.2452392578125,-3.7286376953125,
0.591,3.1981201171875,0.5155029296875,-4.0089111328125,
0.5915,2.4373779296875,1.4364013671875,-4.1290283203125,
0.592,1.8367919921875,2.3172607421875,-4.4893798828125,
0.5925,1.0360107421875,2.8377685546875,-4.1690673828125,
0.593,0.3953857421875,3.5584716796875,-4.2891845703125,
0.5935,-0.4854736328125,3.7186279296875,-3.4884033203125,
0.594,-1.2061767578125,3.9989013671875,-3.0880126953125,
0.5945,-2.4874267578125,4.1590576171875,-1.9669189453125,
0.595,-3.2081298828125,4.2791748046875,-1.3262939453125,
0.5955,-3.8887939453125,4.0789794921875,-0.4854736328125,
0.596,-4.3292236328125,3.8787841796875,0.1551513671875,
0.5965,-4.4093017578125,3.1981201171875,0.9158935546875,
0.597,-4.5694580078125,2.5574951171875,1.5965576171875,
0.5975,-4.8897705078125,1.7967529296875,2.6776123046875,
0.598,-4.6094970703125,0.9959716796875,3.1981201171875,
0.5985,-4.6094970703125,0.1951904296875,3.9989013671875,
0.599,-3.8487548828125,-0.7657470703125,4.1590576171875,
0.5995,-3.4483642578125,-1.4464111328125,4.4393310546875,
0.6,-2.4874267578125,-2.5274658203125,4.5194091796875,
0.6005,-1.8067626953125,-3.3682861328125,4.6395263671875,
0.601,-0.9259033203125,-3.8487548828125,4.1990966796875,
0.6015,-0.2852783203125,-4.4893798828125,4.2391357421875,
0.602,0.7156982421875,-4.4893798828125,3.2381591796875,
0.6025,1.4364013671875,-4.7296142578125,2.7576904296875,
0.603,2.7977294921875,-4.9298095703125,1.5965576171875,
0.6035,3.3983154296875,-4.8096923828125,0.9158935546875,
0.604,3.9989013671875,-4.6094970703125,0.1551513671875,
0.6045,4.2791748046875,-4.2091064453125,-0.5655517578125,
0.605,4.3592529296875,-3.5284423828125,-1.3262939453125,
0.6055,4.3992919921875,-2.8077392578125,-2.1671142578125,
0.606,4.7596435546875,-2.0069580078125,-3.2081298828125,
0.6065,4.1990966796875,-0.9659423828125,-3.5684814453125,
0.607,4.1990966796875,-0.2852783203125,-4.3292236328125,
0.6075,3.1981201171875,0.7957763671875,-4.3292236328125,
0.608,2.7576904296875,1.5164794921875,-4.5694580078125,
0.6085,1.7967529296875,2.5975341796875,-4.6495361328125,
0.609,1.1160888671875,3.3582763671875,-4.7296142578125,
0.6095,0.1551513671875,3.8387451171875,-4.2891845703125,
0.61,-0.4854736328125,4.3192138671875,-4.0889892578125,
0.6105,-1.5665283203125,4.3192138671875,-3.0479736328125,
0.611,-2.2872314453125,4.5194091796875,-2.4473876953125,
0.6115,-3.6885986328125,4.7196044921875,-1.3262939453125,
0.612,-4.1690673828125,4.3592529296875,-0.4854736328125,
0.6125,-4.7696533203125,4.2391357421875,0.1951904296875,
0.613,-4.8497314453125,3.5184326171875,0.9959716796875,
0.6135,-4.9698486328125,2.7977294921875,1.7166748046875,
0.614,-5.0098876953125,1.9569091796875,2.6776123046875,
0.6145,-5.2501220703125,1.2362060546875,3.6785888671875,
0.615,-4.6094970703125,0.1151123046875,4.0389404296875,
0.6155,-4.6094970703125,-0.6055908203125,4.7196044921875,
0.616,-3.4483642578125,-1.6866455078125,4.6395263671875,
0.6165,-2.9678955078125,-2.3673095703125,4.7996826171875,
0.617,-1.8868408203125,-3.5284423828125,4.8797607421875,
0.6175,-1.0460205078125,-4.1690673828125,4.6795654296875,
0.618,-0.2452392578125,-4.6495361328125,4.2791748046875,
0.6185,0.5955810546875,-4.9698486328125,3.8787841796875,
0.619,1.6766357421875,-4.9698486328125,2.7576904296875,
0.6195,2.4373779296875,-5.0899658203125,2.0770263671875,
0.62,3.7186279296875,-5.2901611328125,1.0760498046875,
0.6205,4.0389404296875,-4.7696533203125,0.1951904296875,
0.621,4.5594482421875,-4.7296142578125,-0.4053955078125,
0.6215,4.5994873046875,-3.7686767578125,-1.4063720703125,
0.622,4.7996826171875,-3.0479736328125,-2.1270751953125,
0.6225,4.7196044921875,-2.1671142578125,-3.0079345703125,
0.623,4.8397216796875,-1.4063720703125,-3.8487548828125,
0.6235,4.1590576171875,-0.2852783203125,-4.2091064453125,
0.624,3.9188232421875,0.4754638671875,-4.7696533203125,
0.6245,2.7176513671875,1.6766357421875,-4.6495361328125,
0.625,2.2772216796875,2.2772216796875,-4.8096923828125,
0.6255,1.3162841796875,3.3983154296875,-4.9698486328125,
0.626,0.3953857421875,3.9188232421875,-4.5294189453125,
0.6265,-0.3653564453125,4.3592529296875,-4.2491455078125,
0.627,-1.3262939453125,4.5594482421875,-3.5284423828125,
0.6275,-2.3673095703125,4.6395263671875,-2.5274658203125,
0.628,-3.2081298828125,4.6395263671875,-1.7667236328125,
0.6285,-4.3292236328125,4.8397216796875,-0.8057861328125,
0.629,-4.6094970703125,4.1190185546875,0.0750732421875,
0.6295,-5.0899658203125,4.0389404296875,0.6356201171875,
0.63,-5.0499267578125,2.8778076171875,1.6766357421875,
0.6305,-5.1700439453125,2.3973388671875,2.3973388671875,
0.631,-5.1700439453125,1.3563232421875,3.3983154296875,
0.6315,-5.1300048828125,0.5955810546875,4.1590576171875,
0.632,-4.4493408203125,-0.5655517578125,4.5194091796875,
0.6325,-4.1290283203125,-1.2462158203125,4.8797607421875,
0.633,-2.8878173828125,-2.4473876953125,4.8397216796875,
0.6335,-2.4073486328125,-3.0479736328125,4.8797607421875,
0.634,-1.3663330078125,-4.1690673828125,4.9998779296875,
0.6345,-0.4454345703125,-4.5694580078125,4.4793701171875,
0.635,0.3153076171875,-4.9698486328125,4.1590576171875,
0.6355,1.4364013671875,-5.1300048828125,3.1580810546875,
0.636,2.3572998046875,-5.1700439453125,2.2772216796875,
0.6365,3.1981201171875,-5.1300048828125,1.4364013671875,
0.637,4.1590576171875,-5.2901611328125,0.5555419921875,
0.6375,4.3592529296875,-4.5694580078125,-0.3653564453125,
0.638,4.7596435546875,-4.4493408203125,-0.9259033203125,
0.6385,4.7196044921875,-3.1280517578125,-2.0469970703125,
0.639,4.7996826171875,-2.5675048828125,-2.6075439453125,
0.6395,4.7996826171875,-1.6065673828125,-3.6085205078125,
0.64,4.5594482421875,-0.7657470703125,-4.2091064453125,
0.6405,3.8787841796875,0.3153076171875,-4.4893798828125,
0.641,3.3182373046875,1.1561279296875,-4.7696533203125,
0.6415,2.2772216796875,2.2772216796875,-4.8096923828125,
0.642,1.7567138671875,2.7977294921875,-4.8096923828125,
0.6425,0.7957763671875,3.8387451171875,-4.8897705078125,
0.643,-0.1651611328125,4.1190185546875,-4.2091064453125,
0.6435,-0.7657470703125,4.5194091796875,-3.9688720703125,
0.644,-2.0469970703125,4.5194091796875,-2.7276611328125,
0.6445,-2.8477783203125,4.6395263671875,-2.0870361328125,
0.645,-3.7686767578125,4.5194091796875,-1.1260986328125,
0.6455,-4.4893798828125,4.5194091796875,-0.3653564453125,
0.646,-4.7296142578125,3.8387451171875,0.5155029296875,
0.6465,-4.9698486328125,3.5985107421875,1.0360107421875,
0.647,-4.9698486328125,2.4373779296875,2.1971435546875,
0.6475,-5.0499267578125,1.9569091796875,2.7176513671875,
0.648,-5.0899658203125,0.9959716796875,3.7186279296875,
0.6485,-4.6495361328125,0.0750732421875,4.1590576171875,
0.649,-4.1690673828125,-0.8057861328125,4.5194091796875,
0.6495,-3.4483642578125,-1.7266845703125,4.6395263671875,
0.65,-2.5675048828125,-2.6876220703125,4.7596435546875,
0.6505,-1.9268798828125,-3.2882080078125,4.6795654296875,
0.651,-1.0860595703125,-4.2091064453125,4.7196044921875,
0.6515,-0.1251220703125,-4.4493408203125,3.9989013671875,
0.652,0.5155029296875,-4.8497314453125,3.7987060546875,
0.6525,1.7967529296875,-4.8096923828125,2.5174560546875,
0.653,2.5174560546875,-5.0899658203125,1.9969482421875,
0.6535,3.3983154296875,-4.9698486328125,0.9959716796875,
0.654,3.9989013671875,-4.8497314453125,0.3153076171875,
0.6545,4.1590576171875,-4.2091064453125,-0.4454345703125,
0.655,4.3592529296875,-3.7686767578125,-1.0860595703125,
0.6555,4.5194091796875,-2.8077392578125,-2.1270751953125,
0.656,4.5194091796875,-2.2471923828125,-2.6876220703125,
0.6565,4.5994873046875,-1.4063720703125,-3.6085205078125,
0.657,3.9188232421875,-0.4053955078125,-3.9288330078125,
0.6575,3.5985107421875,0.3953857421875,-4.3292236328125,
0.658,2.7176513671875,1.3563232421875,-4.3292236328125,
0.6585,2.1170654296875,2.1971435546875,-4.6094970703125,
0.659,1.3963623046875,2.7977294921875,-4.4893798828125,
0.6595,0.6356201171875,3.5985107421875,-4.4893798828125,
0.66,-0.2852783203125,3.7987060546875,-3.8087158203125,
0.6605,-0.9659423828125,4.1590576171875,-3.5284423828125,
0.661,-2.1671142578125,4.1590576171875,-2.2872314453125,
0.6615,-2.8477783203125,4.3592529296875,-1.8468017578125,
0.662,-3.6885986328125,4.2391357421875,-0.9659423828125,
0.6625,-4.1290283203125,4.0389404296875,-0.2452392578125,
0.663,-4.4093017578125,3.5584716796875,0.5155029296875,
0.6635,-4.4893798828125,2.9578857421875,1.1961669921875,
0.664,-4.7296142578125,2.2772216796875,2.1170654296875,
0.6645,-4.6094970703125,1.5965576171875,2.6776123046875,
0.665,-4.8096923828125,0.8358154296875,3.5584716796875,
0.6655,-4.0889892578125,-0.2052001953125,3.8387451171875,
0.666,-3.8887939453125,-0.8057861328125,4.2391357421875,
0.6665,-2.8477783203125,-1.8468017578125,4.1990966796875,
0.667,-2.4874267578125,-2.5675048828125,4.5194091796875,
0.6675,-1.5665283203125,-3.2481689453125,4.3192138671875,
0.668,-0.9659423828125,-3.8487548828125,4.2391357421875,
0.6685,-0.0850830078125,-4.0889892578125,3.5985107421875,
0.669,0.6356201171875,-4.4093017578125,3.1981201171875,
0.6695,1.7967529296875,-4.5294189453125,2.2371826171875,
0.67,2.3973388671875,-4.6895751953125,1.6766357421875,
0.6705,3.2381591796875,-4.6495361328125,0.9158935546875,
0.671,3.5184326171875,-4.2491455078125,0.2752685546875,
0.6715,3.8787841796875,-3.9688720703125,-0.3653564453125,
0.672,3.8787841796875,-3.1680908203125,-1.2061767578125,
0.6725,4.2391357421875,-2.7276611328125,-1.9268798828125,
0.673,4.0389404296875,-1.9268798828125,-2.5675048828125,
0.6735,4.1590576171875,-1.2462158203125,-3.3282470703125,
0.674,3.3983154296875,-0.2452392578125,-3.5284423828125,
0.6745,3.2381591796875,0.3153076171875,-3.9288330078125,
0.675,2.3172607421875,1.3563232421875,-4.0089111328125,
0.6755,2.0770263671875,1.9569091796875,-4.3292236328125,
0.676,1.2362060546875,2.7176513671875,-4.2091064453125,
0.6765,0.5955810546875,3.1580810546875,-4.0089111328125,
0.677,-0.2852783203125,3.4383544921875,-3.5284423828125,
0.6775,-1.0860595703125,3.6385498046875,-2.8878173828125,
0.678,-2.0870361328125,3.9188232421875,-2.2071533203125,
0.6785,-2.6876220703125,3.9588623046875,-1.5665283203125,
0.679,-3.5284423828125,4.1190185546875,-0.9659423828125,
0.6795,-3.6885986328125,3.5584716796875,-0.1651611328125,
0.68,-4.0489501953125,3.3582763671875,0.3553466796875,
0.6805,-4.1290283203125,2.5174560546875,1.3162841796875,
0.681,-4.4893798828125,2.1971435546875,1.9569091796875,
0.6815,-4.3692626953125,1.3162841796875,2.6375732421875,
0.682,-4.3692626953125,0.6756591796875,3.2781982421875,
0.6825,-3.6885986328125,-0.2852783203125,3.5584716796875,
0.683,-3.4483642578125,-0.8858642578125,3.8787841796875,
0.6835,-2.6876220703125,-1.9268798828125,4.0389404296875,
0.684,-2.2471923828125,-2.4073486328125,4.1590576171875,
0.6845,-1.5264892578125,-3.2081298828125,4.1590576171875,
0.685,-0.7657470703125,-3.5284423828125,3.7586669921875,
0.6855,0.0350341796875,-3.9288330078125,3.3582763671875,
0.686,0.9158935546875,-4.0889892578125,2.5574951171875,
0.6865,1.7967529296875,-4.4093017578125,2.0770263671875,
0.687,2.3973388671875,-4.2891845703125,1.3563232421875,
0.6875,3.0780029296875,-4.4493408203125,0.9158935546875,
0.688,3.2381591796875,-3.8487548828125,0.1551513671875,
0.6885,3.5584716796875,-3.6085205078125,-0.4053955078125,
0.689,3.7586669921875,-2.8477783203125,-1.3663330078125,
0.6895,3.9188232421875,-2.4473876953125,-1.9669189453125,
0.69,3.9188232421875,-1.6466064453125,-2.7276611328125,
0.6905,3.6785888671875,-0.9259033203125,-3.1680908203125,
0.691,3.1981201171875,-0.0850830078125,-3.4884033203125,
0.6915,2.7176513671875,0.6356201171875,-3.6885986328125,
0.692,2.2371826171875,1.5565185546875,-4.0889892578125,
0.6925,1.6365966796875,1.9969482421875,-3.9688720703125,
0.693,1.0760498046875,2.7576904296875,-4.1690673828125,
0.6935,0.2352294921875,2.9578857421875,-3.5284423828125,
0.694,-0.4854736328125,3.3983154296875,-3.2882080078125,
0.6945,-1.5665283203125,3.5985107421875,-2.3673095703125,
0.695,-2.3272705078125,3.9188232421875,-1.9268798828125,
0.6955,-2.9678955078125,3.7987060546875,-1.1260986328125,
0.696,-3.5284423828125,3.8787841796875,-0.6856689453125,
0.6965,-3.6885986328125,3.2381591796875,0.1551513671875,
0.697,-3.9688720703125,2.8778076171875,0.7156982421875,
0.6975,-4.2891845703125,2.2371826171875,1.6766357421875,
0.698,-4.2891845703125,1.6766357421875,2.2371826171875,
0.6985,-4.3692626953125,0.9158935546875,3.0780029296875,
0.699,-3.8487548828125,0.0750732421875,3.3582763671875,
0.6995,-3.5284423828125,-0.6456298828125,3.7186279296875,
0.7,-2.8477783203125,-1.4864501953125,3.8787841796875,
0.7005,-2.4073486328125,-2.2872314453125,4.1590576171875,
0.701,-1.6065673828125,-2.8477783203125,3.9188232421875,
0.7015,-1.0860595703125,-3.5284423828125,4.0789794921875,
0.702,-0.2052001953125,-3.6885986328125,3.2781982421875,
0.7025,0.5155029296875,-4.0089111328125,2.9578857421875,
0.703,1.5965576171875,-4.2091064453125,2.0770263671875,
0.7035,2.2772216796875,-4.4093017578125,1.5965576171875,
0.704,2.9178466796875,-4.2891845703125,0.8758544921875,
0.7045,3.2781982421875,-4.0889892578125,0.3153076171875,
0.705,3.4783935546875,-3.5684814453125,-0.3653564453125,
0.7055,3.6785888671875,-3.0479736328125,-1.0860595703125,
0.706,4.0389404296875,-2.5274658203125,-1.9669189453125,
0.7065,3.7987060546875,-1.7667236328125,-2.4874267578125,
0.707,3.9188232421875,-1.0860595703125,-3.2481689453125,
0.7075,3.1580810546875,-0.1251220703125,-3.3682861328125,
0.708,2.9178466796875,0.4754638671875,-3.7686767578125,
0.7085,2.1971435546875,1.4364013671875,-3.9288330078125,
0.709,1.7967529296875,2.0770263671875,-4.1690673828125,
0.7095,0.9959716796875,2.6375732421875,-3.9688720703125,
0.71,0.4754638671875,3.1580810546875,-3.9288330078125,
0.7105,-0.4854736328125,3.3182373046875,-3.1680908203125,
0.711,-1.2462158203125,3.6385498046875,-2.6876220703125,
0.7115,-2.4073486328125,3.9989013671875,-1.8868408203125,
0.712,-2.9678955078125,3.8787841796875,-1.2462158203125,
0.7125,-3.6485595703125,3.9188232421875,-0.6055908203125,
0.713,-3.8087158203125,3.3983154296875,0.0750732421875,
0.7135,-4.0889892578125,3.0379638671875,0.7156982421875,
0.714,-4.2491455078125,2.3172607421875,1.5565185546875,
0.7145,-4.6094970703125,1.7967529296875,2.4373779296875,
0.715,-4.2091064453125,0.8758544921875,2.9578857421875,
0.7155,-4.3692626953125,0.2752685546875,3.6785888671875,
0.716,-3.4483642578125,-0.7257080078125,3.7186279296875,
0.7165,-3.1680908203125,-1.3262939453125,4.0389404296875,
0.717,-2.2872314453125,-2.4874267578125,4.1990966796875,
0.7175,-1.7667236328125,-3.0880126953125,4.1590576171875,
0.718,-0.9659423828125,-3.6885986328125,3.9989013671875,
0.7185,-0.2852783203125,-3.9288330078125,3.7186279296875,
0.719,0.6356201171875,-4.0889892578125,2.9578857421875,
0.7195,1.4764404296875,-4.3292236328125,2.3172607421875,
0.72,2.5975341796875,-4.6495361328125,1.5565185546875,
0.7205,3.0379638671875,-4.3292236328125,0.7957763671875,
0.721,3.6785888671875,-4.4493408203125,0.3153076171875,
0.7215,3.6785888671875,-3.6485595703125,-0.5255126953125,
0.722,3.9188232421875,-3.2481689453125,-1.1260986328125,
0.7225,4.1190185546875,-2.4473876953125,-2.0870361328125,
0.723,4.2391357421875,-1.8468017578125,-2.8077392578125,
0.7235,3.8787841796875,-0.8858642578125,-3.3282470703125,
0.724,3.6785888671875,-0.2452392578125,-3.8087158203125,
0.7245,2.7576904296875,0.7557373046875,-3.8487548828125,
0.725,2.4373779296875,1.3563232421875,-4.1290283203125,
0.7255,1.6365966796875,2.4373779296875,-4.4493408203125,
0.726,0.9158935546875,2.8778076171875,-4.1690673828125,
0.7265,0.2752685546875,3.5584716796875,-4.0889892578125,
0.727,-0.6055908203125,3.7186279296875,-3.3282470703125,
0.7275,-1.4464111328125,3.8787841796875,-2.7276611328125,
0.728,-2.4073486328125,4.0389404296875,-1.9268798828125,
0.7285,-3.4083251953125,4.3192138671875,-1.2061767578125,
0.729,-3.7686767578125,3.8787841796875,-0.4053955078125,
0.7295,-4.3292236328125,3.8787841796875,0.1151123046875,
0.73,-4.2891845703125,2.9178466796875,0.9959716796875,
0.7305,-4.4893798828125,2.5574951171875,1.5965576171875,
0.731,-4.7296142578125,1.6766357421875,2.6375732421875,
0.7315,-4.6495361328125,0.9559326171875,3.2781982421875,
0.732,-4.3292236328125,0.0350341796875,3.8787841796875,
0.7325,-3.8887939453125,-0.7257080078125,4.1590576171875,
0.733,-3.0479736328125,-1.7266845703125,4.1990966796875,
0.7335,-2.5274658203125,-2.4473876953125,4.4393310546875,
0.734,-1.7266845703125,-3.5284423828125,4.5994873046875,
0.7345,-0.8458251953125,-3.8487548828125,4.1590576171875,
0.735,-0.2452392578125,-4.4493408203125,4.1190185546875,
0.7355,0.8758544921875,-4.4893798828125,3.0780029296875,
0.736,1.6766357421875,-4.6895751953125,2.4774169921875,
0.7365,2.7176513671875,-4.8096923828125,1.5965576171875,
0.737,3.5584716796875,-4.9298095703125,0.8358154296875,
0.7375,3.8787841796875,-4.4093017578125,0.0350341796875,
0.738,4.2391357421875,-4.2091064453125,-0.5655517578125,
0.7385,4.3192138671875,-3.1680908203125,-1.6065673828125,
0.739,4.3992919921875,-2.6876220703125,-2.1671142578125,
0.7395,4.5994873046875,-1.7667236328125,-3.2481689453125,
0.74,4.2391357421875,-0.8858642578125,-3.7686767578125,
0.7405,3.8787841796875,0.0350341796875,-4.2091064453125,
0.741,3.1580810546875,0.8758544921875,-4.4493408203125,
0.7415,2.2772216796875,1.8367919921875,-4.4893798828125,
0.742,1.7166748046875,2.5174560546875,-4.6094970703125,
0.7425,0.9158935546875,3.5184326171875,-4.7296142578125,
0.743,0.0350341796875,3.7987060546875,-4.0089111328125,
0.7435,-0.6055908203125,4.2391357421875,-3.8887939453125,
0.744,-1.9268798828125,4.3192138671875,-2.6475830078125,
0.7445,-2.6475830078125,4.4793701171875,-2.0870361328125,
0.745,-3.6885986328125,4.4793701171875,-1.1260986328125,
0.7455,-4.3292236328125,4.3992919921875,-0.3653564453125,
0.746,-4.5694580078125,3.8387451171875,0.4354248046875,
0.7465,-4.8096923828125,3.4383544921875,1.0360107421875,
0.747,-4.8897705078125,2.3973388671875,2.1571044921875,
0.7475,-4.9298095703125,1.8367919921875,2.6776123046875,
0.748,-5.0899658203125,0.9559326171875,3.7586669921875,
0.7485,-4.4893798828125,-0.0450439453125,4.1190185546875,
0.749,-4.2491455078125,-0.8858642578125,4.5594482421875,
0.7495,-3.2882080078125,-1.9268798828125,4.6395263671875,
0.75,-2.5274658203125,-2.8477783203125,4.7596435546875,
0.7505,-1.7667236328125,-3.4884033203125,4.6795654296875,
0.751,-0.9659423828125,-4.4093017578125,4.7196044921875,
0.7515,0.0350341796875,-4.5694580078125,3.9989013671875,
0.752,0.6756591796875,-5.0098876953125,3.7586669921875,
0.7525,2.0770263671875,-5.0098876953125,2.3973388671875,
0.753,2.7576904296875,-5.0899658203125,1.7967529296875,
0.7535,3.7186279296875,-5.0499267578125,0.8358154296875,
0.754,4.3192138671875,-4.8096923828125,0.0350341796875,
0.7545,4.5194091796875,-4.2491455078125,-0.7257080078125,
0.755,4.6395263671875,-3.6885986328125,-1.5264892578125,
0.7555,4.7596435546875,-2.6075439453125,-2.5675048828125,
0.756,4.6395263671875,-1.9268798828125,-3.0880126953125,
0.7565,4.7596435546875,-1.0860595703125,-4.0889892578125,
0.757,3.9588623046875,0.0350341796875,-4.3292236328125,
0.7575,3.5985107421875,0.7156982421875,-4.6895751953125,
0.758,2.5174560546875,1.9168701171875,-4.7296142578125,
0.7585,1.8768310546875,2.7176513671875,-4.8497314453125,
0.759,0.9959716796875,3.3983154296875,-4.6895751953125,
0.7595,0.1951904296875,4.1590576171875,-4.6094970703125,
0.76,-0.7657470703125,4.3192138671875,-3.8087158203125,
0.7605,-1.4864501953125,4.6395263671875,-3.4083251953125,
0.761,-2.8477783203125,4.6395263671875,-2.0469970703125,
0.7615,-3.5284423828125,4.6395263671875,-1.4464111328125,
0.762,-4.4493408203125,4.5594482421875,-0.4854736328125,
0.7625,-4.8096923828125,4.1590576171875,0.3153076171875,
0.763,-4.9698486328125,3.5985107421875,1.0360107421875,
0.7635,-5.0499267578125,2.8377685546875,1.9168701171875,
0.764,-5.2501220703125,1.9569091796875,2.8778076171875,
0.7645,-4.9698486328125,1.1561279296875,3.4383544921875,
0.765,-5.0899658203125,0.3153076171875,4.3592529296875,
0.7655,-4.1690673828125,-0.8858642578125,4.5194091796875,
0.766,-3.8487548828125,-1.5264892578125,4.8397216796875,
0.7665,-2.6876220703125,-2.6876220703125,4.8397216796875,
0.767,-2.0469970703125,-3.4483642578125,4.9598388671875,
0.7675,-1.1260986328125,-4.1690673828125,4.6395263671875,
0.768,-0.2852783203125,-4.8096923828125,4.5194091796875,
0.7685,0.6356201171875,-4.9298095703125,3.7186279296875,
0.769,1.4764404296875,-5.1300048828125,3.1580810546875,
0.7695,2.8778076171875,-5.2501220703125,1.9168701171875,
0.77,3.4783935546875,-5.1300048828125,1.1961669921875,
0.7705,4.3192138671875,-5.0899658203125,0.2752685546875,
0.771,4.5594482421875,-4.5294189453125,-0.5655517578125,
0.7715,4.7596435546875,-3.9688720703125,-1.2462158203125,
0.772,4.7596435546875,-3.0479736328125,-2.2071533203125,
0.7725,4.9998779296875,-2.2471923828125,-3.1680908203125,
0.773,4.5594482421875,-1.2862548828125,-3.6885986328125,
0.7735,4.6395263671875,-0.4854736328125,-4.5294189453125,
0.774,3.5584716796875,0.6356201171875,-4.6094970703125,
0.7745,3.1981201171875,1.3563232421875,-4.8096923828125,
0.775,1.9569091796875,2.5975341796875,-4.8497314453125,
0.7755,1.4364013671875,3.2781982421875,-4.9298095703125,
0.776,0.3953857421875,3.9188232421875,-4.5694580078125,
0.7765,-0.3653564453125,4.4393310546875,-4.2891845703125,
0.777,-1.2462158203125,4.4793701171875,-3.4483642578125,
0.7775,-2.1671142578125,4.6395263671875,-2.7677001953125,
0.778,-3.5284423828125,4.8397216796875,-1.6065673828125,
0.7785,-4.0089111328125,4.5194091796875,-0.8057861328125,
0.779,-4.8096923828125,4.5194091796875,0.0350341796875,
0.7795,-4.8897705078125,3.7586669921875,0.7957763671875,
0.78,-5.0499267578125,3.2381591796875,1.4364013671875,
0.7805,-5.0899658203125,2.2371826171875,2.4373779296875,
0.781,-5.2501220703125,1.5164794921875,3.2781982421875,
0.7815,-4.8096923828125,0.5155029296875,3.8387451171875,
0.782,-4.8096923828125,-0.2852783203125,4.5194091796875,
0.7825,-3.7686767578125,-1.2862548828125,4.5194091796875,
0.783,-3.4083251953125,-1.9268798828125,4.7996826171875,
0.7835,-2.2471923828125,-3.1680908203125,4.8397216796875,
0.784,-1.6065673828125,-3.6885986328125,4.7596435546875,
0.7845,-0.6456298828125,-4.4093017578125,4.5194091796875,
0.785,0.1551513671875,-4.7696533203125,4.0789794921875,
0.7855,0.9959716796875,-4.8497314453125,3.3182373046875,
0.786,1.9569091796875,-4.9698486328125,2.5174560546875,
0.7865,3.1580810546875,-5.2100830078125,1.5565185546875,
0.787,3.5584716796875,-4.8096923828125,0.7156982421875,
0.7875,4.3192138671875,-4.8497314453125,0.0350341796875,
0.788,4.3592529296875,-4.0489501953125,-0.7657470703125,
0.7885,4.5194091796875,-3.6485595703125,-1.3663330078125,
0.789,4.5594482421875,-2.6475830078125,-2.4874267578125,
0.7895,4.6795654296875,-1.9669189453125,-3.2081298828125,
0.79,4.3192138671875,-0.9659423828125,-3.8087158203125,
0.7905,4.1190185546875,-0.1251220703125,-4.3292236328125,
0.791,3.1580810546875,0.8758544921875,-4.3292236328125,
0.7915,2.7176513671875,1.5565185546875,-4.5294189453125,
0.792,1.7967529296875,2.7176513671875,-4.8096923828125,
0.7925,1.1160888671875,3.1580810546875,-4.4893798828125,
0.793,0.3153076171875,3.8787841796875,-4.4493408203125,
0.7935,-0.5655517578125,4.0389404296875,-3.7286376953125,
0.794,-1.3262939453125,4.2391357421875,-3.1680908203125,
0.7945,-2.4073486328125,4.3592529296875,-2.2471923828125,
0.795,-3.4483642578125,4.5594482421875,-1.4464111328125,
0.7955,-3.8487548828125,4.1190185546875,-0.5655517578125,
0.796,-4.4893798828125,4.1590576171875,0.0350341796875,
0.7965,-4.4893798828125,3.2781982421875,0.8358154296875,
0.797,-4.6495361328125,2.8778076171875,1.3963623046875,
0.7975,-4.8497314453125,1.9569091796875,2.4774169921875,
0.798,-4.8096923828125,1.3162841796875,3.0780029296875,
0.7985,-4.5694580078125,0.3553466796875,3.7987060546875,
0.799,-4.1690673828125,-0.4053955078125,4.1590576171875,
0.7995,-3.4884033203125,-1.2862548828125,4.2391357421875,
0.8,-2.8878173828125,-2.0469970703125,4.3992919921875,
0.8005,-2.1270751953125,-3.0880126953125,4.6395263671875,
0.801,-1.3262939453125,-3.4884033203125,4.2391357421875,
0.8015,-0.6856689453125,-4.1690673828125,4.3592529296875,
0.802,0.2752685546875,-4.2091064453125,3.4383544921875,
0.8025,0.9559326171875,-4.4893798828125,3.0780029296875,
0.803,2.0770263671875,-4.6495361328125,2.0369873046875,
0.8035,2.9178466796875,-4.8096923828125,1.4364013671875,
0.804,3.3983154296875,-4.4893798828125,0.5955810546875,
0.8045,3.8787841796875,-4.4493408203125,0.0750732421875,
0.805,3.9188232421875,-3.6885986328125,-0.7657470703125,
0.8055,4.1190185546875,-3.2081298828125,-1.4063720703125,
0.806,4.4393310546875,-2.4874267578125,-2.4874267578125,
0.8065,4.1590576171875,-1.6466064453125,-2.9278564453125,
0.807,4.1190185546875,-0.8057861328125,-3.6885986328125,
0.8075,3.3983154296875,0.0350341796875,-3.8087158203125,
0.808,2.9578857421875,0.7957763671875,-4.0489501953125,
0.8085,2.2772216796875,1.6365966796875,-4.2091064453125,
0.809,1.7166748046875,2.5174560546875,-4.4893798828125,
0.8095,0.8758544921875,2.8778076171875,-4.0489501953125,
0.81,0.3553466796875,3.5184326171875,-4.1290283203125,
0.8105,-0.6055908203125,3.5584716796875,-3.1680908203125,
0.811,-1.3262939453125,3.8787841796875,-2.8477783203125,
0.8115,-2.5274658203125,4.0789794921875,-1.8868408203125,
0.812,-3.1280517578125,4.0789794921875,-1.2862548828125,
0.8125,-3.6885986328125,3.9188232421875,-0.5655517578125,
0.813,-3.9688720703125,3.5985107421875,0.0350341796875,
0.8135,-4.0889892578125,2.9578857421875,0.7156982421875,
0.814,-4.2891845703125,2.4373779296875,1.3963623046875,
0.8145,-4.6495361328125,1.8768310546875,2.4373779296875,
0.815,-4.2891845703125,1.0360107421875,2.8778076171875,
0.8155,-4.4493408203125,0.3953857421875,3.5985107421875,
0.816,-3.5284423828125,-0.5655517578125,3.6385498046875,
0.8165,-3.3282470703125,-1.1260986328125,3.9989013671875,
0.817,-2.5274658203125,-2.1671142578125,4.1590576171875,
0.8175,-2.0469970703125,-2.8077392578125,4.3592529296875,
0.818,-1.2462158203125,-3.3282470703125,3.9989013671875,
0.8185,-0.6456298828125,-3.8087158203125,3.9188232421875,
0.819,0.3153076171875,-3.8887939453125,3.0780029296875,
0.8195,1.0360107421875,-4.2491455078125,2.6375732421875,
0.82,2.1971435546875,-4.5294189453125,1.8367919921875,
0.8205,2.6375732421875,-4.4093017578125,1.3162841796875,
0.821,3.3182373046875,-4.4493408203125,0.5955810546875,
0.8215,3.3983154296875,-3.8487548828125,-0.0450439453125,
0.822,3.7186279296875,-3.4483642578125,-0.7657470703125,
0.8225,3.8787841796875,-2.8077392578125,-1.5665283203125,
0.823,4.1590576171875,-2.2471923828125,-2.3673095703125,
0.8235,3.7586669921875,-1.3262939453125,-2.8477783203125,
0.824,3.7987060546875,-0.7657470703125,-3.4884033203125,
0.8245,2.9178466796875,0.2352294921875,-3.5284423828125,
0.825,2.7176513671875,0.8358154296875,-3.8487548828125,
0.8255,1.9969482421875,1.8367919921875,-4.1290283203125,
0.826,1.4364013671875,2.3172607421875,-4.0889892578125,
0.8265,0.7557373046875,2.9178466796875,-3.9688720703125,
0.827,0.0750732421875,3.1981201171875,-3.5284423828125,
0.8275,-0.8057861328125,3.3983154296875,-2.8878173828125,
0.828,-1.6466064453125,3.7186279296875,-2.3673095703125,
0.8285,-2.6075439453125,4.0789794921875,-1.6065673828125,
0.829,-3.0479736328125,3.6785888671875,-0.9659423828125,
0.8295,-3.6485595703125,3.8387451171875,-0.5655517578125,
0.83,-3.6885986328125,3.0780029296875,0.3153076171875,
0.8305,-4.0089111328125,2.8377685546875,0.8758544921875,
0.831,-4.2491455078125,2.0770263671875,1.7967529296875,
0.8315,-4.4493408203125,1.5965576171875,2.4774169921875,
0.832,-4.1290283203125,0.6356201171875,3.0379638671875,
0.8325,-4.0089111328125,0.0750732421875,3.4783935546875,
0.833,-3.2081298828125,-0.8458251953125,3.5985107421875,
0.8335,-2.9278564453125,-1.5264892578125,3.9588623046875,
0.834,-2.2471923828125,-2.5274658203125,4.1990966796875,
0.8345,-1.5665283203125,-2.9278564453125,3.9989013671875,
0.835,-0.9659423828125,-3.5684814453125,3.9989013671875,
0.8355,-0.1251220703125,-3.7286376953125,3.2781982421875,
0.836,0.6756591796875,-4.0089111328125,2.7977294921875,
0.8365,1.7166748046875,-4.2491455078125,2.0770263671875,
0.837,2.5174560546875,-4.5694580078125,1.4764404296875,
0.8375,2.9178466796875,-4.2091064453125,0.7557373046875,
0.838,3.3983154296875,-4.1690673828125,0.3553466796875,
0.8385,3.4783935546875,-3.3682861328125,-0.5655517578125,
0.839,3.7987060546875,-3.0880126953125,-1.2061767578125,
0.8395,4.0389404296875,-2.3272705078125,-2.1671142578125,
0.84,3.9188232421875,-1.6466064453125,-2.6876220703125,
0.8405,3.7186279296875,-0.8057861328125,-3.2481689453125,
0.841,3.1981201171875,-0.0850830078125,-3.5284423828125,
0.8415,2.6375732421875,0.7957763671875,-3.7286376953125,
0.842,2.2371826171875,1.4764404296875,-4.0089111328125,
0.8425,1.5965576171875,2.3572998046875,-4.2091064453125,
0.843,0.7957763671875,2.7576904296875,-3.8087158203125,
0.8435,0.3153076171875,3.2781982421875,-3.8487548828125,
0.844,-0.7657470703125,3.3182373046875,-2.8878173828125,
0.8445,-1.4464111328125,3.6785888671875,-2.5675048828125,
0.845,-2.4874267578125,3.8387451171875,-1.6866455078125,
0.8455,-3.1280517578125,3.8787841796875,-1.1661376953125,
0.846,-3.5284423828125,3.6385498046875,-0.4454345703125,
0.8465,-3.8087158203125,3.4383544921875,0.0350341796875,
0.847,-3.9688720703125,2.6776123046875,0.9158935546875,
0.8475,-4.2091064453125,2.2772216796875,1.5565185546875,
0.848,-4.4893798828125,1.5965576171875,2.5174560546875,
0.8485,-4.1690673828125,0.7957763671875,2.9979248046875,
0.849,-4.1290283203125,0.1151123046875,3.5985107421875,
0.8495,-3.3682861328125,-0.7657470703125,3.6785888671875,
0.85,-2.9278564453125,-1.5264892578125,3.9989013671875,
0.8505,-2.2872314453125,-2.3673095703125,4.1590576171875,
0.851,-1.6866455078125,-3.1680908203125,4.2791748046875,
0.8515,-0.8858642578125,-3.5284423828125,3.8787841796875,
0.852,-0.2852783203125,-3.9688720703125,3.7586669921875,
0.8525,0.8358154296875,-4.1290283203125,2.6375732421875,
0.853,1.5565185546875,-4.4493408203125,2.2772216796875,
0.8535,2.5975341796875,-4.6094970703125,1.4364013671875,
0.854,3.1580810546875,-4.4093017578125,0.7957763671875,
0.8545,3.5184326171875,-4.1690673828125,0.1551513671875,
0.855,3.7186279296875,-3.6885986328125,-0.5655517578125,
0.8555,3.8787841796875,-3.0079345703125,-1.4063720703125,
0.856,3.9989013671875,-2.4073486328125,-2.0469970703125,
0.8565,4.2391357421875,-1.7266845703125,-2.9678955078125,
0.857,3.6785888671875,-0.7257080078125,-3.3282470703125,
0.8575,3.5584716796875,-0.0850830078125,-3.8087158203125,
0.858,2.5574951171875,0.9559326171875,-3.8487548828125,
0.8585,2.2371826171875,1.6365966796875,-4.1690673828125,
0.859,1.4764404296875,2.4373779296875,-4.2091064453125,
0.8595,0.8358154296875,3.0780029296875,-4.1690673828125,
0.86,0.0750732421875,3.3582763671875,-3.6885986328125,
0.8605,-0.6456298828125,3.6785888671875,-3.3682861328125,
0.861,-1.8067626953125,3.7987060546875,-2.2872314453125,
0.8615,-2.4874267578125,3.9989013671875,-1.8468017578125,
0.862,-3.4483642578125,4.1190185546875,-1.0059814453125,
0.8625,-3.8087158203125,3.7987060546875,-0.2852783203125,
0.863,-4.1290283203125,3.5584716796875,0.3153076171875,
0.8635,-4.2091064453125,2.7977294921875,1.1160888671875,
0.864,-4.4893798828125,2.2772216796875,1.8768310546875,
0.8645,-4.4893798828125,1.5164794921875,2.5574951171875,
0.865,-4.6495361328125,0.8358154296875,3.3983154296875,
0.8655,-3.9688720703125,-0.2052001953125,3.6785888671875,
0.866,-3.8087158203125,-0.7657470703125,4.1190185546875,
0.8665,-2.7276611328125,-1.9268798828125,4.1190185546875,
0.867,-2.4073486328125,-2.5274658203125,4.3992919921875,
0.8675,-1.5264892578125,-3.3282470703125,4.3592529296875,
0.868,-0.7657470703125,-3.8887939453125,4.1590576171875,
0.8685,0.0350341796875,-4.2091064453125,3.6785888671875,
0.869,0.8758544921875,-4.4893798828125,3.0780029296875,
0.8695,1.9569091796875,-4.6094970703125,2.1971435546875,
0.87,2.6776123046875,-4.6495361328125,1.4764404296875,
0.8705,3.5584716796875,-4.8096923828125,0.7156982421875,
0.871,3.8387451171875,-4.2491455078125,-0.0450439453125,
0.8715,4.1190185546875,-3.9688720703125,-0.6055908203125,
0.872,4.1990966796875,-3.0479736328125,-1.6466064453125,
0.8725,4.4393310546875,-2.4874267578125,-2.4073486328125,
0.873,4.2791748046875,-1.5665283203125,-3.1280517578125,
0.8735,4.3192138671875,-0.8057861328125,-3.8487548828125,
0.874,3.4383544921875,0.2752685546875,-4.0089111328125,
0.8745,3.1580810546875,0.9158935546875,-4.3692626953125,
0.875,2.0369873046875,2.1170654296875,-4.4493408203125,
0.8755,1.5965576171875,2.6776123046875,-4.5294189453125,
0.876,0.7156982421875,3.4783935546875,-4.4493408203125,
0.8765,-0.0850830078125,3.8787841796875,-4.0889892578125,
0.877,-0.8858642578125,4.0389404296875,-3.5284423828125,
0.8775,-1.8468017578125,4.2391357421875,-2.6876220703125,
0.878,-3.0479736328125,4.4793701171875,-1.7266845703125,
0.8785,-3.6485595703125,4.2391357421875,-0.9259033203125,
0.879,-4.4093017578125,4.3192138671875,-0.2452392578125,
0.8795,-4.4893798828125,3.5985107421875,0.5955810546875,
0.88,-4.7296142578125,3.1981201171875,1.1561279296875,
0.8805,-4.8096923828125,2.1971435546875,2.2772216796875,
0.881,-4.9298095703125,1.5965576171875,2.9578857421875,
0.8815,-4.6895751953125,0.6356201171875,3.6385498046875,
0.882,-4.5294189453125,-0.1651611328125,4.2391357421875,
0.8825,-3.6885986328125,-1.1260986328125,4.3592529296875,
0.883,-3.2481689453125,-1.8468017578125,4.5594482421875,
0.8835,-2.2071533203125,-3.0479736328125,4.7196044921875,
0.884,-1.5665283203125,-3.5284423828125,4.5594482421875,
0.8845,-0.6856689453125,-4.3692626953125,4.5194091796875,
0.885,0.1551513671875,-4.6495361328125,3.8787841796875,
0.8855,0.9559326171875,-4.8497314453125,3.3182373046875,
0.886,2.0369873046875,-4.8897705078125,2.3172607421875,
0.8865,3.1580810546875,-5.1300048828125,1.5164794921875,
0.887,3.7186279296875,-4.8096923828125,0.6356201171875,
0.8875,4.3992919921875,-4.8096923828125,-0.0450439453125,
0.888,4.4393310546875,-4.0089111328125,-0.9259033203125,
0.8885,4.5594482421875,-3.5284423828125,-1.4864501953125,
0.889,4.7596435546875,-2.4874267578125,-2.6876220703125,
0.8895,4.7196044921875,-1.7667236328125,-3.3282470703125,
0.89,4.4393310546875,-0.7657470703125,-4.0889892578125,
0.8905,4.0389404296875,0.1551513671875,-4.5294189453125,
0.891,3.1580810546875,1.1160888671875,-4.5294189453125,
0.8915,2.5574951171875,1.8768310546875,-4.7296142578125,
0.892,1.5965576171875,3.0780029296875,-4.9698486328125,
0.8925,0.7957763671875,3.5184326171875,-4.5294189453125,
0.893,0.0350341796875,4.2391357421875,-4.5294189453125,
0.8935,-0.9259033203125,4.3192138671875,-3.7286376953125,
0.894,-1.7266845703125,4.5194091796875,-3.1280517578125,
0.8945,-2.8878173828125,4.5994873046875,-1.9669189453125,
0.895,-3.9288330078125,4.7596435546875,-1.1260986328125,
0.8955,-4.4093017578125,4.2391357421875,-0.1651611328125,
0.896,-4.9698486328125,4.1990966796875,0.3953857421875,
0.8965,-4.8897705078125,3.2381591796875,1.3162841796875,
0.897,-4.9698486328125,2.7176513671875,1.9569091796875,
0.8975,-5.1700439453125,1.6766357421875,3.1580810546875,
0.898,-4.9698486328125,0.9158935546875,3.6785888671875,
0.8985,-4.7696533203125,-0.0850830078125,4.3592529296875,
0.899,-4.2091064453125,-0.9659423828125,4.6795654296875,
0.8995,-3.4483642578125,-1.8067626953125,4.7196044921875,
0.9,-2.6876220703125,-2.6876220703125,4.7996826171875,
0.9005,-1.7667236328125,-3.8487548828125,4.9998779296875,
0.901,-0.8057861328125,-4.2491455078125,4.4793701171875,
0.9015,-0.1651611328125,-4.9698486328125,4.5194091796875,
0.902,0.8358154296875,-4.8497314453125,3.4783935546875,
0.9025,1.5965576171875,-5.0899658203125,2.9178466796875,
0.903,2.9178466796875,-5.1700439453125,1.7967529296875,
0.9035,3.7987060546875,-5.2501220703125,0.9559326171875,
0.904,4.2391357421875,-4.8096923828125,0.0350341796875,
0.9045,4.6795654296875,-4.6094970703125,-0.6055908203125,
0.905,4.6395263671875,-3.6085205078125,-1.5264892578125,
0.9055,4.7596435546875,-3.0079345703125,-2.2071533203125,
0.906,5.0399169921875,-2.0469970703125,-3.4083251953125,
0.9065,4.5594482421875,-1.1260986328125,-3.8887939453125,
0.907,4.3992919921875,-0.1651611328125,-4.6094970703125,
0.9075,3.5584716796875,0.8358154296875,-4.7296142578125,
0.908,2.8377685546875,1.6766357421875,-4.8096923828125,
0.9085,1.9569091796875,2.5975341796875,-4.8497314453125,
0.909,1.1561279296875,3.6385498046875,-5.0899658203125,
0.9095,0.1551513671875,3.9588623046875,-4.4093017578125,
0.91,-0.4854736328125,4.5994873046875,-4.4093017578125,
0.9105,-1.6466064453125,4.5194091796875,-3.1680908203125,
0.911,-2.3673095703125,4.6795654296875,-2.5675048828125,
0.9115,-3.6885986328125,4.8397216796875,-1.4063720703125,
0.912,-4.4093017578125,4.6395263671875,-0.6055908203125,
0.9125,-4.8096923828125,4.1990966796875,0.2752685546875,
0.913,-5.0899658203125,3.8387451171875,0.9559326171875,
0.9135,-5.0499267578125,2.8377685546875,1.8768310546875,
0.914,-5.0899658203125,2.2371826171875,2.5174560546875,
0.9145,-5.3702392578125,1.2762451171875,3.7186279296875,
0.915,-4.7296142578125,0.2752685546875,4.0789794921875,
0.9155,-4.6495361328125,-0.5255126953125,4.7196044921875,
0.916,-3.6085205078125,-1.5665283203125,4.6795654296875,
0.9165,-3.0479736328125,-2.3673095703125,4.8397216796875,
0.917,-2.0870361328125,-3.3282470703125,4.8397216796875,
0.9175,-1.2462158203125,-4.2491455078125,4.8797607421875,
0.918,-0.3253173828125,-4.4893798828125,4.2391357421875,
0.9185,0.2752685546875,-5.0098876953125,4.1590576171875,
0.919,1.5164794921875,-4.9298095703125,2.8778076171875,
0.9195,2.1971435546875,-5.0899658203125,2.3973388671875,
0.92,3.4783935546875,-5.2501220703125,1.3162841796875,
0.9205,3.9989013671875,-4.9298095703125,0.4754638671875,
0.921,4.4393310546875,-4.6895751953125,-0.2852783203125,
0.9215,4.5594482421875,-4.0089111328125,-1.0059814453125,
0.922,4.6395263671875,-3.1680908203125,-1.8868408203125,
0.9225,4.6395263671875,-2.4874267578125,-2.5675048828125,
0.923,4.9197998046875,-1.6866455078125,-3.6485595703125,
0.9235,4.1590576171875,-0.6055908203125,-3.9688720703125,
0.924,4.1190185546875,0.1551513671875,-4.5694580078125,
0.9245,2.9178466796875,1.2762451171875,-4.4893798828125,
0.925,2.5174560546875,1.9168701171875,-4.7296142578125,
0.9255,1.5965576171875,2.8778076171875,-4.8096923828125,
0.926,0.7957763671875,3.6385498046875,-4.6495361328125,
0.9265,-0.0850830078125,3.9989013671875,-4.1290283203125,
0.927,-0.7657470703125,4.3192138671875,-3.8087158203125,
0.9275,-1.9268798828125,4.3592529296875,-2.6475830078125,
0.928,-2.6075439453125,4.4793701171875,-2.1270751953125,
0.9285,-3.8087158203125,4.6395263671875,-1.1260986328125,
0.929,-4.1690673828125,4.1590576171875,-0.2852783203125,
0.9295,-4.6495361328125,4.0389404296875,0.3153076171875,
0.93,-4.6495361328125,3.1981201171875,1.1561279296875,
0.9305,-4.8096923828125,2.5574951171875,1.9168701171875,
0.931,-4.8096923828125,1.7967529296875,2.7176513671875,
0.9315,-5.0499267578125,1.0360107421875,3.5584716796875,
0.932,-4.3292236328125,-0.0450439453125,3.8787841796875,
0.9325,-4.2491455078125,-0.6456298828125,4.4393310546875,
0.933,-3.0880126953125,-1.7667236328125,4.3192138671875,
0.9335,-2.7677001953125,-2.4073486328125,4.5194091796875,
0.934,-1.8067626953125,-3.3282470703125,4.6395263671875,
0.9345,-1.0059814453125,-3.8887939453125,4.3592529296875,
0.935,-0.2852783203125,-4.3292236328125,4.0389404296875,
0.9355,0.5555419921875,-4.4893798828125,3.4383544921875,
0.936,1.5565185546875,-4.6094970703125,2.5574951171875,
0.9365,2.2772216796875,-4.7696533203125,1.9569091796875,
0.937,3.3182373046875,-4.9698486328125,1.1561279296875,
0.9375,3.6385498046875,-4.4493408203125,0.3153076171875,
0.938,4.1190185546875,-4.4093017578125,-0.2052001953125,
0.9385,4.1190185546875,-3.3682861328125,-1.1661376953125,
0.939,4.3192138671875,-3.0079345703125,-1.8067626953125,
0.9395,4.3592529296875,-2.0870361328125,-2.6876220703125,
0.94,4.3992919921875,-1.4464111328125,-3.3682861328125,
0.9405,3.7586669921875,-0.4454345703125,-3.7686767578125,
0.941,3.5184326171875,0.2352294921875,-4.1290283203125,
0.9415,2.5574951171875,1.2762451171875,-4.1690673828125,
0.942,2.2371826171875,1.9168701171875,-4.4093017578125,
0.9425,1.3563232421875,2.8778076171875,-4.5294189453125,
0.943,0.5955810546875,3.2381591796875,-4.0889892578125,
0.9435,-0.0450439453125,3.7186279296875,-3.9288330078125,
0.944,-1.0460205078125,3.8387451171875,-3.0479736328125,
0.9445,-1.9268798828125,4.0389404296875,-2.4473876953125,
0.945,-2.7276611328125,4.1190185546875,-1.6466064453125,
0.9455,-3.5284423828125,4.2391357421875,-1.0059814453125,
0.946,-3.8087158203125,3.7186279296875,-0.2452392578125,
0.9465,-4.2091064453125,3.6385498046875,0.2352294921875,
0.947,-4.2091064453125,2.6776123046875,1.2362060546875,
0.9475,-4.4893798828125,2.3572998046875,1.7967529296875,
0.948,-4.6094970703125,1.5565185546875,2.6776123046875,
0.9485,-4.4093017578125,0.7957763671875,3.1981201171875,
0.949,-4.0889892578125,-0.0850830078125,3.6785888671875,
0.9495,-3.5684814453125,-0.7657470703125,3.8387451171875,
0.95,-2.8878173828125,-1.6466064453125,4.0389404296875,
0.9505,-2.4473876953125,-2.2471923828125,4.1990966796875,
0.951,-1.7667236328125,-3.1680908203125,4.3592529296875,
0.9515,-0.9659423828125,-3.5284423828125,3.8787841796875,
0.952,-0.3653564453125,-4.0089111328125,3.8387451171875,
0.9525,0.7156982421875,-4.0489501953125,2.8377685546875,
0.953,1.4364013671875,-4.4493408203125,2.4774169921875,
0.9535,2.3572998046875,-4.4893798828125,1.5965576171875,
0.954,2.9578857421875,-4.5294189453125,1.0760498046875,
0.9545,3.3582763671875,-4.1690673828125,0.3553466796875,
0.955,3.5985107421875,-3.8887939453125,-0.2052001953125,
0.9555,3.7987060546875,-3.1280517578125,-1.1260986328125,
0.956,3.9989013671875,-2.6876220703125,-1.7667236328125,
0.9565,4.1990966796875,-2.0069580078125,-2.6876220703125,
0.957,3.7987060546875,-1.1260986328125,-3.1280517578125,
0.9575,3.5985107421875,-0.4454345703125,-3.6085205078125,
0.958,2.8778076171875,0.4754638671875,-3.6885986328125,
0.9585,2.4373779296875,1.2362060546875,-4.0489501953125,
0.959,1.8768310546875,1.9569091796875,-4.1290283203125,
0.9595,1.2762451171875,2.6776123046875,-4.2091064453125,
0.96,0.4754638671875,2.9979248046875,-3.7686767578125,
0.9605,-0.1651611328125,3.4383544921875,-3.5684814453125,
0.961,-1.2462158203125,3.5184326171875,-2.5274658203125,
0.9615,-1.9268798828125,3.8787841796875,-2.2471923828125,
0.962,-2.8477783203125,3.9188232421875,-1.3663330078125,
0.9625,-3.2481689453125,3.8387451171875,-0.8057861328125,
0.963,-3.6485595703125,3.5184326171875,-0.2052001953125,
0.9635,-3.8087158203125,3.0780029296875,0.3953857421875,
0.964,-4.1290283203125,2.5174560546875,1.2762451171875,
0.9645,-4.2091064453125,1.9168701171875,1.8768310546875,
0.965,-4.4893798828125,1.3162841796875,2.7176513671875,
0.9655,-3.9288330078125,0.3953857421875,3.0780029296875,
0.966,-3.8887939453125,-0.1651611328125,3.5985107421875,
0.9665,-3.0479736328125,-1.1260986328125,3.6385498046875,
0.967,-2.8477783203125,-1.7667236328125,4.0389404296875,
0.9675,-2.0469970703125,-2.5274658203125,4.0389404296875,
0.968,-1.4864501953125,-3.1680908203125,4.0789794921875,
0.9685,-0.6856689453125,-3.5284423828125,3.6785888671875,
0.969,0.0350341796875,-3.8487548828125,3.2781982421875,
0.9695,1.0360107421875,-4.0489501953125,2.4373779296875,
0.97,1.7967529296875,-4.3292236328125,2.0369873046875,
0.9705,2.6375732421875,-4.4493408203125,1.3162841796875,
0.971,3.0379638671875,-4.1690673828125,0.6756591796875,
0.9715,3.4383544921875,-4.0089111328125,0.1151123046875,
0.972,3.5184326171875,-3.3282470703125,-0.6856689453125,
0.9725,3.8787841796875,-2.9278564453125,-1.4464111328125,
0.973,3.8787841796875,-2.2071533203125,-2.2071533203125,
0.9735,4.0789794921875,-1.6065673828125,-2.9678955078125,
0.974,3.3983154296875,-0.6055908203125,-3.2081298828125,
0.9745,3.2781982421875,0.0350341796875,-3.6885986328125,
0.975,2.3973388671875,1.1160888671875,-3.8087158203125,
0.9755,2.1971435546875,1.6365966796875,-4.1290283203125,
0.976,1.3563232421875,2.4774169921875,-4.0889892578125,
0.9765,0.7156982421875,2.9178466796875,-3.8887939453125,
0.977,0.0350341796875,3.2381591796875,-3.5284423828125,
0.9775,-0.8858642578125,3.4783935546875,-2.8878173828125,
0.978,-1.9268798828125,3.7987060546875,-2.1671142578125,
0.9785,-2.5675048828125,3.8387451171875,-1.5665283203125,
0.979,-3.3282470703125,3.9588623046875,-0.9659423828125,
0.9795,-3.5684814453125,3.4783935546875,-0.2452392578125,
0.98,-3.8887939453125,3.2781982421875,0.2752685546875,
0.9805,-3.9688720703125,2.4373779296875,1.1561279296875,
0.981,-4.2891845703125,2.0770263671875,1.8367919921875,
0.9815,-4.2491455078125,1.2762451171875,2.5574951171875,
0.982,-4.2491455078125,0.6356201171875,3.1981201171875,
0.9825,-3.6885986328125,-0.2852783203125,3.4783935546875,
0.983,-3.3682861328125,-0.8458251953125,3.7586669921875,
0.9835,-2.6075439453125,-1.8868408203125,3.9188232421875,
0.984,-2.2071533203125,-2.4073486328125,4.0789794921875,
0.9845,-1.4464111328125,-3.1680908203125,4.1190185546875,
0.985,-0.7657470703125,-3.5284423828125,3.7586669921875,
0.9855,-0.0450439453125,-3.8887939453125,3.3983154296875,
0.986,0.9559326171875,-4.0889892578125,2.5975341796875,
0.9865,1.8768310546875,-4.4493408203125,2.0369873046875,
0.987,2.5174560546875,-4.3692626953125,1.3162841796875,
0.9875,3.1981201171875,-4.4893798828125,0.7957763671875,
0.988,3.3983154296875,-3.8887939453125,0.0350341796875,
0.9885,3.7186279296875,-3.6885986328125,-0.5655517578125,
0.989,3.9188232421875,-2.8477783203125,-1.5665283203125,
0.9895,4.1190185546875,-2.4073486328125,-2.2471923828125,
0.99,4.0389404296875,-1.4864501953125,-3.0079345703125,
0.9905,3.7586669921875,-0.6456298828125,-3.4884033203125,
0.991,3.1981201171875,0.1951904296875,-3.6885986328125,
0.9915,2.6375732421875,0.9559326171875,-3.9688720703125,
0.992,1.9969482421875,1.9569091796875,-4.2891845703125,
0.9925,1.3963623046875,2.4373779296875,-4.1290283203125,
0.993,0.7156982421875,3.1981201171875,-4.2091064453125,
0.9935,-0.1251220703125,3.3582763671875,-3.5284423828125,
0.994,-0.8057861328125,3.7186279296875,-3.1680908203125,
0.9945,-1.9669189453125,3.8387451171875,-2.2071533203125,
0.995,-2.8477783203125,4.1190185546875,-1.5665283203125,
0.9955,-3.4083251953125,3.8787841796875,-0.7657470703125,
0.996,-3.9688720703125,3.8787841796875,-0.2452392578125,
0.9965,-4.0089111328125,3.1580810546875,0.5155029296875,
0.997,-4.2091064453125,2.7176513671875,1.0760498046875,
0.9975,-4.4893798828125,1.9569091796875,2.1170654296875,
0.998,-4.4493408203125,1.3563232421875,2.6776123046875,
0.9985,-4.4493408203125,0.5555419921875,3.4783935546875,
0.999,-3.8887939453125,-0.2852783203125,3.7586669921875,
0.9995,-3.4884033203125,-1.0059814453125,3.9989013671875,